Crust moisture [-]
0.472655	0.568655	0.471557	0.432582	0.470701	0.470976	0.432647	0.459647	0.459505	0.459505	0.459505	0.459505	0.459505	0.49844	0.432432	0.432432	0.432198	0.432432	0.432432	0.432198	0.432198	0.450963	0.450963	0.450963	0.432198	0.432198	0.432198	0.432432	0.432432	0.432198	0.432198	0.432198	0.432198	0.432198	0.450963	0.450963	0.459647	0.432198	0.432198	0.432198	0.432198	0.432198	0.459647	0.450963	0.450963	0.450963	0.450963	0.450963	0.459647	0.432198	0.432198	0.432198	0.432198	0.432198	0.432198	0.459505	0.459505	0.432198	0.432198	0.432198	0.432198	0.432198	0.432198	0.450963	0.432198	0.432198	0.459505	0.432198	0.432198	0.432198	0.432198	0.432198	0.459505	0.459505
0.459505	0.459696	0.459505	0.432198	0.459505	0.459505	0.432198	0.459505	0.459505	0.459505	0.459505	0.459505	0.459505	0.49711	0.432198	0.432198	0.432432	0.432198	0.432198	0.432198	0.432198	0.450963	0.450963	0.450963	0.432198	0.432198	0.432198	0.432198	0.4347	0.432198	0.432198	0.432198	0.432198	0.432198	0.450963	0.450963	0.459647	0.432198	0.432198	0.432198	0.432198	0.432198	0.468466	0.450963	0.450963	0.450963	0.450963	0.450963	0.459647	0.432198	0.432198	0.432198	0.432198	0.432198	0.432198	0.459505	0.459505	0.432198	0.432198	0.432198	0.432198	0.432198	0.432198	0.450963	0.432198	0.432198	0.459505	0.432198	0.432198	0.432198	0.432198	0.432198	0.459505	0.459505
0.432198	0.451142	0.450963	0.450963	0.450963	0.450963	0.5022	0.459505	0.459505	0.459505	0.459505	0.459505	0.459505	0.432198	0.650352	0.432198	0.432198	0.432198	0.432198	0.459505	0.459505	0.450963	0.459647	0.470572	0.432305	0.432198	0.432198	0.432198	0.432198	0.432432	0.432198	0.432198	0.432198	0.432198	0.432198	0.432198	0.432198	0.432198	0.432198	0.432198	0.465092	0.459647	0.432198	0.432198	0.432198	0.450963	0.450963	0.450963	0.450963	0.432198	0.432198	0.432198	0.432198	0.432198	0.432198	0.459647	0.459647	0.432198	0.432198	0.432198	0.432198	0.450963	0.450963	0.432198	0.450963	0.450963	0.450963	0.432198	0.432198	0.432432	0.432432	0.432198	0.432198	0.432198
0.450963	0.451142	0.450963	0.450963	0.451142	0.451346	0.451142	0.459505	0.459609	0.459505	0.459505	0.459505	0.459505	0.48916	0.506106	0.48413	0.432198	0.432198	0.432198	0.432198	0.432432	0.459647	0.459505	0.459505	0.470701	0.432198	0.432198	0.450963	0.432198	0.432432	0.432432	0.432198	0.432198	0.432198	0.432198	0.432198	0.432198	0.432198	0.432198	0.432198	0.432198	0.432198	0.432198	0.432198	0.432198	0.432198	0.432198	0.432198	0.432198	0.432198	0.432198	0.432198	0.432198	0.432198	0.432198	0.432198	0.432198	0.432198	0.450963	0.450963	0.450963	0.467231	0.459647	0.450963	0.450963	0.450963	0.450963	0.450963	0.451142	0.450963	0.450963	0.450963	0.432198	0.432198
0.450963	0.450963	0.450963	0.450963	0.506854	0.464483	0.451988	0.460338	0.459647	0.459505	0.459505	0.459505	0.490835	0.432198	0.435277	0.548276	0.478327	0.658327	0.467432	0.432432	0.432198	0.459647	0.459505	0.459505	0.470701	0.432198	0.432198	0.450963	0.432198	0.432198	0.515741	0.432198	0.432198	0.432198	0.432198	0.432198	0.432198	0.432198	0.432198	0.432198	0.432198	0.432198	0.432198	0.432198	0.432198	0.432198	0.432198	0.432198	0.432198	0.432198	0.432198	0.432198	0.432198	0.432198	0.432198	0.432198	0.432198	0.432198	0.450963	0.450963	0.450963	0.459647	0.466882	0.451142	0.468824	0.453245	0.451142	0.451142	0.450963	0.450963	0.450963	0.450963	0.432198	0.432198
0.509049	0.477676	0.482834	0.451521	0.450963	0.452033	0.451142	0.450963	0.450963	0.432198	0.432198	0.467593	0.459505	0.432198	0.432432	0.432198	0.58287	0.432432	0.432198	0.456051	0.432432	0.432198	0.451142	0.450963	0.459505	0.459647	0.459505	0.459647	0.459578	0.459647	0.432198	0.432198	0.432432	0.645832	0.450783	0.432264	0.432198	0.450963	0.450963	0.450963	0.432198	0.432198	0.432198	0.432198	0.432198	0.432198	0.451142	0.508391	0.503367	0.432432	0.432198	0.432198	0.450963	0.450963	0.450963	0.432198	0.432198	0.432198	0.432198	0.432198	0.450963	0.461981	0.572037	0.648865	0.450963	0.450963	0.450963	0.450963	0.450963	0.450963	0.450963	0.450963	0.450963	0.450963
0.459505	0.493302	0.493677	0.450963	0.459647	0.459505	0.451142	0.450963	0.450963	0.450963	0.540146	0.450963	0.450963	0.459505	0.459505	0.5406	0.459647	0.459505	0.432198	0.450963	0.465634	0.451142	0.432198	0.432432	0.432432	0.459505	0.459505	0.459647	0.459647	0.459647	0.459647	0.459647	0.459647	0.450963	0.450963	0.513736	0.482585	0.451142	0.450963	0.450963	0.48913	0.501916	0.432198	0.432198	0.432198	0.539216	0.513812	0.450963	0.450963	0.529022	0.450963	0.450963	0.450963	0.451142	0.450963	0.524687	0.450963	0.432198	0.432198	0.432198	0.520346	0.536249	0.469138	0.450963	0.450963	0.450963	0.450963	0.450963	0.450963	0.450963	0.451142	0.450963	0.432198	0.432198
0.459606	0.55596	0.542108	0.452208	0.459647	0.459505	0.450963	0.450963	0.450963	0.450963	0.523773	0.450963	0.450963	0.459505	0.459505	0.541899	0.459505	0.459505	0.432198	0.450963	0.450963	0.465634	0.432432	0.432198	0.432432	0.459647	0.459505	0.459647	0.459647	0.459647	0.459647	0.459573	0.459647	0.450963	0.450963	0.450963	0.450963	0.456609	0.575833	0.450963	0.525064	0.459647	0.432198	0.506571	0.506571	0.450963	0.450963	0.450963	0.450963	0.450963	0.536363	0.513152	0.539742	0.544363	0.50481	0.450963	0.49248	0.490799	0.467461	0.432198	0.459647	0.459647	0.459647	0.450963	0.450963	0.450963	0.450963	0.450963	0.450963	0.451142	0.450963	0.450963	0.432198	0.432198
0.495864	0.454068	0.450963	0.454913	0.494785	0.463115	0.450963	0.468626	0.459647	0.459647	0.523385	0.450963	0.450963	0.450963	0.450963	0.485295	0.459505	0.459505	0.459505	0.450963	0.450963	0.510166	0.455837	0.432432	0.432198	0.432432	0.432198	0.432198	0.459647	0.459647	0.459647	0.459647	0.470572	0.459647	0.450963	0.450963	0.450963	0.432198	0.432198	0.450963	0.450986	0.501308	1	0.432198	0.432198	0.432198	0.450963	0.450963	0.459556	0.459647	0.459647	0.459647	0.459682	0.467122	0.668198	0.730604	0.512823	0.450963	0.432198	0.432198	0.432198	0.459614	0.459647	0.450963	0.450963	0.450963	0.450963	0.45121	0.451142	0.450963	0.450963	0.450963	0.432198	0.432198
0.52137	0.451988	0.450963	0.459647	0.450963	0.450963	0.469433	0.450963	0.450963	0.450963	0.522989	0.450963	0.450963	0.450963	0.450963	0.450963	0.481926	0.450963	0.459505	0.451142	0.450963	0.524966	0.451071	0.511351	0.432432	0.432198	0.432432	0.432198	0.459647	0.459647	0.459647	0.475653	0.459647	0.459647	0.459639	0.459595	0.459647	0.459647	0.459647	0.432198	0.450963	0.450963	0.432432	0.432198	0.432198	0.432198	0.450963	0.450963	0.459647	0.459647	0.459647	0.459535	0.459578	0.459647	0.46661	0.450963	0.469828	0.450963	0.450963	0.450963	0.450963	0.450963	0.450963	0.450963	0.450963	0.46874	0.455908	0.450963	0.450963	0.450963	0.432198	0.432198	0.432198	0.432198
0.51991	0.450963	0.450963	0.46816	0.450963	0.450963	0.485699	0.450963	0.471321	0.527865	0.451142	0.450963	0.450963	0.450963	0.450963	0.450963	0.451142	0.450963	0.459505	0.450963	0.453902	0.514934	0.451142	0.450963	0.460451	0.432198	0.432198	0.432198	0.459647	0.459647	0.486458	0.459647	0.459647	0.459647	0.459884	0.459647	0.459647	0.459647	0.459647	0.432198	0.450963	0.450963	0.432432	0.432198	0.432198	0.432198	0.450963	0.450963	0.459647	0.459647	0.459647	0.459647	0.459647	0.459647	0.459556	0.450963	0.451142	0.470775	0.450963	0.450963	0.450963	0.450963	0.485751	0.489883	0.486991	0.450963	0.450963	0.450963	0.450963	0.450963	0.432198	0.432198	0.432198	0.432198
0.450963	0.467169	0.473661	0.450963	0.450963	0.450963	0.450963	0.450963	0.450963	0.459647	0.508301	0.450963	0.450963	0.450963	0.450963	0.450963	0.450963	0.492203	0.704354	0.56116	0.459647	0.432198	0.450963	0.450963	0.450963	0.474602	0.459505	0.459505	0.494008	0.459647	0.524937	0.459647	0.459647	0.459647	0.46456	0.459647	0.459647	0.459647	0.459647	0.459647	0.459647	0.46661	0.433366	0.531151	0.432198	0.432198	0.459565	0.459584	0.459647	0.459647	0.459647	0.459647	0.459647	0.459647	0.459647	0.459604	0.465057	0.450963	0.465634	0.450963	0.578635	0.476229	0.450963	0.450963	0.450963	0.450963	0.450963	0.450963	0.450963	0.450963	0.450963	0.450963	0.432198	0.432198
0.450963	0.461687	0.478159	0.450963	0.459505	0.459505	0.489289	0.475427	0.484221	0.509445	0.497826	0.450963	0.450963	0.450963	0.450963	0.450963	0.450963	0.450963	0.472063	0.498965	0.452153	0.432198	0.450963	0.451119	0.451142	0.450963	0.503862	0.450963	0.450963	0.450963	0.452058	0.459647	0.459647	0.459647	0.459647	0.460243	0.459647	0.459647	0.459647	0.459647	0.450963	0.450963	0.451142	0.485738	0.432198	0.432198	0.459505	0.459505	0.459647	0.459647	0.459647	0.459647	0.459647	0.459647	0.459647	0.459647	0.459647	0.471093	0.450963	0.643482	0.451201	0.465634	0.450963	0.450963	0.450963	0.450963	0.450963	0.432198	0.432198	0.46644	0.450963	0.450963	0.459647	0.459647
0.461668	0.459647	0.467066	0.450963	0.459505	0.459505	0.483982	0.478613	0.48813	0.522053	0.450963	0.478758	0.450963	0.450963	0.450963	0.451142	0.450963	0.450963	0.670831	0.45294	0.451142	0.43517	0.451927	0.452157	0.450963	0.451054	0.502602	0.450963	0.450963	0.450963	0.450963	0.513675	0.459647	0.459647	0.459647	0.459647	0.471811	0.459647	0.459647	0.459647	0.450963	0.450963	0.450963	0.432432	0.432198	0.432198	0.459505	0.459505	0.459647	0.459647	0.459647	0.459647	0.459647	0.459647	0.459647	0.459647	0.459647	0.459647	0.450963	0.450963	0.450963	0.450963	0.466833	0.501647	0.450963	0.450963	0.450963	0.432198	0.432198	0.524133	0.450963	0.450963	0.459647	0.459647
0.454692	0.450963	0.450963	0.488547	0.492119	0.473173	0.459647	0.496762	0.524238	0.527126	0.451004	0.450963	0.495332	0.450963	0.450963	0.510846	0.450963	0.485804	0.450963	0.450963	0.474159	0.459505	0.432432	0.432198	0.432198	0.450963	0.450963	0.498377	0.450963	0.450963	0.450963	0.460498	0.459647	0.459647	0.459647	0.459647	0.459647	0.462017	0.459647	0.459647	0.459647	0.459647	0.459647	0.432198	0.432198	0.432198	0.432198	0.432198	0.450963	0.459647	0.459647	0.459647	0.459647	0.459647	0.459647	0.459647	0.459647	0.45993	0.459647	0.462085	0.450963	0.451142	0.450963	0.450963	0.467506	0.465634	0.465634	0.432432	0.432198	0.459647	0.459647	0.459647	0.459647	0.459647
0.509389	0.450963	0.450963	0.450963	0.450963	0.450963	0.450963	0.459647	0.535419	0.451142	0.451142	0.450963	0.450963	0.529569	0.454489	0.450963	0.450963	0.491077	0.450963	0.459647	0.536964	0.432198	0.432198	0.432198	0.432198	0.450963	0.450963	0.450963	0.497893	0.450963	0.450963	0.473173	0.463879	0.465252	0.525712	0.459647	0.460484	0.459647	0.459647	0.459647	0.459573	0.459647	0.459647	0.450963	0.450963	0.432198	0.432198	0.432198	0.432198	0.450963	0.450963	0.450963	0.450963	0.450963	0.450963	0.459647	0.459647	0.459647	0.459652	0.459647	0.471084	0.450963	0.450963	0.450963	0.450963	0.450963	0.450963	0.519641	0.459647	0.459647	0.459647	0.459647	0.459647	0.459647
0.450963	0.450963	0.450963	0.450963	0.450963	0.450963	0.450963	0.459647	0.537723	0.451142	0.451142	0.462241	0.451142	0.540012	0.451177	0.451521	0.452924	0.451142	0.450963	0.459647	0.459647	0.434104	0.432198	0.432198	0.432198	0.450963	0.450963	0.450963	0.450963	0.504478	0.450963	0.47379	0.472787	0.522815	0.459647	0.462297	0.459647	0.460804	0.459647	0.459647	0.459647	0.459647	0.459647	0.450963	0.450963	0.520921	0.432198	0.432198	0.432198	0.450963	0.450963	0.451142	0.451142	0.450963	0.450963	0.459994	0.459647	0.459647	0.459647	0.459756	0.459647	0.450963	0.450963	0.450963	0.450963	0.450963	0.450963	0.470365	0.537167	0.459647	0.459647	0.459647	0.459647	0.459647
0.492576	0.450963	0.450963	0.451142	0.4726	0.459647	0.459647	0.450994	0.451343	0.533619	0.451142	0.451142	0.451142	0.510072	0.724537	0.45105	0.450963	0.451241	0.451142	0.450963	0.450963	0.450963	0.450963	0.450963	0.450963	0.432198	0.432198	0.450963	0.450963	0.504332	0.450963	0.450963	0.450963	0.529724	0.475186	0.459647	0.459647	0.459647	0.463751	0.459647	0.459647	0.459647	0.459647	0.459647	0.459647	0.432198	0.432198	0.432432	0.432432	0.432432	0.432432	0.450963	0.432198	0.432198	0.450963	0.459647	0.459933	0.459647	0.459647	0.459647	0.459936	0.459647	0.459647	0.459647	0.46056	0.46688	0.519282	0.509791	0.503468	0.46175	0.451142	0.450963	0.450963	0.450963
0.516069	0.480977	0.480332	0.521387	0.450963	0.450963	0.459647	0.459647	0.459647	0.450963	0.45142	0.451142	0.508654	0.450963	0.450963	0.509542	0.450963	0.450963	0.453364	0.450963	0.450963	0.450963	0.450963	0.450963	0.450963	0.450963	0.450963	0.450963	0.451142	0.499171	0.459647	0.450963	0.451439	0.450963	0.459647	0.459647	0.459647	0.46562	0.459647	0.459647	0.459647	0.459647	0.459647	0.459647	0.459647	0.432198	0.432432	0.432198	0.432198	0.432198	0.432198	0.432198	0.432198	0.432198	0.450963	0.459647	0.459647	0.460118	0.459647	0.459647	0.461336	0.459647	0.459647	0.459647	0.459647	0.459668	0.485847	0.450963	0.450963	0.450963	0.450963	0.450963	0.450963	0.450963
0.534266	0.491863	0.476743	0.476505	0.450963	0.450963	0.459647	0.459647	0.462969	0.450963	0.450963	0.450963	0.468087	0.450963	0.450963	0.450963	0.48986	0.450963	0.451171	0.451142	0.450963	0.450963	0.450963	0.450963	0.450963	0.450963	0.450963	0.486929	0.450963	0.467565	0.471398	0.450963	0.450963	0.451566	0.459647	0.459647	0.468961	0.459647	0.459647	0.459647	0.460639	0.459647	0.459647	0.459647	0.459647	0.681101	0.432198	0.432198	0.432198	0.432198	0.432198	0.432198	0.432198	0.432198	0.450963	0.461681	0.459647	0.459647	0.46218	0.459647	0.462453	0.459647	0.459647	0.459647	0.459647	0.459647	0.462808	0.450963	0.450963	0.450963	0.450963	0.450963	0.450963	0.450963
0.533551	0.450963	0.450963	0.450963	0.450963	0.450963	0.504221	0.468626	0.470474	0.450963	0.461234	0.459647	0.450963	0.450963	0.450963	0.450963	0.450963	0.489249	0.450963	0.504932	0.513145	0.450963	0.450963	0.450963	0.450963	0.450963	0.450963	0.486531	0.467033	0.450963	0.459647	0.450963	0.450963	0.450963	0.551342	0.450963	0.459647	0.459647	0.459647	0.461136	0.459647	0.459647	0.459647	0.459647	0.466017	0.451142	0.432198	0.432198	0.432198	0.432198	0.432198	0.432198	0.432198	0.432198	0.432198	0.459595	0.466654	0.459647	0.459647	0.471724	0.472787	0.459647	0.459647	0.459647	0.459647	0.459647	0.459647	0.466924	0.508818	0.521914	0.450963	0.450963	0.450963	0.450963
0.517151	0.450963	0.450963	0.468903	0.46711	0.466874	0.504314	0.450963	0.450963	0.48733	0.459647	0.463087	0.459647	0.459505	0.459505	0.450963	0.479211	0.453926	0.450963	0.450963	0.450963	0.450963	0.450963	0.450963	0.450963	0.450963	0.451142	0.451142	0.545741	0.459647	0.463449	0.460041	0.459647	0.450963	0.499264	0.459647	0.459647	0.459647	0.4667	0.459647	0.459647	0.459647	0.459647	0.450963	0.450963	0.432198	0.432198	0.432198	0.432198	0.432198	0.432198	0.432198	0.432198	0.432198	0.432198	0.450963	0.450963	0.450963	0.450963	0.450963	0.459647	0.459647	0.459647	0.459647	0.459647	0.459647	0.459647	0.459647	0.490467	0.450963	0.451142	0.450963	0.432198	0.432198
0.518444	0.450963	0.450963	0.480941	0.485631	0.480707	0.48066	0.450963	0.450963	0.502783	0.481878	0.459647	0.467128	0.459505	0.459505	0.486991	0.450963	0.451142	0.450963	0.450963	0.450963	0.450963	0.450963	0.450963	0.450963	0.454259	0.451142	0.451142	0.533064	0.472178	0.459767	0.45972	0.459647	0.450963	0.521904	0.459647	0.459647	0.468876	0.459647	0.459647	0.459647	0.459647	0.459647	0.450963	0.450963	0.432432	0.523198	0.432198	0.432198	0.432198	0.432198	0.432198	0.432198	0.432198	0.432198	0.450963	0.450963	0.450963	0.450963	0.450963	0.459647	0.459647	0.459647	0.459647	0.459647	0.459647	0.459647	0.459647	0.459647	0.450963	0.450963	0.451142	0.432204	0.432198
0.450963	0.460309	0.461158	0.466849	0.490142	0.514667	0.512417	0.512532	0.515106	0.481761	0.450963	0.450963	0.459647	0.450963	0.450963	0.457841	0.450963	0.451142	0.450963	0.450963	0.450963	0.450963	0.450963	0.450963	0.451142	0.451142	0.451142	0.451142	0.479719	0.460284	0.460111	0.459647	0.459647	0.459505	0.45117	0.450963	0.450963	0.459647	0.459647	0.459647	0.459647	0.459647	0.459647	0.459647	0.459647	0.459647	0.479703	0.432432	0.432198	0.432198	0.432198	0.432198	0.432198	0.432198	0.432198	0.432198	0.432198	0.450963	0.459505	0.459505	0.459647	0.459631	0.459617	0.459647	0.459647	0.459647	0.459647	0.459647	0.459647	0.459647	0.450963	0.450963	0.450963	0.450963
0.488234	0.46372	0.460958	0.464897	0.486803	0.516664	0.450963	0.450963	0.450963	0.450963	0.450963	0.450963	0.450963	0.450963	0.450963	0.451142	0.450963	0.450963	0.451142	0.450963	0.450963	0.450963	0.450963	0.451142	0.450963	0.451142	0.451142	0.491251	0.460278	0.459805	0.459926	0.459667	0.459647	0.450963	0.451142	0.563574	0.459647	0.459647	0.459647	0.459647	0.459647	0.459647	0.459647	0.459647	0.459647	0.432198	0.456041	0.432432	0.432198	0.432198	0.432198	0.432198	0.432198	0.432198	0.432198	0.432198	0.432198	0.432198	0.459647	0.484926	0.459647	0.459647	0.459647	0.459647	0.459647	0.459647	0.459614	0.459647	0.459647	0.459647	0.459647	0.459647	0.459647	0.459647
0.499282	0.465576	0.474009	0.46315	0.47214	0.514488	0.450963	0.450963	0.450963	0.450963	0.450963	0.450963	0.450963	0.450963	0.450963	0.450963	0.454718	0.450963	0.450963	0.451142	0.450963	0.450963	0.451142	0.451142	0.451142	0.451142	0.450963	0.462827	0.460677	0.459903	0.459678	0.459653	0.459647	0.450963	0.450963	0.451142	0.459647	0.459647	0.459647	0.459647	0.459647	0.459647	0.459647	0.459647	0.459647	0.432198	0.432198	0.464823	0.432198	0.432198	0.432198	0.432198	0.432198	0.432198	0.432198	0.432198	0.432198	0.432198	0.459647	0.46692	0.459647	0.459647	0.459647	0.459647	0.459647	0.459647	0.460561	0.463047	0.459647	0.459647	0.459647	0.459647	0.459647	0.459647
0.512091	0.466529	0.475543	0.450963	0.467361	0.497793	0.450963	0.450963	0.450963	0.450963	0.450963	0.450963	0.450963	0.450963	0.450963	0.450963	0.452598	0.450963	0.450963	0.450963	0.451142	0.451142	0.450963	0.451142	0.451142	0.510887	0.465781	0.461422	0.459933	0.459667	0.459862	0.459829	0.459647	0.50445	0.450963	0.450963	0.459647	0.459647	0.459647	0.459647	0.459647	0.461117	0.459647	0.461593	0.459969	0.459556	0.432198	0.432198	0.432432	0.432198	0.432198	0.432198	0.432198	0.432198	0.432198	0.432198	0.432198	0.450963	0.459646	0.472972	0.459647	0.450963	0.450963	0.450963	0.459953	0.4603	0.459647	0.459647	0.470572	0.470572	0.459647	0.459647	0.459647	0.459647
0.450963	0.462412	0.482614	0.450963	0.46256	0.48078	0.450963	0.450963	0.450963	0.450963	0.450963	0.450963	0.450963	0.450963	0.450963	0.450963	0.451142	0.450963	0.450963	0.451142	0.451142	0.518175	0.450963	0.450963	0.451057	0.49303	0.465113	0.460413	0.460885	0.460361	0.459658	0.459647	0.459647	0.450963	0.479348	0.459647	0.459647	0.459647	0.459647	0.459647	0.459647	0.462182	0.461001	0.459647	0.460493	0.459647	0.459647	0.459647	0.451142	0.432198	0.432198	0.432198	0.432198	0.432198	0.450963	0.450963	0.450963	0.450963	0.450963	0.450963	0.432198	0.432198	0.432198	0.432413	0.459647	0.459647	0.459647	0.459647	0.459647	0.459647	0.470572	0.459647	0.459647	0.459647
0.450963	0.459647	0.467805	0.450963	0.467179	0.466978	0.450963	0.450963	0.450963	0.450963	0.450963	0.450963	0.450963	0.450963	0.450963	0.450963	0.450963	0.450963	0.451142	0.451142	0.451142	0.517167	0.450963	0.450963	0.450963	0.479661	0.461497	0.460152	0.461265	0.460039	0.459647	0.459647	0.459647	0.450963	0.459647	0.459647	0.459647	0.467802	0.476344	0.459647	0.459647	0.46138	0.459647	0.459647	0.459875	0.459647	0.459647	0.459647	0.450963	0.432198	0.432198	0.432198	0.432198	0.432198	0.450963	0.450963	0.450963	0.450963	0.450963	0.450963	0.432198	0.432432	0.432198	0.432198	0.459602	0.459647	0.459647	0.459647	0.459647	0.459647	0.459647	0.459647	0.459647	0.459647
0.450963	0.459647	0.459647	0.450963	0.450963	0.450963	0.450963	0.450963	0.450963	0.450963	0.450963	0.450963	0.450963	0.450963	0.450963	0.450963	0.450963	0.450963	0.451142	0.451142	0.450963	0.450963	0.450963	0.450963	0.450963	0.463569	0.462359	0.462784	0.461266	0.459647	0.459647	0.478357	0.461055	0.459647	0.459647	0.459647	0.459699	0.459647	0.459647	0.460177	0.460346	0.459647	0.459647	0.459647	0.461058	0.462734	0.459647	0.459647	0.459505	0.657199	0.432198	0.432198	0.432198	0.432198	0.450963	0.450963	0.450963	0.450963	0.432198	0.432198	0.432432	0.432198	0.432198	0.432198	0.432198	0.432198	0.459607	0.459622	0.459647	0.459647	0.459647	0.459647	0.459505	0.459505
0.450963	0.432198	0.432198	0.432198	0.432198	0.432198	0.450963	0.450963	0.450963	0.450963	0.450963	0.450963	0.450963	0.450963	0.450963	0.450963	0.450963	0.450963	0.450963	0.450963	0.450963	0.467738	0.459647	0.464707	0.474229	0.466285	0.470441	0.46108	0.459647	0.459647	0.489498	0.463473	0.459647	0.459647	0.459647	0.463324	0.462993	0.459647	0.462386	0.462772	0.459647	0.459647	0.459647	0.459961	0.463451	0.459898	0.459647	0.459647	0.459647	0.432198	0.478385	0.432198	0.432198	0.432198	0.432198	0.450963	0.450963	0.432432	0.432198	0.432432	0.450963	0.432198	0.432198	0.432198	0.459647	0.459647	0.459643	0.459647	0.459647	0.459647	0.459647	0.459647	0.459505	0.459505
0.450963	0.432198	0.432198	0.432198	0.432198	0.432198	0.450963	0.450963	0.450963	0.450963	0.450963	0.450963	0.450963	0.450963	0.450963	0.450963	0.450963	0.450963	0.450963	0.450963	0.450963	0.459647	0.467738	0.508259	0.493348	0.509178	0.467055	0.459647	0.459647	0.490821	0.467642	0.459647	0.459647	0.459647	0.462346	0.459647	0.459647	0.462078	0.465086	0.459647	0.459647	0.459647	0.459843	0.461786	0.459647	0.464747	0.459647	0.459647	0.459647	0.432198	0.611255	0.432432	0.432198	0.432198	0.432198	0.450963	0.450963	0.438749	0.432432	0.432432	0.450963	0.432198	0.432198	0.432198	0.459564	0.459555	0.459647	0.459647	0.459557	0.459634	0.459647	0.459647	0.459505	0.459505
0.432198	0.432198	0.432198	0.432198	0.432198	0.432432	0.432432	0.432398	0.432198	0.432198	0.450963	0.450963	0.450963	0.450963	0.450963	0.450963	0.450963	0.450963	0.450963	0.450963	0.450963	0.450963	0.450963	0.450963	0.450963	0.493348	0.459647	0.459647	0.496109	0.470078	0.459647	0.459647	0.459647	0.465097	0.459647	0.459647	0.459647	0.460591	0.470041	0.459647	0.459647	0.459708	0.462078	0.459647	0.459859	0.468158	0.459647	0.459647	0.459647	0.459647	0.459647	0.52646	0.450963	0.450963	0.432198	0.432198	0.432432	0.432432	0.432198	0.432198	0.432198	0.432198	0.432198	0.432198	0.432198	0.432198	0.432198	0.459647	0.459647	0.459647	0.459505	0.459505	0.459505	0.459505
0.432198	0.432198	0.432198	0.432432	0.432432	0.432198	0.432198	0.432198	0.432198	0.432198	0.450963	0.450963	0.450963	0.450963	0.450963	0.450963	0.450963	0.450963	0.450963	0.451297	0.450963	0.450963	0.450963	0.450963	0.450963	0.459647	0.459647	0.497235	0.471001	0.459647	0.459647	0.459647	0.472049	0.462848	0.46378	0.468871	0.459647	0.4625	0.468126	0.459647	0.459647	0.464704	0.459647	0.460106	0.462583	0.459647	0.459647	0.459647	0.459647	0.459647	0.459647	0.451011	0.508138	0.450963	0.432198	0.432432	0.432432	0.432198	0.450963	0.450963	0.450963	0.450963	0.450963	0.432198	0.450963	0.450963	0.432198	0.459647	0.459647	0.459647	0.459647	0.459647	0.450963	0.450963
0.432198	0.432198	0.432432	0.432198	0.432198	0.432198	0.432198	0.432198	0.432198	0.432198	0.450963	0.450963	0.450963	0.450963	0.450963	0.450963	0.450963	0.450963	0.450963	0.450963	0.452847	0.469567	0.450963	0.450963	0.470412	0.555263	0.503601	0.470796	0.459647	0.459647	0.459647	0.472015	0.461169	0.462332	0.465287	0.462827	0.467076	0.463232	0.466479	0.46398	0.471519	0.459647	0.460573	0.466227	0.459647	0.459647	0.459647	0.459647	0.459647	0.459647	0.459647	0.450963	0.451142	0.457913	0.439241	0.432432	0.432198	0.432198	0.450963	0.450963	0.450963	0.450963	0.450963	0.432198	0.450963	0.450963	0.432198	0.459647	0.459647	0.459647	0.459647	0.465057	0.450963	0.450963
0.432432	0.432432	0.432198	0.432198	0.432198	0.432198	0.432198	0.432198	0.432198	0.450963	0.450963	0.450963	0.450963	0.450963	0.450963	0.450963	0.450963	0.450963	0.450963	0.513789	0.464087	0.462725	0.611253	0.539175	0.520628	0.483532	0.47524	0.459647	0.459647	0.459647	0.474763	0.466549	0.465858	0.465334	0.459711	0.467635	0.469192	0.461962	0.459976	0.471057	0.459647	0.461285	0.463122	0.459647	0.459647	0.459647	0.459647	0.459647	0.459647	0.459647	0.459647	0.459647	0.450963	0.450963	0.722456	0.450963	0.450963	0.450963	0.450963	0.450963	0.450963	0.450963	0.450963	0.450963	0.450963	0.450963	0.432198	0.432198	0.432198	0.459647	0.450963	0.450963	0.432198	0.432198
0.432432	0.432198	0.432198	0.432198	0.432198	0.432198	0.432198	0.432198	0.432198	0.432198	0.450963	0.450963	0.450963	0.450963	0.450963	0.459647	0.450963	0.450963	0.450963	0.468087	0.463837	0.459647	0.450963	0.450963	0.492863	0.480479	0.477128	0.459647	0.459647	0.480676	0.470536	0.470815	0.472627	0.466368	0.470265	0.470408	0.467728	0.463785	0.476686	0.459647	0.460643	0.463244	0.461602	0.47343	0.459647	0.459647	0.459647	0.459647	0.469438	0.459647	0.459647	0.459647	0.459647	0.459647	0.459647	0.491051	0.450963	0.450963	0.450963	0.450963	0.450963	0.432198	0.432198	0.450963	0.432198	0.432432	0.459647	0.432198	0.432198	0.432198	0.450963	0.450963	0.450963	0.450963
0.432432	0.432198	0.432198	0.432198	0.432198	0.432198	0.432198	0.432198	0.432198	0.432198	0.450963	0.450963	0.450963	0.450963	0.450963	0.459647	0.450963	0.450963	0.450963	0.466835	0.459647	0.469893	0.450963	0.450963	0.470832	0.491532	0.501322	0.493748	0.48422	0.471341	0.471927	0.47216	0.472027	0.471923	0.470988	0.470191	0.462319	0.464715	0.480719	0.46242	0.462628	0.460189	0.459647	0.459647	0.492498	0.459647	0.459647	0.459647	0.470245	0.459647	0.459647	0.459647	0.459647	0.459647	0.459647	0.462415	0.486991	0.450963	0.450963	0.450963	0.450963	0.432198	0.432198	0.450963	0.432198	0.432432	0.459647	0.432198	0.432198	0.432198	0.450963	0.450963	0.450963	0.450963
0.432198	0.432198	0.432198	0.432198	0.432198	0.432198	0.432198	0.432198	0.432198	0.432198	0.459505	0.459505	0.450963	0.450963	0.450963	0.450963	0.459647	0.459647	0.450963	0.459647	0.480883	0.502128	0.505977	0.504932	0.501501	0.51044	0.490842	0.480704	0.474503	0.472678	0.473873	0.471482	0.472915	0.472358	0.471667	0.470737	0.471138	0.480815	0.473173	0.495826	0.463412	0.459647	0.459647	0.459647	0.459647	0.496409	0.459647	0.459647	0.470405	0.459647	0.459647	0.459898	0.459647	0.459647	0.459647	0.450963	0.450963	0.450963	0.432198	0.432198	0.432198	0.432198	0.432198	0.450963	0.450963	0.451142	0.432198	0.432198	0.432198	0.432198	0.432198	0.432198	0.432198	0.432198
0.432198	0.432198	0.432198	0.432198	0.432198	0.432198	0.432198	0.432198	0.432198	0.432198	0.432198	0.432198	0.432198	0.450963	0.450963	0.450963	0.432198	0.432198	0.459505	0.450963	0.450963	0.450963	0.450963	0.450963	0.450963	0.501707	0.483642	0.476319	0.478541	0.49513	0.474923	0.47432	0.47447	0.472774	0.472022	0.47187	0.483239	0.450963	0.450963	0.472978	0.459647	0.459647	0.459647	0.459647	0.501003	0.459647	0.460846	0.475664	0.459647	0.459647	0.459647	0.459647	0.459647	0.459647	0.459647	0.459647	0.459647	0.651744	0.451142	0.450963	0.450963	0.432198	0.432198	0.432198	0.432198	0.432432	0.432198	0.432198	0.432198	0.432198	0.459569	0.459505	0.432198	0.432198
0.432198	0.432198	0.432198	0.432198	0.432198	0.432198	0.432198	0.432198	0.432198	0.432198	0.432198	0.432198	0.432198	0.450963	0.450963	0.450963	0.432198	0.432198	0.459505	0.450963	0.450963	0.450963	0.450963	0.450963	0.450963	0.503311	0.468645	0.484435	0.524856	0.490978	0.499794	0.483162	0.47298	0.471591	0.47379	0.485804	0.459647	0.450963	0.450963	0.459647	0.459647	0.459647	0.459647	0.49985	0.459647	0.459788	0.459647	0.467547	0.459647	0.460444	0.459647	0.459647	0.459647	0.460406	0.459647	0.459647	0.459647	0.450963	0.476958	0.450963	0.450963	0.432198	0.432198	0.432198	0.432198	0.439241	0.432285	0.432198	0.432198	0.432432	0.459505	0.459505	0.432198	0.432198
0.432198	0.432198	0.432198	0.432198	0.432198	0.432198	0.432198	0.432198	0.432198	0.432198	0.432198	0.432198	0.432198	0.450963	0.450963	0.450963	0.450963	0.450963	0.432198	0.459505	0.459505	0.432198	0.432198	0.432198	0.459505	0.482487	0.502618	0.450963	0.501916	0.523922	0.519282	0.491262	0.477443	0.459505	0.510857	0.459647	0.452539	0.554293	0.504195	0.497154	0.518747	0.506536	0.502486	0.459647	0.462193	0.459647	0.459647	0.463339	0.459647	0.459647	0.460302	0.459647	0.459647	0.461088	0.459647	0.459647	0.459647	0.459647	0.459647	0.459647	0.521667	0.432432	0.432198	0.432198	0.432432	0.432198	0.436024	0.432432	0.432432	0.432198	0.432198	0.432198	0.459505	0.459505
0.432198	0.432198	0.432198	0.432198	0.432198	0.432198	0.432198	0.432198	0.432198	0.432198	0.432198	0.432198	0.432198	0.450963	0.450963	0.450963	0.450963	0.450963	0.450963	0.459505	0.459505	0.459505	0.432198	0.432198	0.459505	0.450963	0.450963	0.450963	0.451142	0.450963	0.503365	0.486115	0.480408	0.497273	0.459647	0.459647	0.519561	0.478603	0.470701	0.484048	0.459647	0.48275	0.459647	0.460316	0.459647	0.459647	0.459683	0.459647	0.459647	0.459647	0.460722	0.459647	0.459817	0.459647	0.459647	0.459647	0.459647	0.459647	0.459647	0.459647	0.459647	0.45015	0.432198	0.432432	0.432198	0.432198	0.432198	0.432198	0.432198	0.432198	0.432198	0.432198	0.450963	0.450963
0.432432	0.432198	0.432198	0.432198	0.432198	0.432198	0.432198	0.432198	0.432198	0.432198	0.432198	0.432198	0.432198	0.450963	0.450963	0.450963	0.450963	0.450963	0.450963	0.459505	0.459505	0.459505	0.432198	0.432198	0.459505	0.450963	0.450963	0.450963	0.450963	0.451142	0.504072	0.484761	0.524026	0.522286	0.459647	0.459647	0.503724	0.470701	0.544114	0.459505	0.483238	0.459647	0.459647	0.459647	0.461188	0.465324	0.459647	0.459647	0.459647	0.459647	0.459647	0.46222	0.459647	0.45974	0.459647	0.459647	0.459647	0.459647	0.459647	0.459647	0.459647	0.432198	0.685099	0.432198	0.432198	0.432198	0.432198	0.432198	0.432198	0.432198	0.432198	0.432198	0.450963	0.450963
0.451142	0.451051	0.450963	0.432198	0.432198	0.432198	0.436143	0.436932	0.432432	0.432432	0.432432	0.432432	0.432432	0.450963	0.450963	0.450963	0.450963	0.450963	0.450963	0.450963	0.450963	0.459505	0.459505	0.459505	0.432198	0.450963	0.450963	0.450963	0.450963	0.450963	0.510732	0.451142	0.451142	0.451142	0.459647	0.459647	0.459647	0.459776	0.459505	0.459647	0.432198	0.432198	0.459647	0.459647	0.462065	0.459647	0.479051	0.459647	0.459952	0.459647	0.459931	0.459647	0.459647	0.459647	0.459647	0.459647	0.459647	0.459647	0.459647	0.459647	0.459647	0.432198	0.456051	0.432198	0.432198	0.432198	0.432198	0.432198	0.432198	0.432198	0.432198	0.432198	0.432198	0.432198
0.432432	0.459505	0.459505	0.432432	0.432198	0.436849	0.432198	0.432198	0.432198	0.432198	0.432198	0.432198	0.432198	0.432198	0.432198	0.450963	0.450963	0.450963	0.450963	0.450963	0.450963	0.432198	0.432198	0.432198	0.432198	0.459505	0.459505	0.450963	0.450963	0.450963	0.451142	0.451142	0.451142	0.451142	0.432432	0.432432	0.474377	0.459505	0.459505	0.490036	0.459647	0.459647	0.459647	0.462654	0.459647	0.476751	0.459647	0.462054	0.459647	0.473054	0.459647	0.459647	0.459647	0.459724	0.459647	0.459647	0.459647	0.459647	0.459647	0.459647	0.470358	0.459647	0.459647	0.432432	0.432198	0.432198	0.432198	0.432198	0.432198	0.432198	0.432198	0.432198	0.432198	0.432198
0.479884	0.459647	0.459647	0.432432	0.439241	0.432198	0.432198	0.432198	0.432198	0.432198	0.432198	0.432198	0.432198	0.432198	0.432198	0.450963	0.450963	0.450963	0.450963	0.450963	0.450963	0.432198	0.432198	0.432198	0.432198	0.459505	0.459505	0.450963	0.450963	0.450963	0.451142	0.451142	0.451142	0.451142	0.432198	0.432432	0.465008	0.459505	0.459505	0.532881	0.459647	0.459647	0.471398	0.459647	0.478618	0.459647	0.460435	0.459647	0.46034	0.46249	0.459647	0.459647	0.459647	0.459647	0.466736	0.459647	0.459647	0.459647	0.46301	0.473112	0.459647	0.459589	0.459647	0.432198	0.432432	0.432432	0.432198	0.432198	0.432198	0.432198	0.432198	0.432198	0.432198	0.432198
0.432198	0.478278	0.484766	0.628104	0.432198	0.432198	0.432198	0.432198	0.432198	0.432198	0.432198	0.432198	0.432198	0.432198	0.432198	0.432198	0.450963	0.450963	0.450963	0.450963	0.450963	0.450963	0.432198	0.432198	0.432198	0.459505	0.459505	0.450963	0.450963	0.450963	0.450963	0.432198	0.432198	0.459647	0.459505	0.459647	0.432432	0.432198	0.432198	0.451142	0.450963	0.450963	0.459647	0.480692	0.459647	0.460074	0.459647	0.45988	0.459647	0.464228	0.459647	0.459647	0.459647	0.46004	0.459647	0.459647	0.459647	0.459674	0.459647	0.459647	0.460917	0.459647	0.459647	0.459647	0.432198	0.432198	0.606755	0.432198	0.432198	0.432198	0.432198	0.432198	0.432198	0.432198
0.432432	0.432198	0.432198	0.432198	0.526283	0.432198	0.432198	0.432198	0.432198	0.432198	0.432198	0.432198	0.432198	0.432198	0.432198	0.432198	0.432198	0.432198	0.432198	0.450963	0.450963	0.450963	0.459505	0.459505	0.459505	0.459505	0.459505	0.459505	0.432198	0.432198	0.450963	0.432198	0.432198	0.432432	0.432432	0.432198	0.432198	0.459647	0.477059	0.48906	0.459647	0.459647	0.484131	0.459647	0.463348	0.459647	0.459902	0.460131	0.459647	0.461881	0.463893	0.459647	0.461433	0.459647	0.459647	0.459647	0.459647	0.459694	0.459647	0.459647	0.460178	0.459647	0.459647	0.459647	0.459647	0.459647	0.432198	0.464213	0.432198	0.432198	0.432198	0.432198	0.432198	0.432198
0.432432	0.432198	0.432198	0.454367	0.432432	0.432198	0.432198	0.432198	0.432198	0.432198	0.432198	0.432198	0.432198	0.432198	0.432198	0.432198	0.432198	0.432198	0.432198	0.450963	0.450963	0.450963	0.459505	0.459505	0.459505	0.459505	0.459505	0.459505	0.432198	0.432198	0.450963	0.432198	0.432198	0.432432	0.432198	0.432198	0.432198	0.510698	0.467798	0.503939	0.459647	0.484777	0.459647	0.459647	0.471658	0.461502	0.459648	0.460247	0.460655	0.461624	0.459647	0.459647	0.481675	0.459647	0.459647	0.470643	0.459811	0.459647	0.459647	0.459703	0.459647	0.459647	0.459647	0.459647	0.459647	0.465877	0.432198	0.439455	0.432432	0.432198	0.432198	0.432198	0.432198	0.432198
0.450963	0.432198	0.432432	0.484473	0.432198	0.432198	0.432198	0.432198	0.432198	0.432198	0.432198	0.432198	0.432198	0.432198	0.432198	0.432198	0.432198	0.432198	0.459505	0.459505	0.459505	0.450963	0.459505	0.459505	0.432198	0.459505	0.459505	0.459505	0.432198	0.432198	0.459505	0.459505	0.459505	0.450963	0.451142	0.450963	0.450963	0.50091	0.508832	0.525672	0.481643	0.487842	0.459647	0.471038	0.464995	0.460357	0.45976	0.462063	0.467083	0.459647	0.459647	0.47635	0.459647	0.459647	0.469653	0.459655	0.459647	0.459647	0.459647	0.459647	0.459647	0.459647	0.459647	0.459647	0.450963	0.450963	0.450963	0.451142	0.450963	0.432198	0.432198	0.432198	0.432198	0.432198
0.432198	0.432198	0.432198	0.450963	0.450963	0.450963	0.432198	0.432198	0.432198	0.432198	0.432198	0.432198	0.432198	0.432198	0.432198	0.432198	0.432198	0.432198	0.432198	0.459505	0.459505	0.450963	0.450963	0.450963	0.459505	0.459505	0.459505	0.432198	0.459647	0.459647	0.459505	0.459505	0.459505	0.432198	0.450963	0.450963	0.450963	0.450963	0.451142	0.509065	0.500028	0.459647	0.477492	0.472574	0.46106	0.460386	0.466864	0.474352	0.459647	0.459647	0.459647	0.48089	0.459647	0.476701	0.460078	0.459647	0.459647	0.460319	0.459647	0.459647	0.459647	0.459647	0.459647	0.459647	0.459647	0.459647	0.459647	0.48595	0.450963	0.450963	0.432198	0.432198	0.432198	0.432198
0.432198	0.432198	0.432198	0.560847	0.450963	0.450963	0.432198	0.432198	0.432198	0.432198	0.432198	0.432198	0.432198	0.432198	0.432198	0.432198	0.432198	0.432198	0.432198	0.459505	0.459505	0.450963	0.450963	0.450963	0.459505	0.459505	0.459505	0.432198	0.459647	0.459647	0.459505	0.459505	0.459505	0.432198	0.450963	0.450963	0.450963	0.450963	0.450963	0.550893	0.459647	0.491217	0.477951	0.46138	0.461387	0.471768	0.470847	0.465467	0.472297	0.459647	0.459647	0.482982	0.48037	0.460915	0.459647	0.459828	0.460073	0.459647	0.459647	0.459647	0.459647	0.459647	0.459647	0.459647	0.459647	0.459647	0.459647	0.450963	0.451555	0.450963	0.432198	0.432198	0.432198	0.432198
0.432432	0.432198	0.432198	0.450963	0.471863	0.457864	0.652487	0.461343	0.432432	0.432198	0.432198	0.432198	0.432198	0.432198	0.432198	0.432198	0.432198	0.432198	0.432198	0.459505	0.459505	0.459505	0.459505	0.459505	0.432198	0.459505	0.459505	0.459505	0.432198	0.432198	0.432198	0.459505	0.459505	0.450963	0.469229	0.483701	0.450963	0.510797	0.51305	0.451142	0.514365	0.487535	0.466346	0.462735	0.474774	0.474575	0.471394	0.472329	0.459647	0.459647	0.487885	0.480879	0.47429	0.459647	0.460038	0.460332	0.459647	0.459647	0.459647	0.459647	0.459647	0.459647	0.459647	0.459647	0.459647	0.459647	0.450963	0.459647	0.459647	0.451142	0.432432	0.432198	0.432198	0.432198
0.503109	0.450963	0.450963	0.432198	0.432198	0.436163	0.450963	0.450963	0.450963	0.432432	0.432198	0.432198	0.432198	0.432198	0.432198	0.432198	0.432198	0.432198	0.432198	0.432198	0.432198	0.432198	0.459505	0.459505	0.432198	0.459505	0.459505	0.459505	0.459505	0.459505	0.459505	0.459505	0.459505	0.450963	0.450963	0.450963	0.450963	0.450963	0.450963	0.450963	0.513561	0.47781	0.465251	0.476229	0.476218	0.473747	0.475675	0.459647	0.459647	0.492806	0.482163	0.481861	0.459647	0.45992	0.463667	0.459647	0.459647	0.459647	0.459647	0.459647	0.459647	0.459647	0.459647	0.459647	0.459647	0.459647	0.459647	0.459647	0.459647	0.459647	0.450963	0.575833	0.432198	0.432198
0.508933	0.450963	0.450963	0.432198	0.432198	0.432198	0.451686	0.450963	0.450963	0.432198	0.432198	0.432198	0.432198	0.432198	0.432198	0.432198	0.432198	0.432198	0.432198	0.432198	0.432198	0.432198	0.459505	0.459505	0.432198	0.459505	0.459505	0.459505	0.459505	0.459505	0.459505	0.459505	0.459505	0.450963	0.450963	0.450963	0.450963	0.450963	0.450963	0.450963	0.510747	0.477059	0.493821	0.494093	0.475371	0.479249	0.459647	0.459647	0.503984	0.484195	0.513469	0.459647	0.460306	0.459647	0.46011	0.478609	0.459647	0.459647	0.459647	0.459647	0.459845	0.459647	0.459647	0.459647	0.459647	0.459647	0.459647	0.459647	0.459647	0.459647	0.450963	0.450963	0.435927	0.432198
0.450963	0.432198	0.432198	0.432198	0.432198	0.435352	0.459505	0.450963	0.4577	0.451142	0.432432	0.432249	0.432198	0.432198	0.432198	0.432198	0.432198	0.432198	0.432198	0.432198	0.432198	0.432198	0.432198	0.432198	0.432198	0.459505	0.459505	0.459505	0.459505	0.459505	0.459505	0.459505	0.459505	0.459647	0.450963	0.450963	0.53573	0.450963	0.450963	0.450963	0.510698	0.517077	0.517239	0.490175	0.510633	0.522167	0.568084	0.540624	0.49503	0.450963	0.451059	0.459647	0.463837	0.459647	0.450963	0.459938	0.459647	0.459647	0.459647	0.459651	0.459647	0.459647	0.459647	0.459722	0.459647	0.459649	0.459647	0.459647	0.459647	0.459647	0.450963	0.450963	0.432198	0.432432
0.450963	0.459505	0.459505	0.432198	0.432432	0.432198	0.432198	0.450963	0.549691	0.469828	0.450963	0.451142	0.432432	0.450963	0.450963	0.432198	0.432198	0.432198	0.432198	0.432198	0.432198	0.432198	0.432198	0.432198	0.459505	0.459505	0.459505	0.459505	0.459505	0.459505	0.459505	0.459505	0.459505	0.450963	0.450963	0.451142	0.450963	0.450963	0.450963	0.450963	0.450963	0.450963	0.513314	0.450963	0.450963	0.451142	0.534542	0.483087	0.531152	0.450963	0.450963	0.474457	0.460267	0.460228	0.459814	0.459647	0.459647	0.459647	0.459653	0.459647	0.459647	0.459647	0.459647	0.459647	0.459647	0.459647	0.459647	0.459647	0.459647	0.459647	0.459647	0.459647	0.450963	0.450963
0.450963	0.459505	0.459505	0.432198	0.434264	0.432198	0.432432	0.684489	0.450963	0.450963	0.531051	0.485492	0.437998	0.451142	0.451142	0.432198	0.432198	0.432198	0.432198	0.432198	0.432198	0.432198	0.432198	0.432198	0.459505	0.459505	0.459505	0.459505	0.459505	0.459505	0.459505	0.459505	0.459505	0.450963	0.451142	0.450963	0.450963	0.450963	0.450963	0.450963	0.450963	0.450963	0.512457	0.450963	0.451239	0.451142	0.495914	0.520366	0.513323	0.450963	0.450963	0.460249	0.459753	0.460009	0.459647	0.459647	0.459647	0.459647	0.459647	0.459647	0.459822	0.461053	0.459647	0.459687	0.459647	0.459647	0.459647	0.459647	0.459647	0.459647	0.459647	0.459647	0.450963	0.450963
0.450963	0.432198	0.432198	0.432432	0.459505	0.459505	0.459505	0.432198	0.432198	0.450963	0.450963	0.477744	0.450963	0.450963	0.450963	0.459505	0.432198	0.432198	0.432198	0.432198	0.432198	0.432198	0.432198	0.432198	0.432432	0.459647	0.459647	0.459647	0.459505	0.459505	0.459505	0.432198	0.432198	0.450963	0.452465	0.450963	0.450963	0.450963	0.450963	0.450963	0.450963	0.450963	0.52221	0.451142	0.451142	0.532337	0.450963	0.450963	0.459647	0.472791	0.46084	0.460505	0.460452	0.459647	0.459647	0.459647	0.459657	0.459647	0.459647	0.459706	0.462085	0.459647	0.459647	0.459647	0.459655	0.459647	0.459647	0.459647	0.459647	0.459647	0.459647	0.459647	0.459647	0.459647
0.450963	0.450963	0.450963	0.468791	0.432198	0.432198	0.432198	0.58703	0.450963	0.450963	0.450963	0.450963	0.498673	0.519682	0.494868	0.459647	0.432198	0.432198	0.432198	0.432198	0.432198	0.432198	0.432198	0.432432	0.432198	0.432198	0.432198	0.432198	0.432198	0.432198	0.459505	0.459647	0.459647	0.450963	0.450963	0.451142	0.450963	0.450963	0.450963	0.450963	0.450963	0.450963	0.450963	0.451142	0.451142	0.532452	0.497789	0.477706	0.475296	0.4612	0.460098	0.460281	0.459647	0.459647	0.459647	0.460297	0.459647	0.459647	0.459657	0.462211	0.459647	0.459647	0.459647	0.459709	0.459647	0.459647	0.459647	0.459647	0.459647	0.459647	0.459647	0.459647	0.459647	0.459647
0.450963	0.450963	0.450963	0.459647	0.432198	0.432198	0.432198	0.450963	0.480689	0.450963	0.450963	0.450963	0.459647	0.459647	0.459647	0.459505	0.432198	0.432198	0.432198	0.432198	0.432198	0.432198	0.432432	0.432198	0.432198	0.432198	0.432198	0.432198	0.432198	0.432198	0.459505	0.459647	0.459647	0.450963	0.451142	0.450963	0.450963	0.450963	0.450963	0.450963	0.450963	0.450963	0.450963	0.450963	0.451142	0.532114	0.494537	0.485241	0.462231	0.460177	0.459932	0.459647	0.459647	0.459647	0.459647	0.459647	0.459966	0.460451	0.471723	0.459647	0.459647	0.459647	0.459647	0.461259	0.459647	0.459647	0.459647	0.459647	0.459647	0.459647	0.459647	0.459647	0.459647	0.469861
0.450963	0.459647	0.459647	0.459647	0.432198	0.432198	0.459505	0.432198	0.432432	0.459647	0.467178	0.432198	0.450963	0.459646	0.459647	0.459647	0.459647	0.459505	0.432198	0.432432	0.432432	0.432432	0.432198	0.432198	0.432198	0.432198	0.432198	0.432198	0.459505	0.459505	0.459505	0.432198	0.432198	0.459505	0.451142	0.450963	0.450963	0.480155	0.51042	0.450963	0.450963	0.450963	0.450963	0.450963	0.451142	0.516975	0.515837	0.465774	0.460225	0.459654	0.459647	0.459647	0.459647	0.459647	0.459647	0.460601	0.460302	0.472024	0.459647	0.459968	0.459647	0.459647	0.459826	0.460383	0.459647	0.459647	0.459647	0.459647	0.459647	0.459647	0.459647	0.459647	0.459647	0.459764
0.459647	0.459647	0.459647	0.459647	0.432198	0.432198	0.432198	0.459647	0.459505	0.459647	0.432432	0.530908	0.459505	0.459505	0.459505	0.459505	0.459647	0.48413	0.432432	0.432198	0.432198	0.432198	0.432198	0.432198	0.459505	0.459505	0.459505	0.459505	0.459505	0.459505	0.459505	0.432198	0.432198	0.459505	0.459647	0.463977	0.450963	0.450963	0.450963	0.450963	0.450963	0.450963	0.450963	0.450963	0.450963	0.450963	0.482722	0.461385	0.460806	0.459647	0.459647	0.459647	0.459647	0.459647	0.460646	0.460745	0.476462	0.459647	0.459647	0.459647	0.46077	0.459952	0.460084	0.459647	0.459647	0.459647	0.459647	0.459647	0.459647	0.459647	0.459647	0.459647	0.459647	0.45978
0.459647	0.459647	0.459647	0.459647	0.432198	0.432198	0.432198	0.459505	0.459647	0.459647	0.432432	0.432432	0.459758	0.459505	0.459505	0.459505	0.48413	0.48413	0.432198	0.432198	0.432198	0.432198	0.432198	0.432198	0.459505	0.459505	0.459505	0.459505	0.459505	0.459505	0.459505	0.432198	0.432198	0.459505	0.468961	0.469677	0.450963	0.450963	0.450963	0.450963	0.450963	0.450963	0.450963	0.450963	0.450963	0.450963	0.461105	0.460864	0.459647	0.459647	0.459647	0.459647	0.459647	0.459647	0.460216	0.460844	0.460586	0.474362	0.459647	0.46049	0.460111	0.460023	0.459647	0.459647	0.459647	0.459647	0.459647	0.459647	0.459647	0.459647	0.459647	0.459647	0.459647	0.459832
0.459647	0.459647	0.459647	0.450963	0.450963	0.450963	0.432198	0.432198	0.432198	0.432432	0.432432	0.432432	0.432198	0.459505	0.459505	0.465131	0.484106	0.459505	0.432198	0.432198	0.432198	0.432198	0.432198	0.432198	0.432198	0.432198	0.432198	0.432198	0.459505	0.459505	0.459505	0.432198	0.432198	0.450963	0.450963	0.450963	0.450963	0.450963	0.450963	0.450963	0.450963	0.450963	0.450963	0.4992	0.467047	0.461443	0.460344	0.459647	0.459647	0.459647	0.459647	0.459647	0.460943	0.459797	0.46691	0.461325	0.473194	0.459647	0.46054	0.460232	0.460234	0.459647	0.459647	0.459647	0.459647	0.459647	0.459647	0.459647	0.459647	0.459647	0.459647	0.459647	0.459647	0.470572
0.459647	0.459647	0.459647	0.4612	0.459709	0.459647	0.432198	0.432198	0.432198	0.432198	0.432198	0.43237	0.432432	0.451142	0.490815	0.482952	0.432432	0.432198	0.432198	0.432198	0.432198	0.432198	0.432198	0.432198	0.432198	0.432198	0.432198	0.432198	0.459505	0.459505	0.459505	0.450963	0.450963	0.450963	0.450963	0.450963	0.450963	0.450963	0.450963	0.450963	0.450963	0.450963	0.450963	0.484076	0.462664	0.460616	0.459647	0.459647	0.459647	0.459647	0.459647	0.464196	0.4637	0.4753	0.460917	0.48065	0.459647	0.460952	0.460266	0.460552	0.459647	0.459647	0.459647	0.459647	0.459647	0.459647	0.459647	0.459647	0.459647	0.459647	0.459647	0.459647	0.461302	0.459647
0.459647	0.459647	0.462997	0.461016	0.459794	0.459647	0.432198	0.432198	0.432198	0.432198	0.432198	0.432198	0.432432	0.450963	0.598775	0.498468	0.432198	0.432214	0.432198	0.432198	0.432198	0.432198	0.432198	0.432198	0.432198	0.432198	0.432198	0.432198	0.459505	0.459505	0.459505	0.450963	0.450963	0.450963	0.450963	0.450963	0.450963	0.450963	0.450963	0.450963	0.450963	0.450963	0.450963	0.468567	0.461244	0.459647	0.459647	0.459647	0.459647	0.459647	0.468763	0.469679	0.487397	0.462694	0.465077	0.473199	0.463301	0.460956	0.461835	0.459647	0.459647	0.459647	0.459647	0.459647	0.459647	0.459647	0.459647	0.459647	0.459647	0.459647	0.459647	0.459647	0.470572	0.459647
0.459647	0.4726	0.462048	0.460652	0.460625	0.459647	0.450963	0.459505	0.459505	0.432198	0.432198	0.432198	0.432198	0.432198	0.432198	0.4519	0.450963	0.455362	0.456051	0.432198	0.432198	0.432198	0.432198	0.432198	0.432198	0.432198	0.432198	0.432198	0.432198	0.432198	0.450963	0.432198	0.432198	0.450963	0.450963	0.450963	0.450963	0.450963	0.450963	0.485773	0.482487	0.483278	0.483417	0.463873	0.459647	0.459647	0.459647	0.459647	0.459647	0.480666	0.486883	0.515045	0.481659	0.500211	0.509181	0.46847	0.46112	0.461462	0.459647	0.459647	0.459647	0.459647	0.459647	0.459647	0.459647	0.459647	0.459647	0.459647	0.459647	0.459647	0.459647	0.459647	0.459647	0.459647
0.450963	0.474457	0.46433	0.462636	0.46356	0.459647	0.481168	0.459647	0.459647	0.450963	0.459505	0.459505	0.432198	0.432198	0.432198	0.450963	0.451142	0.450963	0.443252	0.612724	0.432198	0.432198	0.432198	0.432198	0.432198	0.432198	0.432198	0.432198	0.432198	0.432198	0.432198	0.432198	0.432198	0.450963	0.450963	0.450963	0.450963	0.450963	0.450963	0.450963	0.450963	0.450963	0.467502	0.459647	0.459647	0.459647	0.459647	0.459647	0.450963	0.450963	0.450963	0.510797	0.450963	0.450963	0.50731	0.466885	0.469434	0.459647	0.459647	0.459647	0.459647	0.459647	0.459647	0.459647	0.459647	0.459647	0.459647	0.459647	0.459647	0.459647	0.459647	0.459647	0.459647	0.459647
0.450963	0.4726	0.474006	0.47379	0.459647	0.496636	0.506099	0.459647	0.459647	0.450963	0.459505	0.459505	0.432198	0.432198	0.432198	0.45106	0.450963	0.450963	0.432198	0.432432	0.439455	0.432198	0.432198	0.432198	0.432198	0.432198	0.432198	0.432198	0.432198	0.432198	0.432198	0.432198	0.432198	0.450963	0.450963	0.450963	0.450963	0.450963	0.450963	0.450963	0.450963	0.450963	0.459647	0.459647	0.459647	0.459647	0.459647	0.476681	0.450963	0.450963	0.450963	0.501501	0.450963	0.450963	0.492719	0.509901	0.462259	0.459647	0.459647	0.459647	0.459647	0.459647	0.459647	0.459647	0.459647	0.459647	0.459647	0.459647	0.459647	0.459647	0.459647	0.459647	0.459647	0.459647
0.450963	0.450963	0.450963	0.459647	0.450963	0.451857	0.459647	0.459647	0.459647	0.459647	0.432198	0.432198	0.432198	0.432198	0.432198	0.432564	0.450963	0.450963	0.432198	0.450963	0.451142	0.451142	0.432198	0.432198	0.432198	0.432198	0.432198	0.432198	0.432198	0.432198	0.432198	0.432198	0.432198	0.432198	0.450963	0.450963	0.450963	0.459647	0.459647	0.459647	0.459647	0.459647	0.459647	0.459647	0.459647	0.459647	0.467873	0.486501	0.450963	0.450963	0.450963	0.480507	0.450963	0.450963	0.450963	0.468538	0.459647	0.459647	0.459647	0.459647	0.459647	0.459647	0.459647	0.459647	0.459647	0.459647	0.459647	0.459647	0.459647	0.459647	0.459647	0.459647	0.459647	0.459647
0.432198	0.432198	0.432198	0.450963	0.459505	0.459505	0.459647	0.459647	0.459647	0.459647	0.459505	0.459505	0.432198	0.432198	0.432198	0.459505	0.432198	0.432198	0.450963	0.45586	0.450963	0.450963	0.678049	0.432198	0.432198	0.432198	0.432198	0.432198	0.432198	0.432198	0.432198	0.432198	0.432198	0.432198	0.459505	0.459505	0.459569	0.459647	0.459647	0.459647	0.459647	0.459647	0.459647	0.459647	0.459647	0.450963	0.450963	0.450963	0.450963	0.450963	0.450963	0.466089	0.450963	0.450963	0.466835	0.459647	0.459647	0.459647	0.459647	0.459647	0.459647	0.459647	0.459647	0.459647	0.459647	0.459647	0.459647	0.459647	0.459647	0.459647	0.459647	0.459647	0.459647	0.459647
0.432198	0.432198	0.432198	0.450963	0.459505	0.459505	0.459647	0.459647	0.459647	0.459647	0.459505	0.459505	0.432432	0.432647	0.456051	0.459505	0.432198	0.432198	0.450963	0.450963	0.452157	0.450963	0.432198	0.439241	0.432432	0.432432	0.432432	0.432432	0.432432	0.432432	0.432198	0.432198	0.432198	0.432198	0.459505	0.459505	0.459587	0.459647	0.459647	0.459647	0.459647	0.459647	0.459647	0.459647	0.459647	0.450963	0.450963	0.450963	0.450963	0.450963	0.450963	0.459647	0.450963	0.450963	0.459612	0.459647	0.459647	0.459647	0.459647	0.459647	0.459647	0.459647	0.459647	0.459647	0.459647	0.459647	0.459647	0.459647	0.459647	0.459647	0.459647	0.459647	0.459647	0.459647
