Crust moisture [-]
0.161171	0.257486	0.161044	0.14433	0.16	0.162313	0.14433	0.16	0.16	0.16	0.16	0.16	0.16	0.173814	0.14433	0.14433	0.14433	0.14433	0.14433	0.14433	0.14433	0.175719	0.175719	0.175719	0.14433	0.14433	0.14433	0.14433	0.14433	0.14433	0.14433	0.14433	0.14433	0.14433	0.175719	0.175719	0.16	0.14433	0.14433	0.14433	0.14433	0.14433	0.16	0.175719	0.175719	0.175719	0.175719	0.175719	0.16	0.14433	0.14433	0.14433	0.14433	0.14433	0.14433	0.16	0.16	0.14433	0.14433	0.14433	0.14433	0.14433	0.14433	0.175719	0.14433	0.14433	0.16	0.14433	0.14433	0.14433	0.14433	0.14433	0.16	0.16
0.16	0.16	0.16	0.14433	0.16	0.16	0.14433	0.16	0.16	0.16	0.16	0.16	0.16	0.183662	0.14433	0.14433	0.14433	0.14433	0.14433	0.14433	0.14433	0.175719	0.175719	0.175719	0.14433	0.14433	0.14433	0.14433	0.149271	0.14433	0.14433	0.14433	0.14433	0.14433	0.175719	0.175719	0.16	0.14433	0.14433	0.14433	0.14433	0.14433	0.163655	0.175719	0.175719	0.175719	0.175719	0.175719	0.16	0.14433	0.14433	0.14433	0.14433	0.14433	0.14433	0.16	0.16	0.14433	0.14433	0.14433	0.14433	0.14433	0.14433	0.175719	0.14433	0.14433	0.16	0.14433	0.14433	0.14433	0.14433	0.14433	0.16	0.16
0.14433	0.175719	0.175719	0.175719	0.175719	0.175719	0.175454	0.16	0.16	0.16	0.16	0.16	0.16	0.14433	0.225424	0.14433	0.14433	0.14433	0.14433	0.16	0.16	0.175719	0.16	0.16	0.14433	0.14433	0.14433	0.14433	0.14433	0.14433	0.14433	0.14433	0.14433	0.14433	0.14433	0.14433	0.14433	0.14433	0.14433	0.14433	0.162245	0.16	0.14433	0.14433	0.14433	0.175719	0.175719	0.175719	0.175719	0.14433	0.14433	0.14433	0.14433	0.14433	0.14433	0.16	0.16	0.14433	0.14433	0.14433	0.14433	0.175719	0.175719	0.14433	0.175719	0.175719	0.175719	0.14433	0.14433	0.14433	0.14433	0.14433	0.14433	0.14433
0.175719	0.175719	0.175719	0.175719	0.175719	0.175719	0.175719	0.16	0.16	0.16	0.16	0.16	0.16	0.1502	0.185873	0.16	0.14433	0.14433	0.14433	0.14433	0.14433	0.16	0.16	0.16	0.16	0.14433	0.14433	0.175719	0.14433	0.14433	0.14433	0.14433	0.14433	0.14433	0.14433	0.14433	0.14433	0.14433	0.14433	0.14433	0.14433	0.14433	0.14433	0.14433	0.14433	0.14433	0.14433	0.14433	0.14433	0.14433	0.14433	0.14433	0.14433	0.14433	0.14433	0.14433	0.14433	0.14433	0.175719	0.175719	0.175719	0.163191	0.16	0.175719	0.175719	0.175719	0.175719	0.175719	0.175719	0.175719	0.175719	0.175719	0.14433	0.14433
0.175719	0.175719	0.175719	0.175719	0.22118	0.178913	0.17626	0.160891	0.16	0.16	0.16	0.16	0.16	0.14433	0.15048	0.183335	0.158513	0.225972	0.199279	0.14433	0.14433	0.16	0.16	0.16	0.16	0.14433	0.14433	0.175719	0.14433	0.14433	0.160352	0.14433	0.14433	0.14433	0.14433	0.14433	0.14433	0.14433	0.14433	0.14433	0.14433	0.14433	0.14433	0.14433	0.14433	0.14433	0.14433	0.14433	0.14433	0.14433	0.14433	0.14433	0.14433	0.14433	0.14433	0.14433	0.14433	0.14433	0.175719	0.175719	0.175719	0.16	0.16305	0.175719	0.186381	0.175719	0.175719	0.175719	0.175719	0.175719	0.175719	0.175719	0.14433	0.14433
0.169126	0.1633	0.169606	0.175719	0.175719	0.176097	0.175719	0.175719	0.175719	0.14433	0.14433	0.14433	0.16	0.14433	0.14433	0.14433	0.22393	0.14433	0.14433	0.14433	0.14433	0.14433	0.175719	0.175719	0.16	0.16	0.16	0.16	0.16	0.16	0.14433	0.14433	0.14433	1	0.14433	0.14433	0.14433	0.175719	0.175719	0.175719	0.14433	0.14433	0.14433	0.14433	0.14433	0.14433	0.175719	0.177811	0.175719	0.14433	0.14433	0.14433	0.175719	0.175719	0.175719	0.14433	0.14433	0.14433	0.14433	0.14433	0.175719	0.160951	0.257346	0.258532	0.175719	0.175719	0.175719	0.175719	0.175719	0.175719	0.175719	0.175719	0.175719	0.175719
0.16	0.16555	0.169529	0.175719	0.16	0.16	0.175719	0.175719	0.175719	0.175719	0.263514	0.175719	0.175719	0.16	0.16	0.19293	0.16	0.16	0.14433	0.175719	0.175719	0.175719	0.14433	0.14433	0.14433	0.16	0.16	0.16	0.16	0.16	0.16	0.16	0.16	0.175719	0.175719	0.256133	0.18431	0.175719	0.175719	0.175719	0.17144	0.175828	0.14433	0.14433	0.14433	0.198866	0.179267	0.175719	0.175719	0.182008	0.175719	0.175719	0.175719	0.175719	0.175719	0.188039	0.175719	0.14433	0.14433	0.14433	0.173058	0.179606	0.163933	0.175719	0.175719	0.175719	0.175719	0.175719	0.175719	0.175719	0.175719	0.175719	0.14433	0.14433
0.16	0.248383	0.238347	0.176128	0.16	0.16	0.175719	0.175719	0.175719	0.175719	0.187421	0.175719	0.175719	0.16	0.16	0.193447	0.16	0.16	0.14433	0.175719	0.175719	0.175719	0.14433	0.14433	0.14433	0.16	0.16	0.16	0.16	0.16	0.16	0.16	0.16	0.175719	0.175719	0.175719	0.175719	0.177155	0.268636	0.175719	0.182107	0.16	0.14433	0.18382	0.168125	0.175719	0.175719	0.175719	0.175719	0.175719	0.189714	0.178847	0.19123	0.203861	0.18007	0.175719	0.175963	0.16784	0.14433	0.14433	0.16	0.16	0.16	0.175719	0.175719	0.175719	0.175719	0.175719	0.175719	0.175719	0.175719	0.175719	0.14433	0.14433
0.182597	0.176719	0.175719	0.17682	0.17008	0.161379	0.175719	0.163721	0.16	0.16	0.186938	0.175719	0.175719	0.175719	0.175719	0.168885	0.16	0.16	0.16	0.175719	0.175719	0.184178	0.14433	0.14433	0.14433	0.14433	0.14433	0.14433	0.16	0.16	0.16	0.16	0.16	0.16	0.175719	0.175719	0.175719	0.14433	0.14433	0.175719	0.175719	0.182895	1	0.14433	0.14433	0.14433	0.175719	0.175719	0.16	0.16	0.16	0.16	0.160013	0.163104	0.258518	0.258965	0.198482	0.175719	0.14433	0.14433	0.14433	0.16	0.16	0.175719	0.175719	0.175719	0.175719	0.175719	0.175719	0.175719	0.175719	0.175719	0.14433	0.14433
0.18817	0.17626	0.175719	0.16	0.175719	0.175719	0.164056	0.175719	0.175719	0.175719	0.186853	0.175719	0.175719	0.175719	0.175719	0.175719	0.177152	0.175719	0.16	0.175719	0.175719	0.224031	0.175719	0.214782	0.14433	0.14433	0.14433	0.14433	0.16	0.16	0.16	0.162484	0.16	0.16	0.16	0.16	0.16	0.16	0.16	0.14433	0.175719	0.175719	0.14433	0.14433	0.14433	0.14433	0.175719	0.175719	0.16	0.16	0.16	0.16	0.16	0.16	0.16294	0.175719	0.175719	0.175719	0.175719	0.175719	0.175719	0.175719	0.175719	0.175719	0.175719	0.187113	0.177631	0.175719	0.175719	0.175719	0.14433	0.14433	0.14433	0.14433
0.183165	0.175719	0.175719	0.163545	0.175719	0.175719	0.166216	0.175719	0.180105	0.187792	0.175719	0.175719	0.175719	0.175719	0.175719	0.175719	0.175719	0.175719	0.16	0.175719	0.176717	0.208685	0.175719	0.175719	0.160031	0.14433	0.14433	0.14433	0.16	0.16	0.167056	0.16	0.16	0.16	0.160015	0.16	0.16	0.16	0.16	0.14433	0.175719	0.175719	0.14433	0.14433	0.14433	0.14433	0.175719	0.175719	0.16	0.16	0.16	0.16	0.16	0.16	0.16	0.175719	0.175719	0.176029	0.175719	0.175719	0.175719	0.175719	0.191889	0.228498	0.20827	0.175719	0.175719	0.175719	0.175719	0.175719	0.14433	0.14433	0.14433	0.14433
0.175719	0.163213	0.165489	0.175719	0.175719	0.175719	0.175719	0.175719	0.175719	0.16	0.179699	0.175719	0.175719	0.175719	0.175719	0.175719	0.175719	0.214251	0.258615	0.257265	0.16	0.14433	0.175719	0.175719	0.175719	0.161144	0.16	0.16	0.173551	0.16	0.206624	0.16	0.16	0.16	0.160125	0.16	0.16	0.16	0.16	0.16	0.16	0.16294	0.145809	0.541428	0.14433	0.14433	0.16	0.16	0.16	0.16	0.16	0.16	0.16	0.16	0.16	0.16	0.162182	0.175719	0.175719	0.175719	0.270103	0.184717	0.175719	0.175719	0.175719	0.175719	0.175719	0.175719	0.175719	0.175719	0.175719	0.175719	0.14433	0.14433
0.175719	0.160799	0.167261	0.175719	0.16	0.16	0.164271	0.162251	0.166138	0.182351	0.176925	0.175719	0.175719	0.175719	0.175719	0.175719	0.175719	0.175719	0.165027	0.18822	0.176048	0.14433	0.175719	0.175719	0.175719	0.175719	0.206205	0.175719	0.175719	0.175719	0.176129	0.16	0.16	0.16	0.16	0.16	0.16	0.16	0.16	0.16	0.175719	0.175719	0.175719	0.198719	0.14433	0.14433	0.16	0.16	0.16	0.16	0.16	0.16	0.16	0.16	0.16	0.16	0.16	0.164584	0.175719	0.270575	0.175719	0.175719	0.175719	0.175719	0.175719	0.175719	0.175719	0.14433	0.14433	0.162871	0.175719	0.175719	0.16	0.16
0.17863	0.16	0.163102	0.175719	0.16	0.16	0.161475	0.163534	0.167639	0.190093	0.175719	0.175719	0.175719	0.175719	0.175719	0.175719	0.175719	0.175719	0.25856	0.176913	0.175719	0.147976	0.175783	0.176299	0.175719	0.175719	0.208605	0.175719	0.175719	0.175719	0.175719	0.180092	0.16	0.16	0.16	0.16	0.160668	0.16	0.16	0.16	0.175719	0.175719	0.175719	0.14433	0.14433	0.14433	0.16	0.16	0.16	0.16	0.16	0.16	0.16	0.16	0.16	0.16	0.16	0.16	0.175719	0.175719	0.175719	0.175719	0.175719	0.208091	0.175719	0.175719	0.175719	0.14433	0.14433	0.202002	0.175719	0.175719	0.16	0.16
0.177516	0.175719	0.175719	0.171249	0.172755	0.165471	0.16	0.167193	0.200417	0.217764	0.175719	0.175719	0.175719	0.175719	0.175719	0.188966	0.175719	0.189816	0.175719	0.175719	0.178328	0.16	0.14433	0.14433	0.14433	0.175719	0.175719	0.188188	0.175719	0.175719	0.175719	0.160336	0.16	0.16	0.16	0.16	0.16	0.161179	0.16	0.16	0.16	0.16	0.16	0.14433	0.14433	0.14433	0.14433	0.14433	0.175719	0.16	0.16	0.16	0.16	0.16	0.16	0.16	0.16	0.160105	0.16	0.160978	0.175719	0.175719	0.175719	0.175719	0.176101	0.175719	0.175719	0.14433	0.14433	0.16	0.16	0.16	0.16	0.16
0.183479	0.175719	0.175719	0.175719	0.175719	0.175719	0.175719	0.16	0.204679	0.175719	0.175719	0.175719	0.175719	0.18669	0.177047	0.175719	0.175719	0.245606	0.175719	0.16	0.256586	0.14433	0.14433	0.14433	0.14433	0.175719	0.175719	0.175719	0.186508	0.175719	0.175719	0.165471	0.161824	0.162468	0.176457	0.16	0.160327	0.16	0.16	0.16	0.16	0.16	0.16	0.175719	0.175719	0.14433	0.14433	0.14433	0.14433	0.175719	0.175719	0.175719	0.175719	0.175719	0.175719	0.16	0.16	0.16	0.160006	0.16	0.164653	0.175719	0.175719	0.175719	0.175719	0.175719	0.175719	0.182689	0.16	0.16	0.16	0.16	0.16	0.16
0.175719	0.175719	0.175719	0.175719	0.175719	0.175719	0.175719	0.16	0.215981	0.175719	0.175719	0.178843	0.175719	0.216642	0.175719	0.175719	0.17682	0.175719	0.175719	0.16	0.16	0.14433	0.14433	0.14433	0.14433	0.175719	0.175719	0.175719	0.175719	0.217513	0.175719	0.165731	0.165308	0.192702	0.16	0.161087	0.16	0.160569	0.16	0.16	0.16	0.16	0.16	0.175719	0.175719	0.180026	0.14433	0.14433	0.14433	0.175719	0.175719	0.175719	0.175719	0.175719	0.175719	0.160126	0.16	0.16	0.16	0.160044	0.16	0.175719	0.175719	0.175719	0.175719	0.175719	0.175719	0.164354	0.256617	0.16	0.16	0.16	0.16	0.16
0.166312	0.175719	0.175719	0.175719	0.165232	0.16	0.16	0.175719	0.175719	0.244538	0.175719	0.175719	0.175719	0.184475	0.258965	0.175719	0.175719	0.175719	0.175719	0.175719	0.175719	0.175719	0.175719	0.175719	0.175719	0.14433	0.14433	0.175719	0.175719	0.221219	0.175719	0.175719	0.175719	0.231971	0.166319	0.16	0.16	0.16	0.161922	0.16	0.16	0.16	0.16	0.16	0.16	0.14433	0.14433	0.14433	0.14433	0.14433	0.14433	0.175719	0.14433	0.14433	0.175719	0.16	0.160119	0.16	0.16	0.16	0.160109	0.16	0.16	0.16	0.160369	0.163093	0.180032	0.182893	0.176378	0.161245	0.175719	0.175719	0.175719	0.175719
0.180943	0.165116	0.164734	0.187537	0.175719	0.175719	0.16	0.16	0.16	0.175719	0.175719	0.175719	0.179668	0.175719	0.175719	0.268996	0.175719	0.175719	0.177054	0.175719	0.175719	0.175719	0.175719	0.175719	0.175719	0.175719	0.175719	0.175719	0.175719	0.19074	0.16	0.175719	0.175719	0.175719	0.16	0.16	0.16	0.162525	0.16	0.16	0.16	0.16	0.16	0.16	0.16	0.14433	0.14433	0.14433	0.14433	0.14433	0.14433	0.14433	0.14433	0.14433	0.175719	0.16	0.16	0.160201	0.16	0.16	0.160697	0.16	0.16	0.16	0.16	0.160023	0.170441	0.175719	0.175719	0.175719	0.175719	0.175719	0.175719	0.175719
0.197083	0.169166	0.167107	0.166999	0.175719	0.175719	0.16	0.16	0.161318	0.175719	0.175719	0.175719	0.163519	0.175719	0.175719	0.175719	0.244754	0.175719	0.175719	0.175719	0.175719	0.175719	0.175719	0.175719	0.175719	0.175719	0.175719	0.197016	0.175719	0.17737	0.164773	0.175719	0.175719	0.175907	0.16	0.16	0.163857	0.16	0.16	0.16	0.160445	0.16	0.16	0.16	0.16	1	0.14433	0.14433	0.14433	0.14433	0.14433	0.14433	0.14433	0.14433	0.175719	0.160854	0.16	0.16	0.161008	0.16	0.161121	0.16	0.16	0.16	0.16	0.16	0.161395	0.175719	0.175719	0.175719	0.175719	0.175719	0.175719	0.175719
0.194579	0.175719	0.175719	0.175719	0.175719	0.175719	0.177187	0.163721	0.164924	0.175719	0.160619	0.16	0.175719	0.175719	0.175719	0.175719	0.175719	0.212973	0.175719	0.176898	0.200146	0.175719	0.175719	0.175719	0.175719	0.175719	0.175719	0.193836	0.176191	0.175719	0.16	0.175719	0.175719	0.175719	0.22863	0.175719	0.16	0.16	0.16	0.160614	0.16	0.16	0.16	0.16	0.1627	0.175719	0.14433	0.14433	0.14433	0.14433	0.14433	0.14433	0.14433	0.14433	0.14433	0.16	0.162957	0.16	0.16	0.164897	0.165308	0.16	0.16	0.16	0.16	0.16	0.16	0.16308	0.180224	0.189736	0.175719	0.175719	0.175719	0.175719
0.185914	0.175719	0.175719	0.164104	0.163243	0.163137	0.178439	0.175719	0.175719	0.171127	0.16	0.161381	0.16	0.16	0.16	0.175719	0.188924	0.175719	0.175719	0.175719	0.175719	0.175719	0.175719	0.175719	0.175719	0.175719	0.175719	0.175719	0.257171	0.16	0.160687	0.160197	0.16	0.175719	0.172469	0.16	0.16	0.16	0.163042	0.16	0.16	0.16	0.16	0.175719	0.175719	0.14433	0.14433	0.14433	0.14433	0.14433	0.14433	0.14433	0.14433	0.14433	0.14433	0.175719	0.175719	0.175719	0.175719	0.175719	0.16	0.16	0.16	0.16	0.16	0.16	0.16	0.16	0.172058	0.175719	0.175719	0.175719	0.14433	0.14433
0.18645	0.175719	0.175719	0.164725	0.170472	0.168521	0.168522	0.175719	0.175719	0.176135	0.168494	0.16	0.163149	0.16	0.16	0.196242	0.175719	0.175719	0.175719	0.175719	0.175719	0.175719	0.175719	0.175719	0.175719	0.177194	0.175719	0.175719	0.25487	0.160771	0.160046	0.160027	0.16	0.175719	0.188832	0.16	0.16	0.163822	0.16	0.16	0.16	0.16	0.16	0.175719	0.175719	0.14433	1	0.14433	0.14433	0.14433	0.14433	0.14433	0.14433	0.14433	0.14433	0.175719	0.175719	0.175719	0.175719	0.175719	0.16	0.16	0.16	0.16	0.16	0.16	0.16	0.16	0.16	0.175719	0.175719	0.175719	0.14433	0.14433
0.175719	0.160251	0.160575	0.16302	0.172369	0.209118	0.196389	0.196985	0.21127	0.168448	0.175719	0.175719	0.16	0.175719	0.175719	0.181222	0.175719	0.175719	0.175719	0.175719	0.175719	0.175719	0.175719	0.175719	0.175719	0.175719	0.175719	0.175719	0.164259	0.160292	0.160228	0.16	0.16	0.16	0.175719	0.175719	0.175719	0.16	0.16	0.16	0.16	0.16	0.16	0.16	0.16	0.16	0.161596	0.14433	0.14433	0.14433	0.14433	0.14433	0.14433	0.14433	0.14433	0.14433	0.14433	0.175719	0.16	0.16	0.16	0.16	0.16	0.16	0.16	0.16	0.16	0.16	0.16	0.16	0.175719	0.175719	0.175719	0.175719
0.168645	0.161606	0.160501	0.162172	0.170968	0.221221	0.175719	0.175719	0.175719	0.175719	0.175719	0.175719	0.175719	0.175719	0.175719	0.175719	0.175719	0.175719	0.175719	0.175719	0.175719	0.175719	0.175719	0.175719	0.175719	0.175719	0.175719	0.173011	0.160249	0.160061	0.160147	0.160008	0.16	0.175719	0.175719	0.267641	0.16	0.16	0.16	0.16	0.16	0.16	0.16	0.16	0.16	0.14433	0.14433	0.14433	0.14433	0.14433	0.14433	0.14433	0.14433	0.14433	0.14433	0.14433	0.14433	0.14433	0.16	0.169723	0.16	0.16	0.16	0.16	0.16	0.16	0.16	0.16	0.16	0.16	0.16	0.16	0.16	0.16
0.173267	0.162358	0.165614	0.16138	0.165004	0.208198	0.175719	0.175719	0.175719	0.175719	0.175719	0.175719	0.175719	0.175719	0.175719	0.175719	0.176761	0.175719	0.175719	0.175719	0.175719	0.175719	0.175719	0.175719	0.175719	0.175719	0.175719	0.161432	0.160481	0.160124	0.160012	0.160005	0.16	0.175719	0.175719	0.175719	0.16	0.16	0.16	0.16	0.16	0.16	0.16	0.16	0.16	0.14433	0.14433	0.178513	0.14433	0.14433	0.14433	0.14433	0.14433	0.14433	0.14433	0.14433	0.14433	0.14433	0.16	0.162941	0.16	0.16	0.16	0.16	0.16	0.16	0.16	0.16	0.16	0.16	0.16	0.16	0.16	0.16
0.192763	0.162744	0.166132	0.175719	0.163085	0.17434	0.175719	0.175719	0.175719	0.175719	0.175719	0.175719	0.175719	0.175719	0.175719	0.175719	0.175719	0.175719	0.175719	0.175719	0.175719	0.175719	0.175719	0.175719	0.175719	0.186897	0.162586	0.160786	0.160127	0.16001	0.160091	0.160074	0.16	0.168513	0.175719	0.175719	0.16	0.16	0.16	0.16	0.16	0.160187	0.16	0.160239	0.160048	0.16	0.14433	0.14433	0.14433	0.14433	0.14433	0.14433	0.14433	0.14433	0.14433	0.14433	0.14433	0.175719	0.16	0.160941	0.16	0.175719	0.175719	0.175719	0.16	0.16	0.16	0.16	0.16	0.16	0.16	0.16	0.16	0.16
0.175719	0.161108	0.168782	0.175719	0.161167	0.168071	0.175719	0.175719	0.175719	0.175719	0.175719	0.175719	0.175719	0.175719	0.175719	0.175719	0.175719	0.175719	0.175719	0.175719	0.175719	0.237221	0.175719	0.175719	0.175719	0.173139	0.162412	0.160362	0.160622	0.16034	0.160008	0.16	0.16	0.175719	0.167092	0.16	0.16	0.16	0.16	0.16	0.16	0.160313	0.160171	0.16	0.160126	0.16	0.16	0.16	0.175719	0.14433	0.14433	0.14433	0.14433	0.14433	0.175719	0.175719	0.175719	0.175719	0.175719	0.175719	0.14433	0.14433	0.14433	0.14433	0.16	0.16	0.16	0.16	0.16	0.16	0.16	0.16	0.16	0.16
0.175719	0.16	0.163418	0.175719	0.16317	0.163089	0.175719	0.175719	0.175719	0.175719	0.175719	0.175719	0.175719	0.175719	0.175719	0.175719	0.175719	0.175719	0.175719	0.175719	0.175719	0.225175	0.175719	0.175719	0.175719	0.168194	0.160869	0.160194	0.160759	0.16017	0.16	0.16	0.16	0.175719	0.16	0.16	0.16	0.160367	0.161189	0.16	0.16	0.160223	0.16	0.16	0.160023	0.16	0.16	0.16	0.175719	0.14433	0.14433	0.14433	0.14433	0.14433	0.175719	0.175719	0.175719	0.175719	0.175719	0.175719	0.14433	0.14433	0.14433	0.14433	0.16	0.16	0.16	0.16	0.16	0.16	0.16	0.16	0.16	0.16
0.175719	0.16	0.16	0.175719	0.175719	0.175719	0.175719	0.175719	0.175719	0.175719	0.175719	0.175719	0.175719	0.175719	0.175719	0.175719	0.175719	0.175719	0.175719	0.175719	0.175719	0.175719	0.175719	0.175719	0.175719	0.161756	0.161212	0.161392	0.16077	0.16	0.16	0.160115	0.160003	0.16	0.16	0.16	0.16	0.16	0.16	0.160043	0.160093	0.16	0.16	0.16	0.160188	0.160185	0.16	0.16	0.16	1	0.14433	0.14433	0.14433	0.14433	0.175719	0.175719	0.175719	0.175719	0.14433	0.14433	0.14433	0.14433	0.14433	0.14433	0.14433	0.14433	0.16	0.16	0.16	0.16	0.16	0.16	0.16	0.16
0.175719	0.14433	0.14433	0.14433	0.14433	0.14433	0.175719	0.175719	0.175719	0.175719	0.175719	0.175719	0.175719	0.175719	0.175719	0.175719	0.175719	0.175719	0.175719	0.175719	0.175719	0.163394	0.16	0.162025	0.166254	0.16284	0.164713	0.160574	0.16	0.16	0.160402	0.160081	0.16	0.16	0.16	0.160062	0.160495	0.16	0.160288	0.160403	0.16	0.16	0.16	0.160006	0.160213	0.16014	0.16	0.16	0.16	0.14433	0.159075	0.14433	0.14433	0.14433	0.14433	0.175719	0.175719	0.14433	0.14433	0.14433	0.175719	0.14433	0.14433	0.14433	0.16	0.16	0.16	0.16	0.16	0.16	0.16	0.16	0.16	0.16
0.175719	0.14433	0.14433	0.14433	0.14433	0.14433	0.175719	0.175719	0.175719	0.175719	0.175719	0.175719	0.175719	0.175719	0.175719	0.175719	0.175719	0.175719	0.175719	0.175719	0.175719	0.16	0.163394	0.178326	0.173273	0.181444	0.163215	0.16	0.16	0.160173	0.160133	0.16	0.16	0.16	0.16	0.16	0.16	0.16019	0.160688	0.16	0.16	0.16	0.16	0.160084	0.16	0.160771	0.16	0.16	0.16	0.14433	0.224999	0.14433	0.14433	0.14433	0.14433	0.175719	0.175719	0.155655	0.14433	0.14433	0.175719	0.14433	0.14433	0.14433	0.16	0.16	0.16	0.16	0.16	0.16	0.16	0.16	0.16	0.16
0.14433	0.14433	0.14433	0.14433	0.14433	0.14433	0.14433	0.14433	0.14433	0.14433	0.175719	0.175719	0.175719	0.175719	0.175719	0.175719	0.175719	0.175719	0.175719	0.175719	0.175719	0.175719	0.175719	0.175719	0.175719	0.173273	0.16	0.16	0.160656	0.160007	0.16	0.16	0.16	0.160002	0.16	0.16	0.16	0.160049	0.161008	0.16	0.16	0.16	0.160066	0.16	0.160105	0.16053	0.16	0.16	0.16	0.16	0.16	0.219716	0.175719	0.175719	0.14433	0.14433	0.14433	0.14433	0.14433	0.14433	0.14433	0.14433	0.14433	0.14433	0.14433	0.14433	0.14433	0.16	0.16	0.16	0.16	0.16	0.16	0.16
0.14433	0.14433	0.14433	0.14433	0.14433	0.14433	0.14433	0.14433	0.14433	0.14433	0.175719	0.175719	0.175719	0.175719	0.175719	0.175719	0.175719	0.175719	0.175719	0.175719	0.175719	0.175719	0.175719	0.175719	0.175719	0.16	0.16	0.160512	0.160336	0.16	0.16	0.16	0.16014	0.160301	0.160435	0.160789	0.16	0.160046	0.160809	0.16	0.16	0.160145	0.16	0.160228	0.160425	0.16	0.16	0.16	0.16	0.16	0.16	0.175719	0.252274	0.175719	0.14433	0.14433	0.14433	0.14433	0.175719	0.175719	0.175719	0.175719	0.175719	0.14433	0.175719	0.175719	0.14433	0.16	0.16	0.16	0.16	0.16	0.175719	0.175719
0.14433	0.14433	0.14433	0.14433	0.14433	0.14433	0.14433	0.14433	0.14433	0.14433	0.175719	0.175719	0.175719	0.175719	0.175719	0.175719	0.175719	0.175719	0.175719	0.175719	0.175719	0.185215	0.175719	0.175719	0.175719	0.207864	0.163262	0.160086	0.16	0.16	0.16	0.160015	0.16	0.160028	0.16003	0.160249	0.160192	0.160069	0.16055	0.160432	0.160359	0.16	0.160451	0.16104	0.16	0.16	0.16	0.16	0.16	0.16	0.16	0.175719	0.175719	0.178033	0.17707	0.14433	0.14433	0.14433	0.175719	0.175719	0.175719	0.175719	0.175719	0.14433	0.175719	0.175719	0.14433	0.16	0.16	0.16	0.16	0.162346	0.175719	0.175719
0.14433	0.14433	0.14433	0.14433	0.14433	0.14433	0.14433	0.14433	0.14433	0.175719	0.175719	0.175719	0.175719	0.175719	0.175719	0.175719	0.175719	0.175719	0.175719	0.203464	0.161771	0.161226	0.258175	0.206465	0.184829	0.166133	0.162382	0.16	0.16	0.16	0.160057	0.160209	0.160079	0.16	0.16	0.160001	0.160238	0.160002	0.16	0.160114	0.16	0.160755	0.161512	0.16	0.16	0.16	0.16	0.16	0.16	0.16	0.16	0.16	0.175719	0.175719	1	0.175719	0.175719	0.175719	0.175719	0.175719	0.175719	0.175719	0.175719	0.175719	0.175719	0.175719	0.14433	0.14433	0.14433	0.16	0.175719	0.175719	0.14433	0.14433
0.14433	0.14433	0.14433	0.14433	0.14433	0.14433	0.14433	0.14433	0.14433	0.14433	0.175719	0.175719	0.175719	0.175719	0.175719	0.16	0.175719	0.175719	0.175719	0.163519	0.16166	0.16	0.175719	0.175719	0.173612	0.164893	0.163183	0.16	0.16	0.160261	0.160107	0.16026	0.161097	0.160318	0.160009	0.160051	0.160151	0.160178	0.160787	0.16	0.160384	0.161591	0.160915	0.160002	0.16	0.16	0.16	0.16	0.160001	0.16	0.16	0.16	0.16	0.16	0.16	0.227179	0.175719	0.175719	0.175719	0.175719	0.175719	0.14433	0.14433	0.175719	0.14433	0.14433	0.16	0.14433	0.14433	0.14433	0.175719	0.175719	0.175719	0.175719
0.14433	0.14433	0.14433	0.14433	0.14433	0.14433	0.14433	0.14433	0.14433	0.14433	0.175719	0.175719	0.175719	0.175719	0.175719	0.16	0.175719	0.175719	0.175719	0.163031	0.16	0.164241	0.175719	0.175719	0.164605	0.169033	0.175182	0.166382	0.161841	0.160376	0.160694	0.160741	0.160825	0.160699	0.160186	0.16	0.16	0.16	0.160294	0.16111	0.161183	0.16021	0.16	0.16	0.160286	0.16	0.16	0.16	0.16	0.16	0.16	0.16	0.16	0.16	0.16	0.178416	0.198722	0.175719	0.175719	0.175719	0.175719	0.14433	0.14433	0.175719	0.14433	0.14433	0.16	0.14433	0.14433	0.14433	0.175719	0.175719	0.175719	0.175719
0.14433	0.14433	0.14433	0.14433	0.14433	0.14433	0.14433	0.14433	0.14433	0.14433	0.16	0.16	0.175719	0.175719	0.175719	0.175719	0.16	0.16	0.175719	0.16	0.16811	0.175903	0.177272	0.176898	0.175681	0.185003	0.16872	0.164961	0.161984	0.161009	0.161477	0.160384	0.161146	0.160865	0.160558	0.160271	0.160356	0.160056	0.165471	0.174317	0.161576	0.16	0.16	0.16	0.16	0.16031	0.16	0.16	0.16	0.16	0.16	0.160059	0.16	0.16	0.16	0.175719	0.175719	0.175719	0.14433	0.14433	0.14433	0.14433	0.14433	0.175719	0.175719	0.175719	0.14433	0.14433	0.14433	0.14433	0.14433	0.14433	0.14433	0.14433
0.14433	0.14433	0.14433	0.14433	0.14433	0.14433	0.14433	0.14433	0.14433	0.14433	0.14433	0.14433	0.14433	0.175719	0.175719	0.175719	0.14433	0.14433	0.16	0.175719	0.175719	0.175719	0.175719	0.175719	0.175719	0.175754	0.165442	0.162637	0.163781	0.171108	0.16202	0.161685	0.161793	0.161077	0.16075	0.160667	0.161224	0.175719	0.175719	0.165388	0.16	0.16	0.16	0.16	0.160826	0.16	0.160676	0.160981	0.16	0.16	0.16	0.16	0.16	0.16	0.16	0.16	0.16	0.746771	0.175719	0.175719	0.175719	0.14433	0.14433	0.14433	0.14433	0.14433	0.14433	0.14433	0.14433	0.14433	0.16	0.16	0.14433	0.14433
0.14433	0.14433	0.14433	0.14433	0.14433	0.14433	0.14433	0.14433	0.14433	0.14433	0.14433	0.14433	0.14433	0.175719	0.175719	0.175719	0.14433	0.14433	0.16	0.175719	0.175719	0.175719	0.175719	0.175719	0.175719	0.176296	0.163708	0.165789	0.20573	0.168789	0.173747	0.165459	0.16103	0.160442	0.161603	0.162313	0.16	0.175719	0.175719	0.16	0.16	0.16	0.16	0.160058	0.16	0.160062	0.16	0.160309	0.16	0.160192	0.16	0.16	0.16	0.160209	0.16	0.16	0.16	0.175719	0.182969	0.175719	0.175719	0.14433	0.14433	0.14433	0.14433	0.170948	0.14433	0.14433	0.14433	0.14433	0.16	0.16	0.14433	0.14433
0.14433	0.14433	0.14433	0.14433	0.14433	0.14433	0.14433	0.14433	0.14433	0.14433	0.14433	0.14433	0.14433	0.175719	0.175719	0.175719	0.175719	0.175719	0.14433	0.16	0.16	0.14433	0.14433	0.14433	0.16	0.168732	0.176057	0.175719	0.175828	0.200916	0.179668	0.168957	0.163267	0.16	0.175101	0.16	0.176602	0.237125	0.164859	0.161712	0.167499	0.161913	0.160783	0.16	0.160102	0.16	0.16	0.160031	0.16	0.16	0.160141	0.16	0.16	0.16041	0.16	0.16	0.16	0.16	0.16	0.16	0.187744	0.14433	0.14433	0.14433	0.14433	0.14433	0.147651	0.14433	0.14433	0.14433	0.14433	0.14433	0.16	0.16
0.14433	0.14433	0.14433	0.14433	0.14433	0.14433	0.14433	0.14433	0.14433	0.14433	0.14433	0.14433	0.14433	0.175719	0.175719	0.175719	0.175719	0.175719	0.175719	0.16	0.16	0.16	0.14433	0.14433	0.16	0.175719	0.175719	0.175719	0.175719	0.175719	0.176296	0.166603	0.164787	0.172104	0.16	0.16	0.180614	0.163513	0.16	0.16	0.16	0.160934	0.16	0.160317	0.16	0.16	0.16	0.16	0.16	0.16	0.160215	0.16	0.160067	0.16	0.16	0.16	0.16	0.16	0.16	0.16	0.16	0.14433	0.14433	0.14433	0.14433	0.14433	0.14433	0.14433	0.14433	0.14433	0.14433	0.14433	0.175719	0.175719
0.14433	0.14433	0.14433	0.14433	0.14433	0.14433	0.14433	0.14433	0.14433	0.14433	0.14433	0.14433	0.14433	0.175719	0.175719	0.175719	0.175719	0.175719	0.175719	0.16	0.16	0.16	0.14433	0.14433	0.16	0.175719	0.175719	0.175719	0.175719	0.175719	0.176546	0.16583	0.201451	0.191583	0.16	0.16	0.173139	0.16	0.188199	0.16	0.1611	0.16	0.16	0.16	0.160718	0.160015	0.16	0.16	0.16	0.16	0.16	0.160816	0.16	0.16	0.16	0.16	0.16	0.16	0.16	0.16	0.16	0.14433	1	0.14433	0.14433	0.14433	0.14433	0.14433	0.14433	0.14433	0.14433	0.14433	0.175719	0.175719
0.175719	0.175719	0.175719	0.14433	0.14433	0.14433	0.14433	0.14433	0.14433	0.14433	0.14433	0.14433	0.14433	0.175719	0.175719	0.175719	0.175719	0.175719	0.175719	0.175719	0.175719	0.16	0.16	0.16	0.14433	0.175719	0.175719	0.175719	0.175719	0.175719	0.186342	0.175719	0.175719	0.175719	0.16	0.16	0.16	0.16	0.16	0.16	0.14433	0.14433	0.16	0.16	0.161039	0.16	0.160762	0.16	0.160009	0.16	0.160121	0.16	0.16	0.16	0.16	0.16	0.16	0.16	0.16	0.16	0.16	0.14433	0.14433	0.14433	0.14433	0.14433	0.14433	0.14433	0.14433	0.14433	0.14433	0.14433	0.14433	0.14433
0.14433	0.16	0.16	0.14433	0.14433	0.14433	0.14433	0.14433	0.14433	0.14433	0.14433	0.14433	0.14433	0.14433	0.14433	0.175719	0.175719	0.175719	0.175719	0.175719	0.175719	0.14433	0.14433	0.14433	0.14433	0.16	0.16	0.175719	0.175719	0.175719	0.175719	0.175719	0.175719	0.175719	0.14433	0.14433	0.160688	0.16	0.16	0.164379	0.16	0.16	0.16	0.161197	0.16	0.16022	0.16	0.160377	0.16	0.161439	0.16	0.16	0.16	0.16	0.16	0.16	0.16	0.16	0.16	0.16	0.16	0.16	0.16	0.14433	0.14433	0.14433	0.14433	0.14433	0.14433	0.14433	0.14433	0.14433	0.14433	0.14433
0.184921	0.16	0.16	0.14433	0.179431	0.14433	0.14433	0.14433	0.14433	0.14433	0.14433	0.14433	0.14433	0.14433	0.14433	0.175719	0.175719	0.175719	0.175719	0.175719	0.175719	0.14433	0.14433	0.14433	0.14433	0.16	0.16	0.175719	0.175719	0.175719	0.175719	0.175719	0.175719	0.175719	0.14433	0.14433	0.163737	0.16	0.16	0.192079	0.16	0.16	0.164773	0.16	0.160024	0.16	0.16	0.16	0.160135	0.161268	0.16	0.16	0.16	0.16	0.160137	0.16	0.16	0.16	0.16	0.161459	0.16	0.16	0.16	0.14433	0.14433	0.14433	0.14433	0.14433	0.14433	0.14433	0.14433	0.14433	0.14433	0.14433
0.14433	0.159312	0.199245	0.225635	0.14433	0.14433	0.14433	0.14433	0.14433	0.14433	0.14433	0.14433	0.14433	0.14433	0.14433	0.14433	0.175719	0.175719	0.175719	0.175719	0.175719	0.175719	0.14433	0.14433	0.14433	0.16	0.16	0.175719	0.175719	0.175719	0.175719	0.14433	0.14433	0.16	0.16	0.16	0.14433	0.14433	0.14433	0.175719	0.175719	0.175719	0.16	0.160168	0.16	0.16	0.16	0.16	0.16	0.161536	0.16	0.16	0.16	0.16	0.16	0.16	0.16	0.16	0.16	0.16	0.160697	0.16	0.16	0.16	0.14433	0.14433	1	0.14433	0.14433	0.14433	0.14433	0.14433	0.14433	0.14433
0.14433	0.14433	0.14433	0.14433	1	0.14433	0.14433	0.14433	0.14433	0.14433	0.14433	0.14433	0.14433	0.14433	0.14433	0.14433	0.14433	0.14433	0.14433	0.175719	0.175719	0.175719	0.16	0.16	0.16	0.16	0.16	0.16	0.14433	0.14433	0.175719	0.14433	0.14433	0.14433	0.14433	0.14433	0.14433	0.16	0.167269	0.169509	0.16	0.16	0.161741	0.16	0.160146	0.16	0.16	0.160253	0.16	0.16047	0.160712	0.16	0.16	0.16	0.16	0.16	0.16	0.160016	0.16	0.16	0.160288	0.16	0.16	0.16	0.16	0.16	0.14433	0.180597	0.14433	0.14433	0.14433	0.14433	0.14433	0.14433
0.14433	0.14433	0.14433	0.155198	0.14433	0.14433	0.14433	0.14433	0.14433	0.14433	0.14433	0.14433	0.14433	0.14433	0.14433	0.14433	0.14433	0.14433	0.14433	0.175719	0.175719	0.175719	0.16	0.16	0.16	0.16	0.16	0.16	0.14433	0.14433	0.175719	0.14433	0.14433	0.14433	0.14433	0.14433	0.14433	0.186817	0.163449	0.175711	0.16	0.161918	0.16	0.16	0.160681	0.16023	0.160002	0.160328	0.160028	0.160208	0.16	0.16	0.160651	0.16	0.16	0.160102	0.160063	0.16	0.16	0.160021	0.16	0.16	0.16	0.16	0.16	0.162644	0.14433	0.165964	0.14433	0.14433	0.14433	0.14433	0.14433	0.14433
0.175719	0.14433	0.14433	0.187239	0.14433	0.14433	0.14433	0.14433	0.14433	0.14433	0.14433	0.14433	0.14433	0.14433	0.14433	0.14433	0.14433	0.14433	0.16	0.16	0.16	0.175719	0.16	0.16	0.14433	0.16	0.16	0.16	0.14433	0.14433	0.16	0.16	0.16	0.175719	0.175719	0.175719	0.175719	0.176181	0.180581	0.209858	0.165253	0.163485	0.16	0.16019	0.160601	0.160359	0.160043	0.160115	0.160878	0.16	0.16	0.160001	0.16	0.16	0.16	0.160006	0.16	0.16	0.16	0.16	0.16	0.16	0.16	0.16	0.175719	0.175719	0.175719	0.175719	0.175719	0.14433	0.14433	0.14433	0.14433	0.14433
0.14433	0.14433	0.14433	0.175719	0.175719	0.175719	0.14433	0.14433	0.14433	0.14433	0.14433	0.14433	0.14433	0.14433	0.14433	0.14433	0.14433	0.14433	0.14433	0.16	0.16	0.175719	0.175719	0.175719	0.16	0.16	0.16	0.14433	0.16	0.16	0.16	0.16	0.16	0.14433	0.175719	0.175719	0.175719	0.175719	0.175719	0.176651	0.169048	0.16	0.16331	0.160954	0.1607	0.160373	0.160383	0.162189	0.16	0.16	0.16	0.160196	0.16	0.16	0.160189	0.16	0.16	0.160346	0.16	0.16	0.16	0.16	0.16	0.16	0.16	0.16	0.16	0.192117	0.175719	0.175719	0.14433	0.14433	0.14433	0.14433
0.14433	0.14433	0.14433	0.265058	0.175719	0.175719	0.14433	0.14433	0.14433	0.14433	0.14433	0.14433	0.14433	0.14433	0.14433	0.14433	0.14433	0.14433	0.14433	0.16	0.16	0.175719	0.175719	0.175719	0.16	0.16	0.16	0.14433	0.16	0.16	0.16	0.16	0.16	0.14433	0.175719	0.175719	0.175719	0.175719	0.175719	0.251033	0.16	0.168864	0.163489	0.160783	0.160871	0.160607	0.160129	0.16062	0.161013	0.16	0.16	0.160361	0.160218	0.160585	0.16	0.160074	0.160184	0.16	0.16	0.16	0.16	0.16	0.16	0.16	0.16	0.16	0.16	0.175719	0.175724	0.175719	0.14433	0.14433	0.14433	0.14433
0.14433	0.14433	0.14433	0.175719	0.180673	0.177326	1	0.159204	0.14433	0.14433	0.14433	0.14433	0.14433	0.14433	0.14433	0.14433	0.14433	0.14433	0.14433	0.16	0.16	0.16	0.16	0.16	0.14433	0.16	0.16	0.16	0.14433	0.14433	0.14433	0.16	0.16	0.175719	0.163973	0.169209	0.175719	0.187309	0.199652	0.175719	0.206431	0.16973	0.16308	0.161467	0.162097	0.162008	0.160444	0.16089	0.16	0.16	0.16059	0.160204	0.161728	0.16	0.160169	0.160285	0.16	0.16	0.16	0.16	0.16	0.16	0.16	0.16	0.16	0.16	0.175719	0.16	0.16	0.175719	0.14433	0.14433	0.14433	0.14433
0.173852	0.175719	0.175719	0.14433	0.14433	0.154705	0.175719	0.175719	0.175719	0.14433	0.14433	0.14433	0.14433	0.14433	0.14433	0.14433	0.14433	0.14433	0.14433	0.14433	0.14433	0.14433	0.16	0.16	0.14433	0.16	0.16	0.16	0.16	0.16	0.16	0.16	0.16	0.175719	0.175719	0.175719	0.175719	0.175719	0.175719	0.175719	0.202285	0.167618	0.162493	0.16255	0.162572	0.161585	0.162532	0.16	0.16	0.161027	0.160707	0.164999	0.16	0.160105	0.161879	0.16	0.16	0.16	0.16	0.16	0.16	0.16	0.16	0.16	0.16	0.16	0.16	0.16	0.16	0.16	0.175719	0.623104	0.14433	0.14433
0.180614	0.175719	0.175719	0.14433	0.14433	0.14433	0.175719	0.175719	0.175719	0.14433	0.14433	0.14433	0.14433	0.14433	0.14433	0.14433	0.14433	0.14433	0.14433	0.14433	0.14433	0.14433	0.16	0.16	0.14433	0.16	0.16	0.16	0.16	0.16	0.16	0.16	0.16	0.175719	0.175719	0.175719	0.175719	0.175719	0.175719	0.175719	0.187061	0.167269	0.169802	0.169994	0.1622	0.163977	0.16	0.16	0.166484	0.161737	0.197786	0.16	0.160257	0.16	0.160258	0.168021	0.16	0.16	0.16	0.16	0.160112	0.16	0.16	0.16	0.16	0.16	0.16	0.16	0.16	0.16	0.175719	0.175719	0.151938	0.14433
0.175719	0.14433	0.14433	0.14433	0.14433	0.150647	0.16	0.175719	0.177326	0.175719	0.14433	0.14433	0.14433	0.14433	0.14433	0.14433	0.14433	0.14433	0.14433	0.14433	0.14433	0.14433	0.14433	0.14433	0.14433	0.16	0.16	0.16	0.16	0.16	0.16	0.16	0.16	0.16	0.175719	0.175719	0.256344	0.175719	0.175719	0.175719	0.186817	0.220192	0.220904	0.168531	0.178057	0.18978	0.25749	0.210745	0.167479	0.175719	0.175719	0.16	0.16182	0.16	0.175719	0.160167	0.16	0.16	0.16	0.160002	0.16	0.16	0.16	0.16	0.16	0.160001	0.16	0.16	0.16	0.16	0.175719	0.175719	0.14433	0.14433
0.175719	0.16	0.16	0.14433	0.14433	0.14433	0.14433	0.175719	0.269154	0.175719	0.175719	0.175719	0.14433	0.175719	0.175719	0.14433	0.14433	0.14433	0.14433	0.14433	0.14433	0.14433	0.14433	0.14433	0.16	0.16	0.16	0.16	0.16	0.16	0.16	0.16	0.16	0.175719	0.175719	0.175719	0.175719	0.175719	0.175719	0.175719	0.175719	0.175719	0.199868	0.175719	0.175719	0.175719	0.256098	0.165995	0.186665	0.175719	0.175719	0.166012	0.160342	0.160337	0.160093	0.16	0.16	0.16	0.160002	0.16	0.16	0.16	0.16	0.16	0.16	0.16	0.16	0.16	0.16	0.16	0.16	0.16	0.175719	0.175719
0.175719	0.16	0.16	0.14433	0.145302	0.14433	0.14433	1	0.175719	0.175719	0.200483	0.191642	0.156012	0.175719	0.175719	0.14433	0.14433	0.14433	0.14433	0.14433	0.14433	0.14433	0.14433	0.14433	0.16	0.16	0.16	0.16	0.16	0.16	0.16	0.16	0.16	0.175719	0.175719	0.175719	0.175719	0.175719	0.175719	0.175719	0.175719	0.175719	0.194545	0.175719	0.175719	0.175719	0.170476	0.184289	0.18227	0.175719	0.175719	0.16032	0.160058	0.160201	0.16	0.16	0.16	0.16	0.16	0.16	0.160097	0.16013	0.16	0.16002	0.16	0.16	0.16	0.16	0.16	0.16	0.16	0.16	0.175719	0.175719
0.175719	0.14433	0.14433	0.14433	0.16	0.16	0.16	0.14433	0.14433	0.175719	0.175719	0.175719	0.175719	0.175719	0.175719	0.16	0.14433	0.14433	0.14433	0.14433	0.14433	0.14433	0.14433	0.14433	0.14433	0.16	0.16	0.16	0.16	0.16	0.16	0.14433	0.14433	0.175719	0.175989	0.175719	0.175719	0.175719	0.175719	0.175719	0.175719	0.175719	0.234177	0.175719	0.175719	0.254141	0.175719	0.175719	0.16	0.161125	0.160625	0.160492	0.160446	0.16	0.16	0.16	0.160004	0.16	0.16	0.160028	0.16015	0.16	0.16	0.16	0.160003	0.16	0.16	0.16	0.16	0.16	0.16	0.16	0.16	0.16
0.175719	0.175719	0.175719	0.163788	0.14433	0.14433	0.14433	0.664555	0.175719	0.175719	0.175719	0.175719	0.162119	0.17066	0.164432	0.16	0.14433	0.14433	0.14433	0.14433	0.14433	0.14433	0.14433	0.14433	0.14433	0.14433	0.14433	0.14433	0.14433	0.14433	0.16	0.16	0.16	0.175719	0.175719	0.175719	0.175719	0.175719	0.175719	0.175719	0.175719	0.175719	0.175719	0.175719	0.175719	0.254257	0.171544	0.163373	0.162284	0.160767	0.160248	0.160332	0.16	0.16	0.16	0.160362	0.16	0.16	0.160004	0.16	0.16	0.16	0.16	0.160034	0.16	0.16	0.16	0.16	0.16	0.16	0.16	0.16	0.16	0.16
0.175719	0.175719	0.175719	0.16	0.14433	0.14433	0.14433	0.175719	0.183986	0.175719	0.175719	0.175719	0.16	0.16	0.16	0.16	0.14433	0.14433	0.14433	0.14433	0.14433	0.14433	0.14433	0.14433	0.14433	0.14433	0.14433	0.14433	0.14433	0.14433	0.16	0.16	0.16	0.175719	0.175719	0.175719	0.175719	0.175719	0.175719	0.175719	0.175719	0.175719	0.175719	0.175719	0.175719	0.253917	0.17057	0.166701	0.16121	0.160283	0.160122	0.16	0.16	0.16	0.16	0.16	0.160173	0.160441	0.160752	0.16	0.16	0.16	0.16	0.160916	0.16	0.16	0.16	0.16	0.16	0.16	0.16	0.16	0.16	0.16
0.175719	0.16	0.16	0.16	0.14433	0.14433	0.16	0.14433	0.14433	0.16	0.180285	0.14433	0.175719	0.16	0.16	0.16	0.16	0.16	0.14433	0.14433	0.14433	0.14433	0.14433	0.14433	0.14433	0.14433	0.14433	0.14433	0.16	0.16	0.16	0.14433	0.14433	0.16	0.175719	0.175719	0.175719	0.168193	0.185435	0.175719	0.175719	0.175719	0.175719	0.175719	0.175719	0.218527	0.185466	0.162778	0.160293	0.160005	0.16	0.16	0.16	0.16	0.16	0.160516	0.160337	0.160819	0.16	0.160178	0.16	0.16	0.160097	0.160413	0.16	0.16	0.16	0.16	0.16	0.16	0.16	0.16	0.16	0.16
0.16	0.16	0.16	0.16	0.14433	0.14433	0.14433	0.16	0.16	0.16	0.14433	1	0.16	0.16	0.16	0.16	0.16	0.16	0.14433	0.14433	0.14433	0.14433	0.14433	0.14433	0.16	0.16	0.16	0.16	0.16	0.16	0.16	0.14433	0.14433	0.16	0.16	0.161745	0.175719	0.175719	0.175719	0.175719	0.175719	0.175719	0.175719	0.175719	0.175719	0.175719	0.169718	0.160906	0.160562	0.16	0.16	0.16	0.16	0.16	0.160516	0.160544	0.1633	0.16	0.16	0.16	0.160618	0.160164	0.160241	0.16	0.16	0.16	0.16	0.16	0.16	0.16	0.16	0.16	0.16	0.16
0.16	0.16	0.16	0.16	0.14433	0.14433	0.14433	0.16	0.16	0.16	0.14433	0.14433	0.16	0.16	0.16	0.16	0.16	0.16	0.14433	0.14433	0.14433	0.14433	0.14433	0.14433	0.16	0.16	0.16	0.16	0.16	0.16	0.16	0.14433	0.14433	0.16	0.163857	0.164145	0.175719	0.175719	0.175719	0.175719	0.175719	0.175719	0.175719	0.175719	0.175719	0.175719	0.160679	0.160526	0.16	0.16	0.16	0.16	0.16	0.16	0.160217	0.160232	0.160484	0.162067	0.16	0.16044	0.160244	0.160195	0.16	0.16	0.16	0.16	0.16	0.16	0.16	0.16	0.16	0.16	0.16	0.16
0.16	0.16	0.16	0.175719	0.175719	0.175719	0.14433	0.14433	0.14433	0.14433	0.14433	0.14433	0.14433	0.16	0.16	0.175719	0.16	0.16	0.14433	0.14433	0.14433	0.14433	0.14433	0.14433	0.14433	0.14433	0.14433	0.14433	0.16	0.16	0.16	0.14433	0.14433	0.175719	0.175719	0.175719	0.175719	0.175719	0.175719	0.175719	0.175719	0.175719	0.175719	0.175109	0.163103	0.160752	0.160262	0.16	0.16	0.16	0.16	0.16	0.160627	0.160066	0.160824	0.160836	0.161286	0.16	0.16043	0.160292	0.160297	0.16	0.16	0.16	0.16	0.16	0.16	0.16	0.16	0.16	0.16	0.16	0.16	0.16
0.16	0.16	0.16	0.160643	0.160037	0.16	0.14433	0.14433	0.14433	0.14433	0.14433	0.14433	0.14433	0.175719	0.177648	0.175719	0.14433	0.14433	0.14433	0.14433	0.14433	0.14433	0.14433	0.14433	0.14433	0.14433	0.14433	0.14433	0.16	0.16	0.16	0.175719	0.175719	0.175719	0.175719	0.175719	0.175719	0.175719	0.175719	0.175719	0.175719	0.175719	0.175719	0.169626	0.161203	0.160363	0.16	0.16	0.16	0.16	0.16	0.162212	0.161848	0.162155	0.160531	0.165054	0.16	0.160588	0.160279	0.16044	0.16	0.16	0.16	0.16	0.16	0.16	0.16	0.16	0.16	0.16	0.16	0.16	0.16	0.16
0.16	0.16	0.161364	0.160561	0.16006	0.16	0.14433	0.14433	0.14433	0.14433	0.14433	0.14433	0.14433	0.175719	1	0.184203	0.14433	0.14433	0.14433	0.14433	0.14433	0.14433	0.14433	0.14433	0.14433	0.14433	0.14433	0.14433	0.16	0.16	0.16	0.175719	0.175719	0.175719	0.175719	0.175719	0.175719	0.175719	0.175719	0.175719	0.175719	0.175719	0.175719	0.163703	0.16062	0.16	0.16	0.16	0.16	0.16	0.164171	0.164353	0.167224	0.161295	0.162305	0.166002	0.161648	0.160588	0.161052	0.16	0.16	0.16	0.16	0.16	0.16	0.16	0.16	0.16	0.16	0.16	0.16	0.16	0.16	0.16
0.16	0.165232	0.16096	0.160399	0.160382	0.16	0.175719	0.16	0.16	0.14433	0.14433	0.14433	0.14433	0.14433	0.14433	0.175981	0.175719	0.176745	0.14433	0.14433	0.14433	0.14433	0.14433	0.14433	0.14433	0.14433	0.14433	0.14433	0.14433	0.14433	0.175719	0.14433	0.14433	0.175719	0.175719	0.175719	0.175719	0.175719	0.175719	0.17008	0.168732	0.169043	0.169097	0.161666	0.16	0.16	0.16	0.16	0.16	0.168571	0.170547	0.209464	0.169419	0.177691	0.181807	0.1638	0.160582	0.160729	0.16	0.16	0.16	0.16	0.16	0.16	0.16	0.16	0.16	0.16	0.16	0.16	0.16	0.16	0.16	0.16
0.175719	0.166012	0.162014	0.161223	0.161668	0.16	0.164664	0.16	0.16	0.175719	0.16	0.16	0.14433	0.14433	0.14433	0.175719	0.175719	0.175719	0.181709	1	0.14433	0.14433	0.14433	0.14433	0.14433	0.14433	0.14433	0.14433	0.14433	0.14433	0.14433	0.14433	0.14433	0.175719	0.175719	0.175719	0.175719	0.175719	0.175719	0.175719	0.175719	0.175719	0.1633	0.16	0.16	0.16	0.16	0.16	0.175719	0.175719	0.175719	0.187309	0.175719	0.175719	0.1789	0.163117	0.164335	0.16	0.16	0.16	0.16	0.16	0.16	0.16	0.16	0.16	0.16	0.16	0.16	0.16	0.16	0.16	0.16	0.16
0.175719	0.165232	0.165822	0.165731	0.16	0.174659	0.17527	0.16	0.16	0.175719	0.16	0.16	0.14433	0.14433	0.14433	0.175719	0.175719	0.175719	0.14433	0.14433	0.170727	0.14433	0.14433	0.14433	0.14433	0.14433	0.14433	0.14433	0.14433	0.14433	0.14433	0.14433	0.14433	0.175719	0.175719	0.175719	0.175719	0.175719	0.175719	0.175719	0.175719	0.175719	0.16	0.16	0.16	0.16	0.16	0.16696	0.175719	0.175719	0.175719	0.175681	0.175719	0.175719	0.173008	0.183896	0.161153	0.16	0.16	0.16	0.16	0.16	0.16	0.16	0.16	0.16	0.16	0.16	0.16	0.16	0.16	0.16	0.16	0.16
0.175719	0.175719	0.175719	0.16	0.175719	0.176117	0.16	0.16	0.16	0.16	0.14433	0.14433	0.14433	0.14433	0.14433	0.14433	0.175719	0.175719	0.14433	0.175719	0.175719	0.175719	0.14433	0.14433	0.14433	0.14433	0.14433	0.14433	0.14433	0.14433	0.14433	0.14433	0.14433	0.14433	0.175719	0.175719	0.175719	0.16	0.16	0.16	0.16	0.16	0.16	0.16	0.16	0.16	0.163443	0.170386	0.175719	0.175719	0.175719	0.167959	0.175719	0.175719	0.175719	0.163785	0.16	0.16	0.16	0.16	0.16	0.16	0.16	0.16	0.16	0.16	0.16	0.16	0.16	0.16	0.16	0.16	0.16	0.16
0.14433	0.14433	0.14433	0.175719	0.16	0.16	0.16	0.16	0.16	0.16	0.16	0.16	0.14433	0.14433	0.14433	0.16	0.14433	0.14433	0.175719	0.177311	0.175719	0.175719	1	0.14433	0.14433	0.14433	0.14433	0.14433	0.14433	0.14433	0.14433	0.14433	0.14433	0.14433	0.16	0.16	0.16	0.16	0.16	0.16	0.16	0.16	0.16	0.16	0.16	0.175719	0.175719	0.175719	0.175719	0.175719	0.175719	0.162729	0.175719	0.175719	0.163031	0.16	0.16	0.16	0.16	0.16	0.16	0.16	0.16	0.16	0.16	0.16	0.16	0.16	0.16	0.16	0.16	0.16	0.16	0.16
0.14433	0.14433	0.14433	0.175719	0.16	0.16	0.16	0.16	0.16	0.16	0.16	0.16	0.14433	0.14433	0.14433	0.16	0.14433	0.14433	0.175719	0.175719	0.176087	0.175719	0.14433	0.180069	0.14433	0.14433	0.14433	0.14433	0.14433	0.14433	0.14433	0.14433	0.14433	0.14433	0.16	0.16	0.16	0.16	0.16	0.16	0.16	0.16	0.16	0.16	0.16	0.175719	0.175719	0.175719	0.175719	0.175719	0.175719	0.16	0.175719	0.175719	0.16	0.16	0.16	0.16	0.16	0.16	0.16	0.16	0.16	0.16	0.16	0.16	0.16	0.16	0.16	0.16	0.16	0.16	0.16	0.16
