Crust moisture [-]
0.541731	0.555265	0.532427	0.451511	0.532207	0.532379	0.451511	0.514596	0.514596	0.514596	0.514596	0.514596	0.514596	0.495475	0.427431	0.427431	0.427431	0.427431	0.427431	0.427431	0.427431	0.481275	0.481275	0.481275	0.427431	0.427431	0.427431	0.427431	0.427431	0.427431	0.427431	0.427431	0.427431	0.427431	0.481275	0.481275	0.514596	0.427431	0.427431	0.427431	0.427431	0.427431	0.514596	0.481275	0.481275	0.481275	0.481275	0.481275	0.514596	0.427431	0.427431	0.427431	0.427431	0.427431	0.427431	0.514596	0.514596	0.427431	0.427431	0.427431	0.427431	0.427431	0.427431	0.481275	0.427431	0.427431	0.514596	0.427431	0.427431	0.427431	0.427431	0.427431	0.514596	0.514596
0.514596	0.515022	0.514596	0.427431	0.514596	0.514596	0.427431	0.514596	0.514596	0.514596	0.514596	0.514596	0.514596	0.495618	0.427431	0.427431	0.427431	0.427431	0.427431	0.427431	0.427431	0.481275	0.481275	0.481275	0.427431	0.427431	0.427431	0.427431	0.451511	0.427431	0.427431	0.427431	0.427431	0.427431	0.481275	0.481275	0.514596	0.427431	0.427431	0.427431	0.427431	0.427431	0.514893	0.481275	0.481275	0.481275	0.481275	0.481275	0.514596	0.427431	0.427431	0.427431	0.427431	0.427431	0.427431	0.514596	0.514596	0.427431	0.427431	0.427431	0.427431	0.427431	0.427431	0.481275	0.427431	0.427431	0.514596	0.427431	0.427431	0.427431	0.427431	0.427431	0.514596	0.514596
0.427431	0.481275	0.481275	0.481275	0.481275	0.481275	0.533455	0.514596	0.514596	0.514596	0.514596	0.514596	0.514596	0.427431	0.576979	0.427431	0.427431	0.427431	0.427431	0.514596	0.514596	0.481275	0.514596	0.532207	0.427431	0.427431	0.427431	0.427431	0.427431	0.427431	0.427431	0.427431	0.427431	0.427431	0.427431	0.427431	0.427431	0.427431	0.427431	0.427431	0.53133	0.514596	0.427431	0.427431	0.427431	0.481275	0.481275	0.481275	0.481275	0.427431	0.427431	0.427431	0.427431	0.427431	0.427431	0.514596	0.514596	0.427431	0.427431	0.427431	0.427431	0.481275	0.481275	0.427431	0.481275	0.481275	0.481275	0.427431	0.427431	0.427431	0.427431	0.427431	0.427431	0.427431
0.481275	0.481275	0.481275	0.481275	0.481275	0.48142	0.481282	0.514596	0.514596	0.514596	0.514596	0.514596	0.514596	0.49434	0.558525	0.558136	0.427431	0.427431	0.427431	0.427431	0.429876	0.514596	0.514596	0.514596	0.532207	0.427431	0.427431	0.481275	0.427431	0.427431	0.427431	0.427431	0.427431	0.427431	0.427431	0.427431	0.427431	0.427431	0.427431	0.427431	0.427431	0.427431	0.427431	0.427431	0.427431	0.427431	0.427431	0.427431	0.427431	0.427431	0.427431	0.427431	0.427431	0.427431	0.427431	0.427431	0.427431	0.427431	0.481275	0.481275	0.481275	0.51482	0.514596	0.481275	0.481275	0.481275	0.481275	0.481275	0.481275	0.481275	0.481275	0.481275	0.427431	0.427431
0.481275	0.481275	0.481275	0.481275	0.504184	0.481749	0.481523	0.51475	0.514596	0.514596	0.514596	0.514596	0.558083	0.427431	0.427431	0.609891	0.494373	0.591106	0.472943	0.449355	0.427431	0.514596	0.514596	0.514596	0.532207	0.427431	0.427431	0.481275	0.427431	0.427431	0.867577	0.427431	0.427431	0.427431	0.427431	0.427431	0.427431	0.427431	0.427431	0.427431	0.427431	0.427431	0.427431	0.427431	0.427431	0.427431	0.427431	0.427431	0.427431	0.427431	0.427431	0.427431	0.427431	0.427431	0.427431	0.427431	0.427431	0.427431	0.481275	0.481275	0.481275	0.514596	0.51481	0.481275	0.483834	0.481963	0.481809	0.481275	0.481275	0.481275	0.481275	0.481275	0.427431	0.427431
0.546523	0.532683	0.533311	0.481467	0.481275	0.481555	0.481366	0.481275	0.481275	0.427431	0.427431	0.493994	0.514596	0.427431	0.427431	0.427431	0.594658	0.430686	0.427431	0.470169	0.427431	0.427431	0.481275	0.481275	0.514596	0.514596	0.514596	0.514596	0.514596	0.514596	0.427431	0.427431	0.427431	0.888533	0.451511	0.427431	0.427431	0.481275	0.481275	0.481275	0.427431	0.427431	0.427431	0.427431	0.427431	0.427431	0.481275	0.569843	0.562747	0.427431	0.427431	0.427431	0.481275	0.481275	0.481275	0.427431	0.427431	0.427431	0.427431	0.427431	0.481275	0.514658	0.568249	0.579082	0.481275	0.481275	0.481275	0.481275	0.481275	0.481275	0.481275	0.481275	0.481275	0.481275
0.514596	0.537	0.533265	0.481275	0.514596	0.514596	0.481343	0.481275	0.481275	0.481275	0.539616	0.481275	0.481275	0.514596	0.514596	0.55275	0.514596	0.514596	0.427431	0.481275	0.505175	0.481275	0.427431	0.427431	0.427431	0.514596	0.514596	0.514596	0.514596	0.514596	0.514596	0.514596	0.514596	0.481275	0.481275	0.505225	0.501745	0.481275	0.481275	0.481275	0.533272	0.533424	0.427431	0.427431	0.427431	0.571548	0.563435	0.481275	0.481275	0.590098	0.481275	0.481275	0.481275	0.481275	0.481275	0.534507	0.481275	0.427431	0.427431	0.427431	0.58505	0.56006	0.514939	0.481275	0.481275	0.481275	0.481275	0.481275	0.481275	0.481275	0.481275	0.481275	0.427431	0.427431
0.514596	0.552257	0.547101	0.499103	0.514596	0.514596	0.481275	0.481275	0.481275	0.481275	0.534507	0.481275	0.481275	0.514596	0.514596	0.574069	0.514596	0.514596	0.427431	0.481275	0.481275	0.503331	0.427431	0.427431	0.427431	0.514596	0.514596	0.530734	0.514596	0.514596	0.514596	0.514596	0.514596	0.481275	0.481275	0.481275	0.481275	0.481529	0.88512	0.481275	0.545753	0.532207	0.427431	0.529251	0.529251	0.481275	0.481275	0.481275	0.481275	0.481275	0.590224	0.59009	0.590264	0.595654	0.53406	0.481275	0.534263	0.49434	0.483458	0.427431	0.514596	0.514596	0.514596	0.481275	0.481275	0.481275	0.481275	0.481275	0.481275	0.481275	0.481275	0.481275	0.427431	0.427431
0.502517	0.481509	0.481275	0.496795	0.53333	0.514742	0.481275	0.514904	0.514596	0.514596	0.534507	0.481275	0.481275	0.481275	0.481275	0.535725	0.514596	0.514596	0.514596	0.481275	0.481275	0.533917	0.456955	0.427431	0.427431	0.427431	0.427431	0.427431	0.514596	0.514596	0.514596	0.514596	0.531947	0.514596	0.481275	0.481275	0.481275	0.427431	0.427431	0.481275	0.481275	0.51594	0.892485	0.427431	0.427431	0.427431	0.481275	0.481275	0.514596	0.514596	0.514596	0.514596	0.530727	0.515	0.654625	0.68225	0.534403	0.481275	0.427431	0.427431	0.427431	0.514596	0.514596	0.481275	0.481275	0.481275	0.481275	0.481963	0.481275	0.481275	0.481275	0.481275	0.427431	0.427431
0.538112	0.481523	0.481275	0.514596	0.481275	0.481275	0.514958	0.481275	0.481275	0.481275	0.534507	0.481275	0.481275	0.481275	0.481275	0.481275	0.517848	0.481275	0.514596	0.481284	0.481275	0.535575	0.48137	0.519709	0.427431	0.427431	0.427431	0.427431	0.514596	0.514596	0.514596	0.532601	0.514596	0.530631	0.514596	0.514596	0.514596	0.514596	0.514596	0.427431	0.481275	0.481275	0.427431	0.427431	0.427431	0.427431	0.481275	0.481275	0.514596	0.514596	0.514596	0.514596	0.514596	0.514596	0.514802	0.481275	0.515328	0.481275	0.481275	0.481275	0.481275	0.481275	0.481275	0.481275	0.481275	0.481963	0.481963	0.481275	0.481275	0.481275	0.427431	0.427431	0.427431	0.427431
0.53431	0.481275	0.481275	0.514872	0.481275	0.481275	0.532869	0.481275	0.50159	0.534507	0.481395	0.481275	0.481275	0.481275	0.481275	0.481275	0.481275	0.481275	0.514596	0.481275	0.501263	0.534965	0.481362	0.481275	0.451636	0.427431	0.427431	0.427431	0.514596	0.514596	0.533113	0.514596	0.514596	0.514596	0.530737	0.514596	0.514596	0.514596	0.514596	0.427431	0.481275	0.481275	0.427431	0.427431	0.427431	0.427431	0.481275	0.481275	0.514596	0.514596	0.514596	0.514596	0.514596	0.514596	0.514596	0.481275	0.481421	0.515974	0.481275	0.481275	0.481275	0.481275	0.501699	0.502627	0.483834	0.481275	0.481275	0.481275	0.481275	0.481275	0.427431	0.427431	0.427431	0.427431
0.481275	0.531158	0.517922	0.481275	0.481275	0.481275	0.481275	0.481275	0.481275	0.514596	0.534507	0.481275	0.481275	0.481275	0.481275	0.481275	0.481275	0.503311	0.686632	0.553265	0.514596	0.427431	0.481275	0.481275	0.481275	0.532312	0.514596	0.514596	0.53348	0.514596	0.535221	0.514596	0.514596	0.514596	0.530756	0.514596	0.514596	0.514596	0.514596	0.514596	0.514596	0.514802	0.427431	0.885124	0.427431	0.427431	0.514596	0.514596	0.514596	0.514596	0.514596	0.514596	0.514596	0.514596	0.514848	0.514596	0.531012	0.481275	0.50101	0.481275	0.519053	0.501699	0.481275	0.481275	0.481275	0.481275	0.481275	0.481275	0.481275	0.481275	0.481275	0.481275	0.427431	0.427431
0.481275	0.530833	0.531845	0.481275	0.514596	0.514596	0.54396	0.532547	0.533016	0.533972	0.534188	0.481275	0.481275	0.481275	0.481275	0.481275	0.481275	0.481275	0.515096	0.502369	0.481609	0.427431	0.481275	0.481275	0.481275	0.481275	0.502833	0.481275	0.481275	0.481275	0.481591	0.514596	0.514596	0.514596	0.514596	0.530559	0.514596	0.514596	0.514596	0.514596	0.481275	0.481275	0.48129	0.472747	0.427431	0.427431	0.514596	0.514596	0.514596	0.514596	0.514596	0.514596	0.514596	0.514596	0.514596	0.515817	0.514596	0.515029	0.481275	0.550735	0.48153	0.501093	0.481275	0.481275	0.481275	0.481275	0.481275	0.427431	0.427431	0.521796	0.481275	0.481275	0.514596	0.514596
0.481712	0.514596	0.531117	0.481275	0.514596	0.514596	0.543711	0.532675	0.533158	0.534489	0.481275	0.533818	0.481275	0.481275	0.481275	0.481436	0.481275	0.481275	0.585287	0.501485	0.481275	0.427431	0.481609	0.481592	0.481299	0.48139	0.503088	0.481275	0.481275	0.481275	0.481275	0.534	0.514596	0.514596	0.514596	0.514596	0.53085	0.514596	0.514596	0.514596	0.481275	0.481275	0.481275	0.427431	0.427431	0.427431	0.514596	0.514596	0.514596	0.514596	0.514596	0.514596	0.514596	0.514596	0.514596	0.514596	0.516741	0.514596	0.481275	0.481275	0.481275	0.481275	0.501524	0.501759	0.481275	0.481275	0.481275	0.427431	0.427431	0.534597	0.481275	0.481275	0.514596	0.514596
0.499828	0.481275	0.481275	0.530249	0.532322	0.515153	0.514596	0.544444	0.535052	0.535763	0.481275	0.481275	0.533818	0.481275	0.481275	0.534409	0.481275	0.501699	0.481275	0.481275	0.50146	0.514596	0.427431	0.427431	0.427431	0.481275	0.481275	0.501814	0.481275	0.481275	0.481275	0.514639	0.514596	0.514596	0.514596	0.514596	0.514596	0.530934	0.514596	0.514596	0.514596	0.514596	0.514596	0.427431	0.427431	0.427431	0.427431	0.427431	0.481275	0.514596	0.514596	0.514596	0.514596	0.514596	0.514596	0.514596	0.514596	0.522822	0.514596	0.51467	0.481275	0.481275	0.481275	0.481275	0.501676	0.501197	0.50101	0.451511	0.427431	0.514596	0.514596	0.514596	0.514596	0.514596
0.50587	0.481275	0.481275	0.481275	0.481275	0.481275	0.481275	0.514596	0.546621	0.481275	0.481275	0.481275	0.481275	0.534651	0.481557	0.481275	0.481275	0.503096	0.481275	0.514596	0.539185	0.427431	0.427431	0.427431	0.427431	0.481275	0.481275	0.481275	0.50168	0.481275	0.481275	0.515153	0.514843	0.531079	0.563478	0.514596	0.514635	0.514596	0.530593	0.514596	0.514596	0.514596	0.514596	0.481275	0.481275	0.427431	0.427431	0.427431	0.427431	0.481275	0.481275	0.481275	0.481275	0.481275	0.481275	0.514596	0.514596	0.514596	0.530049	0.514596	0.515045	0.481275	0.481275	0.481275	0.481275	0.481275	0.481275	0.534396	0.514596	0.514596	0.514596	0.514596	0.514596	0.514596
0.481275	0.481275	0.481275	0.481275	0.481275	0.481275	0.481275	0.514596	0.547377	0.48133	0.481281	0.481803	0.481275	0.537414	0.481425	0.481467	0.481732	0.481275	0.481275	0.514596	0.514596	0.427431	0.427431	0.427431	0.427431	0.481275	0.481275	0.481275	0.481275	0.502885	0.481275	0.515186	0.515133	0.534887	0.514596	0.51473	0.514596	0.53083	0.514596	0.514596	0.514596	0.514596	0.514596	0.481275	0.481275	0.876565	0.427431	0.427431	0.427431	0.481275	0.481275	0.481313	0.481275	0.481275	0.481275	0.514602	0.514596	0.514596	0.514596	0.530737	0.514596	0.481275	0.481275	0.481275	0.481275	0.481275	0.481275	0.53271	0.539283	0.514596	0.514596	0.514596	0.514596	0.514596
0.544471	0.481275	0.481275	0.481295	0.515123	0.514596	0.514596	0.481275	0.4814	0.541047	0.481315	0.481275	0.481395	0.534128	0.656566	0.48139	0.481275	0.481489	0.48146	0.481275	0.481275	0.481275	0.481275	0.481275	0.481275	0.427431	0.427431	0.481275	0.481275	0.503034	0.481275	0.481275	0.481275	0.536217	0.515258	0.514596	0.514596	0.514596	0.531044	0.514596	0.514596	0.514596	0.514596	0.514596	0.514596	0.427431	0.427431	0.427431	0.427431	0.427431	0.427431	0.481275	0.427431	0.427431	0.481275	0.514596	0.514603	0.514596	0.514596	0.514596	0.530741	0.514596	0.514596	0.514596	0.519659	0.532621	0.533926	0.533823	0.517341	0.515055	0.481707	0.481275	0.481275	0.481275
0.547628	0.532941	0.532887	0.534598	0.481275	0.481275	0.514596	0.514596	0.514596	0.481275	0.481605	0.481275	0.533774	0.481275	0.481275	0.511168	0.481275	0.481275	0.481808	0.481275	0.481275	0.481275	0.481275	0.481275	0.481275	0.481275	0.481275	0.481275	0.483245	0.501699	0.514596	0.481275	0.481555	0.481275	0.514596	0.514596	0.514596	0.514931	0.514596	0.514596	0.514596	0.514596	0.514596	0.514596	0.516059	0.427431	0.427431	0.427431	0.427431	0.427431	0.427431	0.427431	0.427431	0.427431	0.481275	0.514596	0.514596	0.514609	0.514596	0.514596	0.530833	0.514596	0.514596	0.514596	0.514596	0.523928	0.533313	0.481275	0.481275	0.481275	0.481275	0.481275	0.481275	0.481275
0.53874	0.533295	0.533015	0.533001	0.481275	0.481275	0.514596	0.514596	0.514716	0.481275	0.481275	0.481275	0.532478	0.481275	0.481275	0.481275	0.502996	0.481275	0.481548	0.481275	0.481275	0.481275	0.481275	0.481275	0.481275	0.481275	0.481275	0.483834	0.481275	0.501464	0.515061	0.481275	0.481275	0.481423	0.514596	0.514596	0.514927	0.514596	0.514596	0.514596	0.514668	0.514596	0.514596	0.514596	0.514596	0.889736	0.427431	0.427431	0.427431	0.427431	0.427431	0.427431	0.427431	0.427431	0.481275	0.514651	0.514596	0.514596	0.514685	0.514596	0.530859	0.514596	0.514596	0.514596	0.514596	0.514596	0.530942	0.481275	0.481275	0.481275	0.481275	0.481275	0.481275	0.481275
0.538575	0.481275	0.481275	0.481275	0.481275	0.481275	0.533726	0.514904	0.532908	0.481275	0.514641	0.514596	0.481275	0.481275	0.481275	0.481275	0.481275	0.483834	0.481275	0.517393	0.534495	0.481275	0.481275	0.481275	0.481275	0.481275	0.481275	0.481963	0.501512	0.481275	0.514596	0.481275	0.481275	0.481275	0.737277	0.481275	0.514596	0.514596	0.514596	0.514684	0.514596	0.514596	0.518401	0.514596	0.514785	0.481276	0.427431	0.427431	0.427431	0.427431	0.427431	0.427431	0.427431	0.427431	0.427431	0.514596	0.514804	0.514596	0.514596	0.515078	0.515133	0.514596	0.514596	0.514596	0.514596	0.514596	0.514596	0.531125	0.533815	0.534213	0.481275	0.481275	0.481275	0.481275
0.53812	0.481275	0.481275	0.532791	0.532671	0.532657	0.533946	0.481275	0.481275	0.533485	0.514596	0.514701	0.514596	0.514596	0.514596	0.481275	0.481963	0.481963	0.481275	0.481275	0.481275	0.481275	0.481275	0.481275	0.481275	0.481275	0.481275	0.481275	0.552437	0.514596	0.531787	0.516753	0.514596	0.481275	0.533588	0.514596	0.514596	0.514596	0.51501	0.514596	0.514823	0.529911	0.514596	0.481275	0.481275	0.427431	0.427431	0.427431	0.427431	0.427431	0.427431	0.427431	0.427431	0.427431	0.427431	0.481275	0.481275	0.481275	0.481275	0.481275	0.514596	0.514596	0.514596	0.514596	0.514596	0.514596	0.514596	0.514596	0.533102	0.481275	0.481275	0.481275	0.427431	0.427431
0.534952	0.481275	0.481275	0.532867	0.533407	0.533189	0.533193	0.481275	0.481275	0.517316	0.515319	0.514596	0.514817	0.514596	0.514596	0.481963	0.481275	0.481521	0.481275	0.481275	0.481275	0.481275	0.481275	0.481275	0.481275	0.481963	0.481275	0.481275	0.537648	0.532246	0.517447	0.514937	0.514606	0.481275	0.534513	0.514596	0.514596	0.514921	0.514596	0.515835	0.514596	0.530734	0.514596	0.481275	0.481275	0.427431	0.884298	0.427431	0.427431	0.427431	0.427431	0.427431	0.427431	0.427431	0.427431	0.481275	0.481275	0.481275	0.481275	0.481275	0.514596	0.514596	0.514596	0.514596	0.514596	0.514596	0.514596	0.514596	0.514596	0.481275	0.481275	0.481275	0.427431	0.427431
0.481275	0.514614	0.530792	0.532623	0.533598	0.534697	0.534288	0.534321	0.534822	0.515313	0.481275	0.481275	0.514596	0.481275	0.481275	0.481963	0.481275	0.481275	0.481275	0.481275	0.481275	0.481275	0.481275	0.481275	0.481771	0.481507	0.48147	0.481447	0.532817	0.523557	0.515652	0.514785	0.514596	0.514596	0.481376	0.481275	0.481275	0.514596	0.514596	0.514596	0.514596	0.530734	0.514596	0.514596	0.514596	0.514596	0.471288	0.427431	0.427431	0.427431	0.427431	0.427431	0.427431	0.427431	0.427431	0.427431	0.427431	0.481275	0.514596	0.514596	0.514596	0.514596	0.514596	0.514596	0.514596	0.514596	0.514596	0.514596	0.514596	0.514596	0.481275	0.481275	0.481275	0.481275
0.533386	0.514752	0.514643	0.5322	0.533469	0.535114	0.481275	0.481275	0.481275	0.481275	0.481275	0.481275	0.481275	0.481275	0.481275	0.48145	0.481275	0.481275	0.481275	0.481275	0.481275	0.481275	0.481275	0.481526	0.481275	0.481276	0.481544	0.533638	0.530641	0.515819	0.516822	0.514667	0.515216	0.481275	0.481372	0.82272	0.514596	0.51584	0.514596	0.514596	0.514596	0.514596	0.514596	0.514596	0.514596	0.427431	0.451511	0.427431	0.427431	0.427431	0.427431	0.427431	0.427431	0.427431	0.427431	0.427431	0.427431	0.427431	0.514596	0.533089	0.514596	0.514596	0.514596	0.514596	0.514596	0.514596	0.514596	0.514596	0.514596	0.514596	0.514596	0.514596	0.514596	0.514596
0.53375	0.514877	0.515169	0.514773	0.532772	0.534647	0.481275	0.481275	0.481275	0.481275	0.481275	0.481275	0.481275	0.481275	0.481275	0.481275	0.481963	0.481275	0.481275	0.481275	0.481275	0.481275	0.481275	0.481275	0.481275	0.481374	0.481275	0.530952	0.518994	0.517982	0.514708	0.516078	0.514596	0.481275	0.481275	0.48137	0.514596	0.526009	0.514596	0.530734	0.514596	0.514596	0.514596	0.514596	0.514596	0.427431	0.427431	0.452485	0.427431	0.427431	0.427431	0.427431	0.427431	0.427431	0.427431	0.427431	0.427431	0.427431	0.514596	0.532545	0.514596	0.514596	0.514596	0.514596	0.514596	0.514596	0.530743	0.530777	0.514596	0.514596	0.514596	0.514596	0.514596	0.514596
0.534438	0.514882	0.515172	0.481275	0.514926	0.515666	0.481275	0.481275	0.481275	0.481275	0.481275	0.481275	0.481275	0.481275	0.481275	0.481275	0.481963	0.481275	0.481275	0.481275	0.481346	0.481275	0.481275	0.481275	0.48146	0.534314	0.531278	0.529929	0.520968	0.51473	0.519016	0.515047	0.514596	0.563709	0.481275	0.481275	0.530028	0.514596	0.514596	0.514596	0.514596	0.53087	0.514596	0.52109	0.530769	0.514596	0.427431	0.427431	0.427431	0.427431	0.427431	0.427431	0.427431	0.427431	0.427431	0.427431	0.427431	0.481275	0.514596	0.532313	0.514596	0.481275	0.481275	0.481275	0.53074	0.530763	0.514596	0.514596	0.531606	0.532207	0.514596	0.514596	0.514596	0.514596
0.481275	0.514676	0.515357	0.481275	0.51468	0.515261	0.481275	0.481275	0.481275	0.481275	0.481275	0.481275	0.481275	0.481275	0.481275	0.481275	0.481395	0.481275	0.481275	0.481275	0.481275	0.535824	0.481275	0.481275	0.481275	0.533439	0.531084	0.528519	0.516262	0.527272	0.514945	0.514596	0.514596	0.481275	0.53168	0.514596	0.530734	0.514596	0.514596	0.514596	0.514596	0.523528	0.519264	0.514596	0.530825	0.514596	0.514596	0.514596	0.481275	0.427431	0.427431	0.427431	0.427431	0.427431	0.481275	0.481275	0.481275	0.481275	0.481275	0.481275	0.427431	0.427431	0.427431	0.427431	0.514596	0.514596	0.514596	0.514596	0.514596	0.514596	0.532207	0.530734	0.514596	0.514596
0.481275	0.514596	0.514847	0.481275	0.514819	0.514813	0.481275	0.481275	0.481275	0.481275	0.481275	0.481275	0.481275	0.481275	0.481275	0.481275	0.481275	0.481275	0.481275	0.481275	0.481275	0.535347	0.481275	0.481275	0.481275	0.53166	0.531513	0.515969	0.531214	0.51594	0.514596	0.514596	0.514596	0.481275	0.514596	0.530734	0.514596	0.529348	0.535475	0.514596	0.514596	0.520733	0.514596	0.514596	0.51549	0.514596	0.514596	0.514596	0.481275	0.427431	0.427431	0.427431	0.427431	0.427431	0.481275	0.481275	0.481275	0.481275	0.481275	0.481275	0.427431	0.427431	0.427431	0.427431	0.514596	0.514596	0.514596	0.514596	0.514596	0.514596	0.514596	0.516069	0.514596	0.514596
0.481275	0.514596	0.514596	0.481275	0.481275	0.481275	0.481275	0.481275	0.481275	0.481275	0.481275	0.481275	0.481275	0.481275	0.481275	0.481275	0.481275	0.481275	0.481275	0.481275	0.481275	0.481275	0.481275	0.481275	0.481275	0.532473	0.530917	0.532347	0.519699	0.514596	0.514596	0.543442	0.519707	0.514596	0.514596	0.514596	0.51467	0.514596	0.514596	0.516856	0.517511	0.514596	0.514596	0.514596	0.519725	0.524052	0.514596	0.514596	0.514596	0.889067	0.427431	0.427431	0.427431	0.427431	0.481275	0.481275	0.481275	0.481275	0.427431	0.427431	0.427431	0.427431	0.427431	0.427431	0.427431	0.427431	0.514596	0.514596	0.514596	0.514596	0.514596	0.514596	0.514596	0.514596
0.481275	0.427431	0.427431	0.427431	0.427431	0.427431	0.481275	0.481275	0.481275	0.481275	0.481275	0.481275	0.481275	0.481275	0.481275	0.481275	0.481275	0.481275	0.481275	0.481275	0.481275	0.514842	0.514596	0.514852	0.532996	0.531144	0.532815	0.528341	0.514596	0.514596	0.564347	0.527009	0.514596	0.514596	0.514596	0.525409	0.527372	0.514596	0.525138	0.527121	0.514596	0.514596	0.514596	0.516057	0.526241	0.530759	0.514596	0.514596	0.514596	0.427431	0.470169	0.427431	0.427431	0.427431	0.427431	0.481275	0.481275	0.427431	0.427431	0.427431	0.481275	0.427431	0.427431	0.427431	0.514596	0.514596	0.514596	0.514596	0.514596	0.514596	0.514596	0.514596	0.514596	0.514596
0.481275	0.427431	0.427431	0.427431	0.427431	0.427431	0.481275	0.481275	0.481275	0.481275	0.481275	0.481275	0.481275	0.481275	0.481275	0.481275	0.481275	0.481275	0.481275	0.481275	0.481275	0.514596	0.514842	0.533675	0.533453	0.533905	0.531162	0.514596	0.514596	0.565653	0.530138	0.514596	0.514596	0.514596	0.522382	0.514596	0.514596	0.525053	0.531353	0.514596	0.514596	0.514596	0.515611	0.52113	0.514596	0.537206	0.514596	0.514596	0.514596	0.427431	0.511685	0.427431	0.427431	0.427431	0.427431	0.481275	0.481275	0.427431	0.427431	0.427431	0.481275	0.427431	0.427431	0.427431	0.514596	0.514596	0.514596	0.514596	0.514596	0.514596	0.514596	0.514596	0.514596	0.514596
0.427431	0.427431	0.427431	0.427431	0.427431	0.427431	0.427431	0.427431	0.427431	0.427431	0.481275	0.481275	0.481275	0.481275	0.481275	0.481275	0.481275	0.481275	0.481275	0.481275	0.481275	0.481275	0.481275	0.481275	0.481275	0.532332	0.514596	0.514596	0.57505	0.530504	0.514596	0.514596	0.514596	0.527321	0.514596	0.514596	0.514596	0.520705	0.531582	0.514596	0.514596	0.514971	0.522003	0.514596	0.514614	0.543557	0.514596	0.514596	0.514596	0.514596	0.514596	0.533342	0.481275	0.481275	0.427431	0.427431	0.427431	0.427431	0.427431	0.427431	0.427431	0.427431	0.427431	0.427431	0.427431	0.427431	0.427431	0.514596	0.514596	0.514596	0.514596	0.514596	0.514596	0.514596
0.427431	0.427431	0.427431	0.427431	0.427431	0.427431	0.427431	0.427431	0.427431	0.427431	0.481275	0.481275	0.481275	0.481275	0.481275	0.481275	0.481275	0.481275	0.481275	0.48188	0.481275	0.481275	0.481275	0.481275	0.481275	0.514596	0.514596	0.57716	0.531632	0.514596	0.514596	0.514596	0.532172	0.527691	0.528437	0.531598	0.514596	0.525454	0.530642	0.514596	0.514596	0.527556	0.514596	0.514636	0.531886	0.514596	0.514596	0.514596	0.514596	0.514596	0.514596	0.481275	0.504706	0.481275	0.427431	0.427431	0.428996	0.427431	0.481275	0.481275	0.481275	0.481275	0.481275	0.427431	0.481275	0.481275	0.427431	0.514596	0.514596	0.514596	0.514596	0.514596	0.481275	0.481275
0.427431	0.427431	0.427431	0.427431	0.427431	0.427431	0.427431	0.427431	0.427431	0.427431	0.481275	0.481275	0.481275	0.481275	0.481275	0.481275	0.481275	0.481275	0.481275	0.481275	0.481928	0.481963	0.481275	0.481275	0.515244	0.613437	0.597265	0.531998	0.514596	0.514596	0.514596	0.532501	0.52468	0.527424	0.529885	0.52862	0.530138	0.527511	0.530054	0.528051	0.53259	0.514596	0.514674	0.534244	0.514596	0.514596	0.514596	0.514596	0.514596	0.514596	0.523384	0.481275	0.4813	0.501457	0.451511	0.429876	0.427431	0.427431	0.481275	0.481275	0.481275	0.481275	0.481275	0.427431	0.481275	0.481275	0.427431	0.514596	0.514596	0.514596	0.514596	0.514757	0.481275	0.481275
0.427431	0.427431	0.427431	0.427431	0.427431	0.427431	0.427431	0.427431	0.427431	0.481275	0.481275	0.481275	0.481275	0.481275	0.481275	0.481275	0.481275	0.481275	0.481275	0.534677	0.530946	0.532395	0.567898	0.547312	0.534292	0.53307	0.532606	0.514596	0.514596	0.514596	0.535245	0.530807	0.530631	0.53024	0.51639	0.530274	0.530852	0.525797	0.516579	0.531885	0.514596	0.514723	0.530993	0.514596	0.514596	0.514596	0.514596	0.514596	0.514596	0.528719	0.514596	0.514596	0.481275	0.481275	0.889301	0.481275	0.481275	0.481275	0.481275	0.481275	0.481275	0.481275	0.481275	0.481275	0.481275	0.481275	0.427431	0.427431	0.427431	0.514596	0.481275	0.481275	0.427431	0.427431
0.427431	0.427431	0.427431	0.427431	0.427431	0.427431	0.427431	0.427431	0.427431	0.427431	0.481275	0.481275	0.481275	0.481275	0.481275	0.514596	0.481275	0.481275	0.481275	0.514867	0.532366	0.514596	0.481275	0.481275	0.533652	0.532943	0.53271	0.514596	0.514596	0.538044	0.531448	0.531545	0.532165	0.531285	0.531078	0.531354	0.530676	0.52849	0.537868	0.514596	0.514634	0.517206	0.530887	0.543547	0.514596	0.514596	0.514596	0.514596	0.530734	0.514596	0.514596	0.514596	0.514596	0.514596	0.514596	0.502999	0.481275	0.481275	0.481275	0.481275	0.481275	0.427431	0.427431	0.481275	0.427431	0.427431	0.514596	0.427431	0.427431	0.427431	0.481275	0.481275	0.481275	0.481275
0.427431	0.427431	0.427431	0.427431	0.427431	0.427431	0.427431	0.427431	0.427431	0.427431	0.481275	0.481275	0.481275	0.481275	0.481275	0.514596	0.481275	0.481275	0.481275	0.515492	0.514596	0.532724	0.481275	0.481275	0.532751	0.53334	0.545189	0.544433	0.543624	0.532135	0.532117	0.532326	0.532122	0.532087	0.531913	0.531009	0.527479	0.530422	0.542304	0.514722	0.516124	0.514609	0.514596	0.514596	0.587666	0.514596	0.514596	0.514596	0.530414	0.514596	0.514596	0.515286	0.514596	0.514596	0.514596	0.481691	0.481963	0.481275	0.481275	0.481275	0.481275	0.427431	0.427431	0.481275	0.427431	0.427431	0.532207	0.427431	0.427431	0.427431	0.481275	0.481275	0.481275	0.481275
0.427431	0.427431	0.427431	0.427431	0.427431	0.427431	0.427431	0.427431	0.427431	0.427431	0.514596	0.514596	0.481275	0.481275	0.481275	0.481275	0.514596	0.514596	0.481275	0.514596	0.515267	0.533432	0.533569	0.533532	0.533409	0.533958	0.533298	0.532954	0.532539	0.532371	0.532427	0.532265	0.532395	0.532348	0.532032	0.53144	0.531896	0.542988	0.515153	0.533232	0.514799	0.514596	0.514596	0.514596	0.514596	0.603485	0.514596	0.514596	0.530594	0.514596	0.514596	0.528027	0.514596	0.514596	0.514596	0.481275	0.481275	0.481275	0.427431	0.427431	0.427431	0.427431	0.427431	0.481275	0.481275	0.481275	0.427431	0.427431	0.427431	0.427431	0.427431	0.427431	0.427431	0.427431
0.427431	0.427431	0.427431	0.427431	0.427431	0.427431	0.427431	0.427431	0.427431	0.427431	0.427431	0.427431	0.427431	0.481275	0.481275	0.481275	0.427431	0.427431	0.514596	0.481275	0.481275	0.481275	0.481275	0.481275	0.481275	0.533417	0.532858	0.53261	0.532785	0.533533	0.532518	0.532459	0.53248	0.532383	0.532085	0.532298	0.543686	0.481275	0.481275	0.515143	0.514596	0.514596	0.514596	0.514596	0.609303	0.514596	0.530853	0.536398	0.514596	0.514596	0.5306	0.514596	0.514596	0.514596	0.514596	0.514596	0.515408	0.887439	0.481275	0.481275	0.481275	0.427431	0.427431	0.427431	0.427431	0.427431	0.427431	0.427431	0.427431	0.427431	0.514596	0.514596	0.427431	0.427431
0.427431	0.427431	0.427431	0.427431	0.427431	0.427431	0.427431	0.427431	0.427431	0.427431	0.427431	0.427431	0.427431	0.481275	0.481275	0.481275	0.427431	0.427431	0.514596	0.481275	0.481275	0.481275	0.481275	0.481275	0.481275	0.533471	0.532649	0.532902	0.534802	0.533309	0.533768	0.5329	0.532354	0.532275	0.532472	0.543847	0.514596	0.481275	0.481275	0.514596	0.514596	0.514596	0.514596	0.611525	0.514596	0.530745	0.514596	0.53413	0.514596	0.530847	0.514596	0.514596	0.514596	0.520888	0.514596	0.514895	0.514596	0.481275	0.481963	0.481275	0.481275	0.427431	0.427431	0.427431	0.427431	0.451511	0.427431	0.427431	0.427431	0.427431	0.514596	0.514596	0.427431	0.427431
0.427431	0.427431	0.427431	0.427431	0.427431	0.427431	0.427431	0.427431	0.427431	0.427431	0.427431	0.427431	0.427431	0.481275	0.481275	0.481275	0.481275	0.481275	0.427431	0.514596	0.514596	0.427431	0.427431	0.427431	0.514596	0.532962	0.533447	0.481275	0.533424	0.534537	0.533774	0.533338	0.532713	0.514596	0.545193	0.514596	0.483537	0.588415	0.574861	0.574586	0.610128	0.616724	0.613267	0.514596	0.530752	0.514596	0.514596	0.526068	0.514596	0.514596	0.530826	0.514596	0.514596	0.52777	0.518653	0.514596	0.514596	0.514596	0.52666	0.514596	0.541325	0.427431	0.427431	0.427431	0.451511	0.427431	0.451511	0.427431	0.427431	0.427431	0.427431	0.427431	0.514596	0.514596
0.427431	0.427431	0.427431	0.427431	0.427431	0.427431	0.427431	0.427431	0.427431	0.427431	0.427431	0.427431	0.427431	0.481275	0.481275	0.481275	0.481275	0.481275	0.481275	0.514596	0.514596	0.514596	0.427431	0.427431	0.514596	0.481275	0.481275	0.481275	0.481275	0.481275	0.533471	0.53302	0.532919	0.533616	0.532207	0.514608	0.533844	0.535957	0.532207	0.544612	0.532207	0.536703	0.514596	0.531067	0.514596	0.514596	0.517221	0.514596	0.514596	0.514596	0.519807	0.514596	0.530554	0.530734	0.514596	0.514596	0.514596	0.530598	0.514596	0.514596	0.514596	0.451511	0.427431	0.451511	0.427431	0.427431	0.427431	0.427431	0.427431	0.427431	0.427431	0.427431	0.481275	0.481275
0.427431	0.427431	0.427431	0.427431	0.427431	0.427431	0.427431	0.427431	0.427431	0.427431	0.427431	0.427431	0.427431	0.481275	0.481275	0.481275	0.481275	0.481275	0.481275	0.514596	0.514596	0.514596	0.427431	0.427431	0.514596	0.481275	0.481275	0.481275	0.481275	0.481275	0.533496	0.532888	0.534566	0.534315	0.514614	0.514632	0.533439	0.532207	0.560371	0.514596	0.539804	0.514596	0.514596	0.514596	0.530852	0.530342	0.514596	0.514596	0.514596	0.514596	0.514596	0.531162	0.514596	0.530734	0.514596	0.514596	0.530734	0.514596	0.514596	0.514596	0.514596	0.427431	0.890205	0.427431	0.427431	0.427431	0.427431	0.427431	0.427431	0.427431	0.427431	0.427431	0.481275	0.481275
0.481275	0.481275	0.481275	0.427431	0.427431	0.427431	0.429876	0.427431	0.427431	0.427431	0.427431	0.427431	0.427431	0.481275	0.481275	0.481275	0.481275	0.481275	0.481275	0.481275	0.481275	0.514596	0.514596	0.514596	0.427431	0.481275	0.481275	0.481275	0.481275	0.481275	0.534026	0.481275	0.481275	0.481275	0.514596	0.514596	0.514596	0.532207	0.514596	0.514596	0.427431	0.427431	0.514596	0.514596	0.51475	0.514596	0.540821	0.514596	0.516934	0.514596	0.530801	0.514596	0.514596	0.530734	0.514596	0.514596	0.530734	0.514596	0.514596	0.514596	0.514596	0.427431	0.451511	0.427431	0.427431	0.427431	0.427431	0.427431	0.427431	0.427431	0.427431	0.427431	0.427431	0.427431
0.429876	0.514596	0.514596	0.427431	0.427431	0.429876	0.427431	0.427431	0.427431	0.427431	0.427431	0.427431	0.427431	0.427431	0.427431	0.481275	0.481275	0.481275	0.481275	0.481275	0.481275	0.427431	0.427431	0.427431	0.427431	0.514596	0.514596	0.481275	0.481275	0.481275	0.481275	0.481275	0.481275	0.481275	0.427431	0.427431	0.53234	0.514596	0.514596	0.54412	0.514596	0.514596	0.514596	0.514724	0.514596	0.537827	0.514596	0.527264	0.514596	0.531481	0.514596	0.514596	0.514596	0.530734	0.514596	0.514596	0.514596	0.514596	0.514596	0.514596	0.530734	0.514596	0.514596	0.427431	0.427431	0.427431	0.427431	0.427431	0.427431	0.427431	0.427431	0.427431	0.427431	0.427431
0.470225	0.514596	0.514596	0.427431	0.451511	0.427431	0.427431	0.427431	0.427431	0.427431	0.427431	0.427431	0.427431	0.427431	0.427431	0.481275	0.481275	0.481275	0.481275	0.481275	0.481275	0.427431	0.427431	0.427431	0.427431	0.514596	0.514596	0.481275	0.481275	0.481275	0.481275	0.481275	0.481275	0.481275	0.427431	0.427431	0.532568	0.514596	0.514596	0.546327	0.514596	0.514596	0.515061	0.514596	0.538423	0.514596	0.521964	0.514596	0.521744	0.531306	0.514596	0.514596	0.514596	0.514596	0.533617	0.514596	0.514596	0.514596	0.521781	0.531242	0.514596	0.514596	0.514596	0.427431	0.427431	0.427431	0.427431	0.427431	0.427431	0.427431	0.427431	0.427431	0.427431	0.427431
0.427431	0.470169	0.472688	0.539085	0.427431	0.427431	0.427431	0.427431	0.427431	0.427431	0.427431	0.427431	0.427431	0.427431	0.427431	0.427431	0.481275	0.481275	0.481275	0.481275	0.481275	0.481275	0.427431	0.427431	0.427431	0.514596	0.514596	0.481275	0.481275	0.481275	0.481275	0.427431	0.427431	0.514596	0.514596	0.516069	0.427431	0.427431	0.427431	0.49914	0.481275	0.481275	0.514596	0.542493	0.514596	0.520471	0.514596	0.520594	0.515431	0.531541	0.514596	0.514596	0.514596	0.529111	0.514596	0.514596	0.514596	0.514596	0.514596	0.514596	0.53086	0.514596	0.514596	0.514596	0.427431	0.427431	0.887894	0.427431	0.427431	0.427431	0.427431	0.427431	0.427431	0.427431
0.427431	0.427431	0.427431	0.427431	0.884131	0.427431	0.427431	0.427431	0.427431	0.427431	0.427431	0.427431	0.427431	0.427431	0.427431	0.427431	0.427431	0.427431	0.427431	0.481275	0.481275	0.481275	0.514596	0.514596	0.514596	0.514596	0.514596	0.514596	0.427431	0.427431	0.481275	0.427431	0.427431	0.427431	0.427431	0.427431	0.427431	0.514596	0.533088	0.536722	0.514596	0.514596	0.543783	0.514596	0.530621	0.514596	0.523507	0.52185	0.515542	0.527189	0.531249	0.514596	0.530622	0.514596	0.514596	0.514596	0.514596	0.517762	0.514596	0.514596	0.530787	0.514596	0.514596	0.520759	0.514596	0.514596	0.427431	0.45237	0.427431	0.427431	0.427431	0.427431	0.427431	0.427431
0.427431	0.427431	0.427431	0.451608	0.427431	0.427431	0.427431	0.427431	0.427431	0.427431	0.427431	0.427431	0.427431	0.427431	0.427431	0.427431	0.427431	0.427431	0.427431	0.481275	0.481275	0.481275	0.514596	0.514596	0.514596	0.514596	0.514596	0.514596	0.427431	0.427431	0.481275	0.427431	0.427431	0.427431	0.427431	0.427431	0.427431	0.534052	0.532649	0.533925	0.514596	0.544045	0.514596	0.514596	0.53179	0.530816	0.520469	0.521098	0.524366	0.530901	0.514596	0.514596	0.54234	0.514596	0.514596	0.529104	0.521785	0.514596	0.514596	0.518066	0.514596	0.514596	0.530568	0.514596	0.514596	0.514781	0.427431	0.451511	0.427431	0.427431	0.427431	0.427431	0.427431	0.427431
0.481275	0.427431	0.427431	0.502294	0.427431	0.427431	0.427431	0.427431	0.427431	0.427431	0.427431	0.427431	0.427431	0.427431	0.427431	0.427431	0.427431	0.427431	0.514596	0.514596	0.514596	0.481275	0.514596	0.514596	0.427431	0.514596	0.514596	0.514596	0.427431	0.427431	0.514596	0.514596	0.514596	0.481275	0.481275	0.481275	0.481275	0.533684	0.533988	0.535034	0.53295	0.545911	0.514596	0.532085	0.531927	0.529681	0.521982	0.529405	0.531599	0.514596	0.514596	0.537919	0.514596	0.514596	0.527369	0.524173	0.514596	0.514596	0.518151	0.514596	0.514596	0.530734	0.530734	0.514596	0.481275	0.481275	0.481275	0.501067	0.481275	0.427431	0.427431	0.427431	0.427431	0.427431
0.427431	0.427431	0.427431	0.481275	0.481275	0.481275	0.427431	0.427431	0.427431	0.427431	0.427431	0.427431	0.427431	0.427431	0.427431	0.427431	0.427431	0.427431	0.427431	0.514596	0.514596	0.481275	0.481275	0.481275	0.514596	0.514596	0.514596	0.427431	0.520379	0.514596	0.514596	0.514596	0.514596	0.427431	0.481275	0.481275	0.481275	0.481275	0.481499	0.53387	0.54465	0.514596	0.532722	0.532319	0.531322	0.529739	0.53124	0.532304	0.514596	0.514596	0.514596	0.54251	0.514596	0.53147	0.530782	0.514596	0.514596	0.528336	0.514596	0.514596	0.530724	0.514596	0.514596	0.514596	0.530734	0.514596	0.514596	0.502035	0.481275	0.481275	0.427431	0.427431	0.427431	0.427431
0.427431	0.427431	0.427431	0.831855	0.481275	0.481275	0.427431	0.427431	0.427431	0.427431	0.427431	0.427431	0.427431	0.427431	0.427431	0.427431	0.427431	0.427431	0.427431	0.514596	0.514596	0.481275	0.481275	0.481275	0.514596	0.514596	0.514596	0.427431	0.514596	0.514596	0.514596	0.514596	0.514596	0.427431	0.481275	0.481275	0.481275	0.481275	0.481275	0.550541	0.514596	0.533303	0.532741	0.532199	0.531436	0.532026	0.531838	0.531258	0.532002	0.514596	0.514596	0.544257	0.535866	0.531934	0.514596	0.514609	0.530603	0.514596	0.514596	0.514596	0.530734	0.514596	0.514596	0.514596	0.514596	0.514596	0.514596	0.481275	0.48147	0.481275	0.427431	0.427431	0.427431	0.427431
0.445502	0.427431	0.427431	0.48129	0.501742	0.50123	0.888882	0.451519	0.429876	0.427431	0.427431	0.427431	0.427431	0.427431	0.427431	0.427431	0.427431	0.427431	0.427431	0.514596	0.514596	0.514596	0.514596	0.514596	0.427431	0.514596	0.514596	0.514596	0.427431	0.427431	0.427431	0.514596	0.514596	0.481275	0.532557	0.533025	0.481275	0.534079	0.534467	0.49958	0.534841	0.533394	0.532678	0.532341	0.532554	0.53254	0.531879	0.532114	0.514596	0.514596	0.54569	0.538364	0.532472	0.514596	0.514625	0.530773	0.514596	0.514596	0.514596	0.514596	0.514596	0.514596	0.514596	0.514596	0.514596	0.514596	0.481275	0.514596	0.514596	0.481275	0.427431	0.427431	0.427431	0.427431
0.53369	0.481275	0.481275	0.427431	0.427431	0.451511	0.481275	0.481275	0.481275	0.427431	0.427431	0.427431	0.427431	0.427431	0.427431	0.427431	0.427431	0.427431	0.427431	0.427431	0.427431	0.427431	0.514596	0.514596	0.427431	0.514596	0.514596	0.514596	0.514596	0.514596	0.514596	0.514596	0.514596	0.481275	0.481275	0.481275	0.481275	0.481275	0.481275	0.481275	0.534612	0.533137	0.532581	0.532587	0.532594	0.532437	0.532619	0.514596	0.514596	0.546595	0.543336	0.532844	0.514596	0.514605	0.531015	0.514596	0.514596	0.514596	0.514596	0.514596	0.514596	0.514596	0.514596	0.514596	0.514596	0.514596	0.514596	0.514596	0.514596	0.514596	0.481275	0.88512	0.427431	0.427431
0.533844	0.481275	0.481275	0.427431	0.427431	0.427431	0.483381	0.481275	0.481275	0.427431	0.427431	0.427431	0.427431	0.427431	0.427431	0.427431	0.427431	0.427431	0.427431	0.427431	0.427431	0.427431	0.514596	0.514596	0.427431	0.514596	0.514596	0.514596	0.514596	0.514596	0.514596	0.514596	0.514596	0.481275	0.481275	0.481275	0.481275	0.481275	0.481275	0.481275	0.534066	0.533088	0.533395	0.53342	0.532542	0.532773	0.514596	0.514596	0.558988	0.545637	0.534656	0.514596	0.514627	0.514596	0.517662	0.531646	0.514596	0.514596	0.514596	0.514596	0.517176	0.514596	0.514596	0.514596	0.514596	0.514596	0.514596	0.514596	0.514596	0.530734	0.481275	0.481275	0.427431	0.427431
0.481275	0.427431	0.427431	0.427431	0.427431	0.429876	0.514596	0.481283	0.481494	0.481275	0.427431	0.427431	0.427431	0.427431	0.427431	0.427431	0.427431	0.427431	0.427431	0.427431	0.427431	0.427431	0.427431	0.427431	0.427431	0.514596	0.514596	0.514596	0.514596	0.514596	0.514596	0.514596	0.514596	0.514596	0.481275	0.481275	0.538698	0.481275	0.481275	0.481275	0.534052	0.535348	0.53539	0.533283	0.534015	0.534666	0.555041	0.549633	0.546397	0.481275	0.48139	0.514596	0.514846	0.514758	0.481275	0.514626	0.514596	0.514596	0.514596	0.51748	0.514596	0.514596	0.514596	0.515456	0.514596	0.514708	0.514596	0.514596	0.530734	0.514596	0.481275	0.481275	0.427431	0.427431
0.481275	0.514596	0.514596	0.427431	0.427431	0.427431	0.427431	0.481283	0.543333	0.50101	0.481275	0.481275	0.427431	0.481275	0.481275	0.427431	0.427431	0.427431	0.427431	0.427431	0.427431	0.427431	0.427431	0.427431	0.514596	0.514596	0.514596	0.514596	0.514596	0.514596	0.514596	0.514596	0.514596	0.481275	0.481275	0.481275	0.481275	0.481275	0.481275	0.481275	0.481275	0.481275	0.534767	0.481275	0.481275	0.481275	0.53825	0.53308	0.546043	0.481275	0.481275	0.51522	0.519911	0.515097	0.514613	0.514596	0.514596	0.514596	0.521699	0.514596	0.514596	0.514604	0.514923	0.514596	0.514596	0.514596	0.514878	0.514596	0.530734	0.514596	0.514596	0.514596	0.481275	0.481275
0.481275	0.514596	0.514596	0.427431	0.427431	0.427431	0.427431	0.887708	0.481275	0.481275	0.534979	0.501699	0.451511	0.481591	0.481275	0.427431	0.427431	0.427431	0.427431	0.427431	0.427431	0.427431	0.427431	0.427431	0.514596	0.514596	0.514596	0.514596	0.514596	0.514596	0.514596	0.514596	0.514596	0.481275	0.481275	0.481275	0.481275	0.481275	0.481275	0.481275	0.481275	0.481275	0.534669	0.481275	0.481775	0.481755	0.533437	0.53442	0.537757	0.481275	0.481275	0.522771	0.514719	0.514633	0.514596	0.514596	0.514596	0.527481	0.514596	0.514596	0.514788	0.52201	0.514596	0.514898	0.514596	0.514806	0.514596	0.514596	0.530734	0.514596	0.514596	0.514596	0.481275	0.481275
0.481275	0.427431	0.427431	0.427431	0.514596	0.514596	0.514596	0.427431	0.427431	0.481275	0.481275	0.511207	0.481275	0.481275	0.481275	0.514596	0.427431	0.427431	0.427431	0.427431	0.427431	0.427431	0.427431	0.427431	0.427431	0.514596	0.514596	0.514596	0.514596	0.514596	0.514596	0.427431	0.427431	0.481275	0.481827	0.481275	0.481275	0.481275	0.481275	0.481275	0.481275	0.481275	0.535917	0.481275	0.481324	0.537375	0.481275	0.499278	0.514596	0.532216	0.52906	0.515398	0.514678	0.514596	0.514596	0.514596	0.530735	0.514596	0.514596	0.514717	0.527911	0.514596	0.514651	0.514596	0.516017	0.514596	0.514596	0.514596	0.521141	0.521649	0.514596	0.514596	0.514596	0.526949
0.481275	0.481275	0.481275	0.514915	0.427431	0.427431	0.427431	0.885407	0.481275	0.481275	0.481275	0.481275	0.558347	0.55922	0.5439	0.514596	0.427431	0.427431	0.427431	0.427431	0.427431	0.427431	0.427431	0.427431	0.427431	0.427431	0.427431	0.427431	0.427431	0.427431	0.514596	0.532207	0.514596	0.481275	0.481275	0.481275	0.481275	0.481275	0.481275	0.481275	0.481275	0.481275	0.481275	0.481275	0.48132	0.537418	0.533537	0.532725	0.532571	0.530872	0.515118	0.51466	0.514596	0.514596	0.514596	0.530822	0.514596	0.514596	0.5147	0.530545	0.514596	0.514612	0.514596	0.518732	0.514596	0.514596	0.530734	0.530734	0.530289	0.514596	0.514596	0.514596	0.530734	0.514596
0.481275	0.481275	0.481275	0.514596	0.427431	0.427431	0.427431	0.481275	0.501699	0.481329	0.481275	0.481275	0.514596	0.514596	0.514596	0.514596	0.427431	0.427431	0.427431	0.427431	0.427431	0.427431	0.427431	0.427431	0.427431	0.427431	0.427431	0.427431	0.427431	0.427431	0.514596	0.514596	0.514596	0.481275	0.481275	0.481275	0.481275	0.481275	0.481275	0.481275	0.481275	0.481275	0.481275	0.481275	0.481275	0.537291	0.533481	0.53311	0.531142	0.51531	0.514623	0.514596	0.514596	0.514596	0.514596	0.514596	0.518857	0.515675	0.53121	0.514596	0.514596	0.514596	0.514596	0.530948	0.514596	0.514596	0.514596	0.530734	0.514596	0.514596	0.514596	0.514596	0.518121	0.530734
0.481275	0.514596	0.514596	0.514596	0.427431	0.427431	0.514596	0.427431	0.427431	0.514596	0.453393	0.427431	0.481275	0.514596	0.514596	0.514596	0.514596	0.514596	0.427431	0.451511	0.429876	0.429876	0.427431	0.427431	0.427431	0.427431	0.427431	0.427431	0.514596	0.514596	0.514596	0.427431	0.427431	0.514596	0.481275	0.481275	0.481275	0.515455	0.53398	0.481275	0.481275	0.481275	0.481275	0.481275	0.481401	0.535492	0.53438	0.532549	0.515585	0.514596	0.514596	0.514596	0.514596	0.514596	0.514596	0.527183	0.515947	0.531345	0.514596	0.530779	0.514596	0.514596	0.514985	0.519633	0.514596	0.514596	0.514596	0.515368	0.514596	0.514596	0.514596	0.521147	0.514596	0.530734
0.514596	0.514596	0.514596	0.514596	0.427431	0.427431	0.427431	0.514596	0.514596	0.514596	0.427431	0.885013	0.514596	0.514596	0.514596	0.514596	0.514596	0.543482	0.451511	0.427431	0.427431	0.427431	0.427431	0.427431	0.514596	0.514596	0.514596	0.514596	0.514596	0.514596	0.514596	0.427431	0.427431	0.514596	0.514596	0.514806	0.481275	0.481275	0.481275	0.481275	0.481275	0.481275	0.481275	0.481275	0.481275	0.481275	0.533344	0.517426	0.514709	0.514596	0.514596	0.514596	0.514596	0.514596	0.530389	0.517661	0.532526	0.514596	0.514596	0.514596	0.519631	0.515288	0.519015	0.514596	0.514596	0.514596	0.514596	0.514596	0.514596	0.514596	0.530573	0.514596	0.514596	0.530734
0.514596	0.514596	0.514596	0.514596	0.427431	0.427431	0.427431	0.514596	0.514596	0.514596	0.427431	0.427431	0.532226	0.514596	0.514596	0.514596	0.543482	0.558043	0.427431	0.427431	0.427431	0.427431	0.427431	0.427431	0.514596	0.514596	0.514596	0.514596	0.514596	0.514596	0.514596	0.427431	0.427431	0.514596	0.514927	0.514971	0.481275	0.481275	0.481275	0.481275	0.481275	0.481275	0.481275	0.481275	0.481275	0.481275	0.519111	0.514709	0.514596	0.514596	0.514596	0.514596	0.514596	0.529712	0.519425	0.531548	0.529267	0.532342	0.514596	0.521672	0.515773	0.520613	0.514596	0.514596	0.514596	0.514596	0.514596	0.514596	0.514596	0.530734	0.514596	0.514596	0.514596	0.530734
0.514596	0.514596	0.514596	0.481275	0.481275	0.481275	0.427431	0.427431	0.427431	0.43011	0.427431	0.427431	0.427431	0.514596	0.514596	0.500646	0.543482	0.514596	0.427431	0.427431	0.427431	0.427431	0.427431	0.427431	0.427431	0.427431	0.427431	0.427431	0.514596	0.514596	0.514596	0.427431	0.427431	0.481275	0.481275	0.481275	0.481275	0.481275	0.481275	0.481275	0.481275	0.481275	0.481275	0.533533	0.53261	0.530848	0.51464	0.514596	0.514596	0.514596	0.514596	0.514596	0.53089	0.527028	0.532231	0.531601	0.532419	0.514596	0.527641	0.516465	0.527038	0.514596	0.514596	0.514596	0.514596	0.514596	0.514596	0.514596	0.514596	0.514596	0.514596	0.514596	0.514596	0.530734
0.514596	0.514596	0.514596	0.514686	0.514598	0.514596	0.427431	0.427431	0.427431	0.427431	0.427431	0.427431	0.427431	0.481275	0.515615	0.515328	0.427431	0.427431	0.427431	0.427431	0.427431	0.427431	0.427431	0.427431	0.427431	0.427431	0.427431	0.427431	0.514596	0.514596	0.514596	0.481275	0.481275	0.481275	0.481275	0.481275	0.481275	0.481275	0.481275	0.481275	0.481275	0.481275	0.481275	0.533202	0.530896	0.51464	0.514596	0.514596	0.514596	0.514596	0.514596	0.531787	0.531018	0.532533	0.53205	0.532978	0.514596	0.530851	0.517584	0.530641	0.514596	0.514596	0.514596	0.514596	0.514596	0.514596	0.514596	0.514596	0.514596	0.514596	0.514596	0.514596	0.530734	0.514596
0.514596	0.514596	0.514762	0.514674	0.514599	0.514596	0.427431	0.427431	0.427431	0.427431	0.427431	0.427431	0.427431	0.481275	0.886229	0.512302	0.427431	0.427431	0.427431	0.427431	0.427431	0.427431	0.427431	0.427431	0.427431	0.427431	0.427431	0.427431	0.514596	0.514596	0.514596	0.481275	0.481275	0.481275	0.481275	0.481275	0.481275	0.481275	0.481275	0.481275	0.481275	0.481275	0.481275	0.531179	0.514653	0.514596	0.514596	0.514596	0.514596	0.514596	0.532808	0.532116	0.533099	0.532394	0.532522	0.533011	0.531243	0.522507	0.531473	0.514596	0.514596	0.514596	0.514596	0.514596	0.514596	0.514596	0.514596	0.514596	0.514596	0.514596	0.514596	0.514596	0.530734	0.514596
0.514596	0.515123	0.514704	0.514648	0.516501	0.532068	0.481275	0.514596	0.514596	0.427431	0.427431	0.427431	0.427431	0.427431	0.427431	0.483432	0.481275	0.481423	0.451511	0.427431	0.427431	0.427431	0.427431	0.427431	0.427431	0.427431	0.427431	0.427431	0.427431	0.427431	0.481275	0.427431	0.427431	0.481275	0.481275	0.481275	0.481275	0.481275	0.481275	0.515522	0.51535	0.515392	0.515399	0.514779	0.514596	0.514596	0.514596	0.514596	0.514596	0.533173	0.515573	0.53501	0.533378	0.533956	0.53408	0.532715	0.530712	0.532172	0.514596	0.514596	0.514596	0.514596	0.514596	0.514596	0.514596	0.514596	0.514596	0.52729	0.514596	0.514596	0.514596	0.514596	0.530734	0.514596
0.481275	0.51522	0.514868	0.531536	0.53243	0.531973	0.532802	0.514596	0.514596	0.481275	0.514596	0.514596	0.427431	0.427431	0.427431	0.481275	0.481275	0.481329	0.452955	0.888103	0.427431	0.427431	0.427431	0.427431	0.427431	0.427431	0.427431	0.427431	0.427431	0.427431	0.427431	0.427431	0.427431	0.481275	0.481275	0.481275	0.481275	0.481275	0.481275	0.481275	0.481275	0.481275	0.51483	0.514596	0.514596	0.514596	0.514596	0.514596	0.481275	0.481275	0.481275	0.534079	0.481275	0.481275	0.533875	0.531155	0.532793	0.514596	0.514596	0.514596	0.514596	0.514596	0.514596	0.514596	0.514596	0.514596	0.514596	0.514596	0.514596	0.514596	0.514596	0.530734	0.514596	0.514596
0.481275	0.515123	0.532808	0.532797	0.532207	0.533589	0.533685	0.532207	0.530956	0.481275	0.514596	0.514596	0.427431	0.427431	0.427431	0.481275	0.481275	0.481275	0.427431	0.427431	0.451535	0.427431	0.427431	0.427431	0.427431	0.427431	0.427431	0.427431	0.427431	0.427431	0.427431	0.427431	0.427431	0.481275	0.481275	0.481275	0.481275	0.481275	0.481275	0.481275	0.481275	0.481275	0.514596	0.514596	0.514596	0.514596	0.514596	0.533047	0.481275	0.481275	0.481275	0.515798	0.481275	0.481275	0.533427	0.534086	0.530917	0.514596	0.514596	0.514596	0.514596	0.514596	0.514596	0.514596	0.514596	0.514596	0.514596	0.514596	0.514596	0.514596	0.514596	0.514596	0.514596	0.514596
0.481275	0.481275	0.481275	0.516069	0.481275	0.481444	0.532207	0.514596	0.514596	0.514596	0.427431	0.427431	0.427431	0.427431	0.427431	0.451511	0.481275	0.481275	0.427431	0.481275	0.481275	0.481275	0.427431	0.427431	0.427431	0.427431	0.427431	0.427431	0.427431	0.427431	0.427431	0.427431	0.427431	0.427431	0.481275	0.481275	0.481275	0.514596	0.514596	0.514596	0.514596	0.514596	0.514596	0.514596	0.514596	0.514596	0.514852	0.515557	0.481275	0.481275	0.481275	0.515246	0.481275	0.481275	0.481275	0.515111	0.514596	0.514596	0.514596	0.514596	0.514596	0.514596	0.514596	0.514596	0.514596	0.514596	0.514596	0.514596	0.514596	0.514596	0.514596	0.514596	0.514596	0.530734
0.427431	0.427431	0.427431	0.481275	0.514596	0.514596	0.514596	0.514596	0.514596	0.514596	0.514596	0.514596	0.427431	0.427431	0.427431	0.514596	0.427431	0.427431	0.481275	0.481638	0.481275	0.481275	0.889431	0.427431	0.427431	0.427431	0.427431	0.427431	0.427431	0.427431	0.427431	0.427431	0.427431	0.427431	0.514596	0.514596	0.514596	0.514596	0.514596	0.514596	0.514596	0.514596	0.514596	0.514596	0.514596	0.481275	0.481275	0.481275	0.481275	0.481275	0.481275	0.514787	0.481275	0.481275	0.514809	0.514596	0.514596	0.514596	0.514596	0.514596	0.514596	0.514596	0.514596	0.514596	0.514596	0.514596	0.514596	0.514596	0.514596	0.514596	0.514596	0.514596	0.514596	0.514596
0.427431	0.427431	0.427431	0.481275	0.514596	0.514596	0.514596	0.514596	0.514596	0.514596	0.514596	0.514596	0.427431	0.451511	0.451511	0.514596	0.427431	0.427431	0.481275	0.481275	0.481373	0.481275	0.427431	0.451511	0.427431	0.427431	0.427431	0.427431	0.427431	0.427431	0.427431	0.427431	0.427431	0.427431	0.514596	0.514596	0.514596	0.514596	0.514596	0.514596	0.514596	0.514596	0.514596	0.514596	0.514596	0.481275	0.481275	0.481275	0.481275	0.481275	0.481275	0.514596	0.481275	0.481275	0.514596	0.514596	0.514596	0.514596	0.514596	0.514596	0.514596	0.514596	0.514596	0.514596	0.514596	0.514596	0.514596	0.514596	0.514596	0.514596	0.514596	0.514596	0.514596	0.514596
