Crust moisture [-]
0.571889	0.717052	0.567242	0.537641	0.567237	0.570795	0.537641	0.566369	0.566369	0.566369	0.566369	0.566369	0.566369	0.606702	0.536199	0.536199	0.536199	0.536199	0.536199	0.536199	0.536199	0.528187	0.528187	0.528187	0.536199	0.536199	0.536199	0.536199	0.536199	0.536199	0.536199	0.536199	0.536199	0.536199	0.528187	0.528187	0.566369	0.536199	0.536199	0.536199	0.536199	0.536199	0.566369	0.528187	0.528187	0.528187	0.528187	0.528187	0.566369	0.536199	0.536199	0.536199	0.536199	0.536199	0.536199	0.566369	0.566369	0.536199	0.536199	0.536199	0.536199	0.536199	0.536199	0.528187	0.536199	0.536199	0.566369	0.536199	0.536199	0.536199	0.536199	0.536199	0.566369	0.566369
0.566369	0.566369	0.566369	0.536199	0.566369	0.566369	0.536199	0.566369	0.566369	0.566369	0.566369	0.566369	0.566369	0.60715	0.536199	0.536199	0.536199	0.536199	0.536199	0.536199	0.536199	0.528187	0.528187	0.528187	0.536199	0.536199	0.536199	0.536199	0.538196	0.536199	0.536199	0.536199	0.536199	0.536199	0.528187	0.528187	0.566369	0.536199	0.536199	0.536199	0.536199	0.536199	0.577675	0.528187	0.528187	0.528187	0.528187	0.528187	0.566369	0.536199	0.536199	0.536199	0.536199	0.536199	0.536199	0.566369	0.566369	0.536199	0.536199	0.536199	0.536199	0.536199	0.536199	0.528187	0.536199	0.536199	0.566369	0.536199	0.536199	0.536199	0.536199	0.536199	0.566369	0.566369
0.536199	0.528187	0.528187	0.528187	0.528187	0.528187	0.645534	0.566369	0.566369	0.566369	0.566369	0.566369	0.566369	0.536199	0.611244	0.536199	0.536199	0.536199	0.536199	0.566369	0.566369	0.528187	0.566369	0.56667	0.536199	0.536199	0.536199	0.536199	0.536199	0.536199	0.536199	0.536199	0.536199	0.536199	0.536199	0.536199	0.536199	0.536199	0.536199	0.536199	0.573523	0.566369	0.536199	0.536199	0.536199	0.528187	0.528187	0.528187	0.528187	0.536199	0.536199	0.536199	0.536199	0.536199	0.536199	0.566369	0.566369	0.536199	0.536199	0.536199	0.536199	0.528187	0.528187	0.536199	0.528187	0.528187	0.528187	0.536199	0.536199	0.536199	0.536199	0.536199	0.536199	0.536199
0.528187	0.528187	0.528187	0.528187	0.528187	0.528187	0.528187	0.566369	0.566369	0.566369	0.566369	0.566369	0.566369	0.557767	0.611172	0.621435	0.536199	0.536199	0.536199	0.536199	0.536199	0.566369	0.566369	0.566369	0.567237	0.536199	0.536199	0.528187	0.536199	0.536199	0.536199	0.536199	0.536199	0.536199	0.536199	0.536199	0.536199	0.536199	0.536199	0.536199	0.536199	0.536199	0.536199	0.536199	0.536199	0.536199	0.536199	0.536199	0.536199	0.536199	0.536199	0.536199	0.536199	0.536199	0.536199	0.536199	0.536199	0.536199	0.528187	0.528187	0.528187	0.574616	0.566369	0.528187	0.528187	0.528187	0.528187	0.528187	0.528187	0.528187	0.528187	0.528187	0.536199	0.536199
0.528187	0.528187	0.528187	0.528187	0.647028	0.538826	0.528221	0.566395	0.566369	0.566369	0.566369	0.566369	0.6121	0.536199	0.53669	0.731435	0.58143	0.610658	0.584222	0.536199	0.536199	0.566369	0.566369	0.566369	0.567237	0.536199	0.536199	0.528187	0.536199	0.536199	0.95792	0.536199	0.536199	0.536199	0.536199	0.536199	0.536199	0.536199	0.536199	0.536199	0.536199	0.536199	0.536199	0.536199	0.536199	0.536199	0.536199	0.536199	0.536199	0.536199	0.536199	0.536199	0.536199	0.536199	0.536199	0.536199	0.536199	0.536199	0.528187	0.528187	0.528187	0.566369	0.573846	0.528187	0.533253	0.528187	0.528187	0.528187	0.528187	0.528187	0.528187	0.528187	0.536199	0.536199
0.61264	0.577995	0.610584	0.528187	0.528187	0.528187	0.528187	0.528187	0.528187	0.536199	0.536199	0.547674	0.566369	0.536199	0.536199	0.536199	0.65113	0.536199	0.536199	0.539647	0.536199	0.536199	0.528187	0.528187	0.566369	0.566369	0.566369	0.566369	0.566369	0.566369	0.536199	0.536199	0.536199	1	0.537641	0.536199	0.536199	0.528187	0.528187	0.528187	0.536199	0.536199	0.536199	0.536199	0.536199	0.536199	0.528187	0.580399	0.572377	0.536199	0.536199	0.536199	0.528187	0.528187	0.528187	0.536199	0.536199	0.536199	0.536199	0.536199	0.528187	0.56845	0.732117	0.717468	0.528187	0.528187	0.528187	0.528187	0.528187	0.528187	0.528187	0.528187	0.528187	0.528187
0.566369	0.591427	0.612729	0.528187	0.566369	0.566369	0.528187	0.528187	0.528187	0.528187	0.675612	0.528187	0.528187	0.566369	0.566369	0.676301	0.566369	0.566369	0.536199	0.528187	0.528187	0.528187	0.536199	0.536199	0.536199	0.566369	0.566369	0.566369	0.566369	0.566369	0.566369	0.566369	0.566369	0.528187	0.528187	0.647846	0.559675	0.528187	0.528187	0.528187	0.620652	0.644628	0.536199	0.536199	0.536199	0.635305	0.585221	0.528187	0.528187	0.615784	0.528187	0.528187	0.528187	0.528187	0.528187	0.571086	0.528187	0.536199	0.536199	0.536199	0.734384	0.724631	0.579545	0.528187	0.528187	0.528187	0.528187	0.528187	0.528187	0.528187	0.528187	0.528187	0.536199	0.536199
0.566369	0.713451	0.706302	0.528522	0.566369	0.566369	0.528187	0.528187	0.528187	0.528187	0.614331	0.528187	0.528187	0.566369	0.566369	0.682997	0.566369	0.566369	0.536199	0.528187	0.528187	0.528187	0.536199	0.536199	0.536199	0.566369	0.566369	0.566369	0.566369	0.566369	0.566369	0.566369	0.566369	0.528187	0.528187	0.528187	0.528187	0.532001	1	0.528187	0.671794	0.566369	0.536199	0.576137	0.576077	0.528187	0.528187	0.528187	0.528187	0.528187	0.636672	0.587426	0.637268	0.671302	0.554976	0.528187	0.544172	0.556522	0.543356	0.536199	0.566369	0.566369	0.566369	0.528187	0.528187	0.528187	0.528187	0.528187	0.528187	0.528187	0.528187	0.528187	0.536199	0.536199
0.559597	0.529426	0.528187	0.528258	0.613213	0.57062	0.528187	0.578121	0.566369	0.566369	0.584556	0.528187	0.528187	0.528187	0.528187	0.56887	0.566369	0.566369	0.566369	0.528187	0.528187	0.687109	0.53727	0.536199	0.536199	0.536199	0.536199	0.536199	0.566369	0.566369	0.566369	0.566369	0.566369	0.566369	0.528187	0.528187	0.528187	0.536199	0.536199	0.528187	0.528187	0.561566	1	0.536199	0.536199	0.536199	0.528187	0.528187	0.566369	0.566369	0.566369	0.566369	0.5664	0.577785	0.766589	0.75203	0.698567	0.528187	0.536199	0.536199	0.536199	0.566369	0.566369	0.528187	0.528187	0.528187	0.528187	0.528187	0.528187	0.528187	0.528187	0.528187	0.536199	0.536199
0.689976	0.528221	0.528187	0.566369	0.528187	0.528187	0.580312	0.528187	0.528187	0.528187	0.581817	0.528187	0.528187	0.528187	0.528187	0.528187	0.531802	0.528187	0.566369	0.528187	0.528187	0.700178	0.528187	0.651271	0.536199	0.536199	0.536199	0.536199	0.566369	0.566369	0.566369	0.574726	0.566369	0.566369	0.566369	0.566369	0.566369	0.566369	0.566369	0.536199	0.528187	0.528187	0.536199	0.536199	0.536199	0.536199	0.528187	0.528187	0.566369	0.566369	0.566369	0.566369	0.566369	0.566369	0.573243	0.528187	0.532898	0.528187	0.528187	0.528187	0.528187	0.528187	0.528187	0.528187	0.528187	0.532545	0.528254	0.528187	0.528187	0.528187	0.536199	0.536199	0.536199	0.536199
0.671239	0.528187	0.528187	0.576825	0.528187	0.528187	0.592233	0.528187	0.54994	0.618136	0.528187	0.528187	0.528187	0.528187	0.528187	0.528187	0.528187	0.528187	0.566369	0.528187	0.529214	0.699835	0.528187	0.528187	0.54022	0.536199	0.536199	0.536199	0.566369	0.566369	0.598392	0.566369	0.566369	0.566369	0.566419	0.566369	0.566369	0.566369	0.566369	0.536199	0.528187	0.528187	0.536199	0.536199	0.536199	0.536199	0.528187	0.528187	0.566369	0.566369	0.566369	0.566369	0.566369	0.566369	0.566369	0.528187	0.528187	0.543946	0.528187	0.528187	0.528187	0.528187	0.59204	0.610548	0.59124	0.528187	0.528187	0.528187	0.528187	0.528187	0.536199	0.536199	0.536199	0.536199
0.528187	0.57774	0.588753	0.528187	0.528187	0.528187	0.528187	0.528187	0.528187	0.566369	0.561054	0.528187	0.528187	0.528187	0.528187	0.528187	0.528187	0.637978	0.787042	0.716955	0.566369	0.536199	0.528187	0.528187	0.528187	0.567237	0.566369	0.566369	0.631904	0.566369	0.699907	0.566369	0.566369	0.566369	0.566746	0.566369	0.566369	0.566369	0.566369	0.566369	0.566369	0.573243	0.536201	1	0.536199	0.536199	0.566369	0.566369	0.566369	0.566369	0.566369	0.566369	0.566369	0.566369	0.566369	0.566369	0.573425	0.528187	0.528804	0.528187	0.649353	0.560551	0.528187	0.528187	0.528187	0.528187	0.528187	0.528187	0.528187	0.528187	0.528187	0.528187	0.536199	0.536199
0.528187	0.569079	0.597945	0.528187	0.566369	0.566369	0.589212	0.573884	0.592698	0.675436	0.55272	0.528187	0.528187	0.528187	0.528187	0.528187	0.528187	0.528187	0.585868	0.573595	0.528187	0.536199	0.528187	0.528187	0.528187	0.528187	0.634182	0.528187	0.528187	0.528187	0.52819	0.566369	0.566369	0.566369	0.566369	0.566369	0.566369	0.566369	0.566369	0.566369	0.528187	0.528187	0.528187	0.599278	0.536199	0.536199	0.566369	0.566369	0.566369	0.566369	0.566369	0.566369	0.566369	0.566369	0.566369	0.566369	0.566369	0.584011	0.528187	0.655902	0.528187	0.52929	0.528187	0.528187	0.528187	0.528187	0.528187	0.536199	0.536199	0.572867	0.528187	0.528187	0.566369	0.566369
0.541644	0.566369	0.577105	0.528187	0.566369	0.566369	0.577931	0.579736	0.602198	0.699164	0.528187	0.544727	0.528187	0.528187	0.528187	0.528187	0.528187	0.528187	0.714248	0.528277	0.528187	0.536199	0.528187	0.528215	0.528187	0.528187	0.64361	0.528187	0.528187	0.528187	0.528187	0.661706	0.566369	0.566369	0.566369	0.566369	0.568385	0.566369	0.566369	0.566369	0.528187	0.528187	0.528187	0.536199	0.536199	0.536199	0.566369	0.566369	0.566369	0.566369	0.566369	0.566369	0.566369	0.566369	0.566369	0.566369	0.566369	0.566369	0.528187	0.528187	0.528187	0.528187	0.52929	0.593891	0.528187	0.528187	0.528187	0.536199	0.536199	0.699613	0.528187	0.528187	0.566369	0.566369
0.528264	0.528187	0.528187	0.618689	0.627327	0.588205	0.566369	0.605207	0.699767	0.700199	0.528187	0.528187	0.552074	0.528187	0.528187	0.699257	0.528187	0.591875	0.528187	0.528187	0.534806	0.566369	0.536199	0.536199	0.536199	0.528187	0.528187	0.592616	0.528187	0.528187	0.528187	0.567511	0.566369	0.566369	0.566369	0.566369	0.566369	0.570013	0.566369	0.566369	0.566369	0.566369	0.566369	0.536199	0.536199	0.536199	0.536199	0.536199	0.528187	0.566369	0.566369	0.566369	0.566369	0.566369	0.566369	0.566369	0.566369	0.566791	0.566369	0.569061	0.528187	0.528187	0.528187	0.528187	0.528187	0.528398	0.529083	0.536199	0.536199	0.566369	0.566369	0.566369	0.566369	0.566369
0.554232	0.528187	0.528187	0.528187	0.528187	0.528187	0.528187	0.566369	0.70639	0.528187	0.528187	0.528187	0.528187	0.610988	0.52933	0.528187	0.528187	0.641054	0.528187	0.566369	0.700971	0.536199	0.536199	0.536199	0.536199	0.528187	0.528187	0.528187	0.591427	0.528187	0.528187	0.588205	0.572038	0.574191	0.641288	0.566369	0.567474	0.566369	0.566369	0.566369	0.566369	0.566369	0.566369	0.528187	0.528187	0.536199	0.536199	0.536199	0.536199	0.528187	0.528187	0.528187	0.528187	0.528187	0.528187	0.566369	0.566369	0.566369	0.566369	0.566369	0.583806	0.528187	0.528187	0.528187	0.528187	0.528187	0.528187	0.674811	0.566369	0.566369	0.566369	0.566369	0.566369	0.566369
0.528187	0.528187	0.528187	0.528187	0.528187	0.528187	0.528187	0.566369	0.706715	0.528187	0.528187	0.536101	0.528187	0.677524	0.528187	0.528187	0.528244	0.528187	0.528187	0.566369	0.566369	0.536199	0.536199	0.536199	0.536199	0.528187	0.528187	0.528187	0.528187	0.626767	0.528187	0.589503	0.587391	0.699515	0.566369	0.569774	0.566369	0.568143	0.566369	0.566369	0.566369	0.566369	0.566369	0.528187	0.528187	0.975366	0.536199	0.536199	0.536199	0.528187	0.528187	0.528187	0.528187	0.528187	0.528187	0.56669	0.566369	0.566369	0.566369	0.566464	0.566369	0.528187	0.528187	0.528187	0.528187	0.528187	0.528187	0.584515	0.700983	0.566369	0.566369	0.566369	0.566369	0.566369
0.596641	0.528187	0.528187	0.528187	0.586998	0.566369	0.566369	0.528187	0.528187	0.70078	0.528187	0.528187	0.528187	0.684492	0.735683	0.528187	0.528187	0.528187	0.528187	0.528187	0.528187	0.528187	0.528187	0.528187	0.528187	0.536199	0.536199	0.528187	0.528187	0.623124	0.528187	0.528187	0.528187	0.700417	0.59247	0.566369	0.566369	0.566369	0.572496	0.566369	0.566369	0.566369	0.566369	0.566369	0.566369	0.536199	0.536199	0.536199	0.536199	0.536199	0.536199	0.528187	0.536199	0.536199	0.528187	0.566369	0.566615	0.566369	0.566369	0.566369	0.566646	0.566369	0.566369	0.566369	0.567685	0.577096	0.665675	0.681768	0.646939	0.566369	0.528187	0.528187	0.528187	0.528187
0.656849	0.586588	0.584789	0.693501	0.528187	0.528187	0.566369	0.566369	0.566369	0.528187	0.528187	0.528187	0.663955	0.528187	0.528187	0.649071	0.528187	0.528187	0.528259	0.528187	0.528187	0.528187	0.528187	0.528187	0.528187	0.528187	0.528187	0.528187	0.528187	0.588339	0.566369	0.528187	0.528187	0.528187	0.566369	0.566369	0.566369	0.574419	0.566369	0.566369	0.566369	0.566369	0.566369	0.566369	0.566369	0.536199	0.536199	0.536199	0.536199	0.536199	0.536199	0.536199	0.536199	0.536199	0.528187	0.566369	0.566369	0.566768	0.566369	0.566369	0.568694	0.566369	0.566369	0.566369	0.566369	0.56637	0.615911	0.528187	0.528187	0.528187	0.528187	0.528187	0.528187	0.528187
0.699734	0.607824	0.596638	0.596114	0.528187	0.528187	0.566369	0.566369	0.570249	0.528187	0.528187	0.528187	0.576855	0.528187	0.528187	0.528187	0.61896	0.528187	0.528187	0.528187	0.528187	0.528187	0.528187	0.528187	0.528187	0.528187	0.528187	0.591086	0.528187	0.528303	0.584466	0.528187	0.528187	0.528188	0.566369	0.566369	0.579055	0.566369	0.566369	0.566369	0.567825	0.566369	0.566369	0.566369	0.566369	1	0.536199	0.536199	0.536199	0.536199	0.536199	0.536199	0.536199	0.536199	0.528187	0.568105	0.566369	0.566369	0.569298	0.566369	0.569857	0.566369	0.566369	0.566369	0.566369	0.566369	0.570845	0.528187	0.528187	0.528187	0.528187	0.528187	0.528187	0.528187
0.699362	0.528187	0.528187	0.528187	0.528187	0.528187	0.652358	0.578121	0.586812	0.528187	0.568183	0.566369	0.528187	0.528187	0.528187	0.528187	0.528187	0.59124	0.528187	0.649948	0.698841	0.528187	0.528187	0.528187	0.528187	0.528187	0.528187	0.584281	0.528187	0.528187	0.566369	0.528187	0.528187	0.528187	0.759513	0.528187	0.566369	0.566369	0.566369	0.568434	0.566369	0.566369	0.566369	0.566369	0.572226	0.528187	0.536199	0.536199	0.536199	0.536199	0.536199	0.536199	0.536199	0.536199	0.536199	0.566369	0.57334	0.566369	0.566369	0.585153	0.587391	0.566369	0.566369	0.566369	0.566369	0.566369	0.566369	0.576873	0.666349	0.697086	0.528187	0.528187	0.528187	0.528187
0.67193	0.528187	0.528187	0.582854	0.578181	0.577578	0.65728	0.528187	0.528187	0.622214	0.566369	0.570203	0.566369	0.566369	0.566369	0.528187	0.540116	0.528187	0.528187	0.528187	0.528187	0.528187	0.528187	0.528187	0.528187	0.528187	0.528187	0.528187	0.707556	0.566369	0.568546	0.566982	0.566369	0.528187	0.625615	0.566369	0.566369	0.566369	0.576663	0.566369	0.566369	0.566369	0.566369	0.528187	0.528187	0.536199	0.536199	0.536199	0.536199	0.536199	0.536199	0.536199	0.536199	0.536199	0.536199	0.528187	0.528187	0.528187	0.528187	0.528187	0.566369	0.566369	0.566369	0.566369	0.566369	0.566369	0.566369	0.566369	0.623318	0.528187	0.528187	0.528187	0.536199	0.536199
0.67602	0.528187	0.528187	0.586305	0.619085	0.606664	0.606623	0.528187	0.528187	0.645535	0.602616	0.566369	0.574388	0.566369	0.566369	0.542244	0.528187	0.528187	0.528187	0.528187	0.528187	0.528187	0.528187	0.528187	0.528187	0.528216	0.528187	0.528187	0.70083	0.568908	0.566523	0.566476	0.566369	0.528187	0.698797	0.566369	0.566369	0.578816	0.566369	0.566369	0.566369	0.566369	0.566369	0.528187	0.528187	0.536199	1	0.536199	0.536199	0.536199	0.536199	0.536199	0.536199	0.536199	0.536199	0.528187	0.528187	0.528187	0.528187	0.528187	0.566369	0.566369	0.566369	0.566369	0.566369	0.566369	0.566369	0.566369	0.566369	0.528187	0.528187	0.528187	0.536199	0.536199
0.528187	0.567176	0.56832	0.577366	0.629384	0.699286	0.698419	0.698461	0.699807	0.60237	0.528187	0.528187	0.566369	0.528187	0.528187	0.528394	0.528187	0.528187	0.528187	0.528187	0.528187	0.528187	0.528187	0.528187	0.528187	0.528187	0.528187	0.528187	0.583049	0.567318	0.567093	0.566369	0.566369	0.566369	0.528187	0.528187	0.528187	0.566369	0.566369	0.566369	0.566369	0.566369	0.566369	0.566369	0.566369	0.566369	0.578857	0.536199	0.536199	0.536199	0.536199	0.536199	0.536199	0.536199	0.536199	0.536199	0.536199	0.528187	0.566369	0.566369	0.566369	0.566369	0.566369	0.566369	0.566369	0.566369	0.566369	0.566369	0.566369	0.566369	0.528187	0.528187	0.528187	0.528187
0.604901	0.571359	0.56804	0.573625	0.62195	0.700019	0.528187	0.528187	0.528187	0.528187	0.528187	0.528187	0.528187	0.528187	0.528187	0.528187	0.528187	0.528187	0.528187	0.528187	0.528187	0.528187	0.528187	0.528187	0.528187	0.528187	0.528187	0.630103	0.567256	0.566566	0.566818	0.566387	0.566369	0.528187	0.528187	0.823006	0.566369	0.566369	0.566369	0.566369	0.566369	0.566369	0.566369	0.566369	0.566369	0.536199	0.537641	0.536199	0.536199	0.536199	0.536199	0.536199	0.536199	0.536199	0.536199	0.536199	0.536199	0.536199	0.566369	0.6099	0.566369	0.566369	0.566369	0.566369	0.566369	0.566369	0.566369	0.566369	0.566369	0.566369	0.566369	0.566369	0.566369	0.566369
0.629164	0.574059	0.59053	0.57106	0.58799	0.699044	0.528187	0.528187	0.528187	0.528187	0.528187	0.528187	0.528187	0.528187	0.528187	0.528187	0.528187	0.528187	0.528187	0.528187	0.528187	0.528187	0.528187	0.528187	0.528187	0.528187	0.528187	0.570935	0.567902	0.566764	0.566397	0.566373	0.566369	0.528187	0.528187	0.528187	0.566369	0.566369	0.566369	0.566369	0.566369	0.566369	0.566369	0.566369	0.566369	0.536199	0.536199	0.566158	0.536199	0.536199	0.536199	0.536199	0.536199	0.536199	0.536199	0.536199	0.536199	0.536199	0.566369	0.576459	0.566369	0.566369	0.566369	0.566369	0.566369	0.566369	0.566369	0.566369	0.566369	0.566369	0.566369	0.566369	0.566369	0.566369
0.699317	0.575269	0.592535	0.528187	0.577307	0.635313	0.528187	0.528187	0.528187	0.528187	0.528187	0.528187	0.528187	0.528187	0.528187	0.528187	0.528187	0.528187	0.528187	0.528187	0.528187	0.528187	0.528187	0.528187	0.528187	0.697658	0.574516	0.568899	0.566798	0.566385	0.56669	0.566643	0.566369	0.629714	0.528187	0.528187	0.566369	0.566369	0.566369	0.566369	0.566369	0.566918	0.566369	0.567072	0.566509	0.566369	0.536199	0.536199	0.536199	0.536199	0.536199	0.536199	0.536199	0.536199	0.536199	0.536199	0.536199	0.528187	0.566369	0.569518	0.566369	0.528187	0.528187	0.528187	0.566369	0.566369	0.566369	0.566369	0.566369	0.566369	0.566369	0.566369	0.566369	0.566369
0.528187	0.569189	0.604272	0.528187	0.569302	0.600305	0.528187	0.528187	0.528187	0.528187	0.528187	0.528187	0.528187	0.528187	0.528187	0.528187	0.528187	0.528187	0.528187	0.528187	0.528187	0.700395	0.528187	0.528187	0.528187	0.629533	0.574078	0.567531	0.5683	0.567457	0.566376	0.566369	0.566369	0.528187	0.596053	0.566369	0.566369	0.566369	0.566369	0.566369	0.566369	0.567294	0.566873	0.566369	0.566738	0.566369	0.566369	0.566369	0.528187	0.536199	0.536199	0.536199	0.536199	0.536199	0.528187	0.528187	0.528187	0.528187	0.528187	0.528187	0.536199	0.536199	0.536199	0.536199	0.566369	0.566369	0.566369	0.566369	0.566369	0.566369	0.566369	0.566369	0.566369	0.566369
0.528187	0.566369	0.575898	0.528187	0.574502	0.574058	0.528187	0.528187	0.528187	0.528187	0.528187	0.528187	0.528187	0.528187	0.528187	0.528187	0.528187	0.528187	0.528187	0.528187	0.528187	0.700126	0.528187	0.528187	0.528187	0.602737	0.569144	0.567066	0.568794	0.566947	0.566369	0.566369	0.566369	0.528187	0.566369	0.566369	0.566369	0.568259	0.571415	0.566369	0.566369	0.567026	0.566369	0.566369	0.566437	0.566369	0.566369	0.566369	0.528187	0.536199	0.536199	0.536199	0.536199	0.536199	0.528187	0.528187	0.528187	0.528187	0.528187	0.528187	0.536199	0.536199	0.536199	0.536199	0.566369	0.566369	0.566369	0.566369	0.566369	0.566369	0.566369	0.566369	0.566369	0.566369
0.528187	0.566369	0.566369	0.528187	0.528187	0.528187	0.528187	0.528187	0.528187	0.528187	0.528187	0.528187	0.528187	0.528187	0.528187	0.528187	0.528187	0.528187	0.528187	0.528187	0.528187	0.528187	0.528187	0.528187	0.528187	0.571986	0.570248	0.570835	0.568799	0.566369	0.566369	0.573512	0.566376	0.566369	0.566369	0.566369	0.566369	0.566369	0.566369	0.566501	0.566644	0.566369	0.566369	0.566369	0.566922	0.567468	0.566369	0.566369	0.566369	1	0.536199	0.536199	0.536199	0.536199	0.528187	0.528187	0.528187	0.528187	0.536199	0.536199	0.536199	0.536199	0.536199	0.536199	0.536199	0.536199	0.566369	0.566369	0.566369	0.566369	0.566369	0.566369	0.566369	0.566369
0.528187	0.536199	0.536199	0.536199	0.536199	0.536199	0.528187	0.528187	0.528187	0.528187	0.528187	0.528187	0.528187	0.528187	0.528187	0.528187	0.528187	0.528187	0.528187	0.528187	0.528187	0.575743	0.566369	0.572935	0.593543	0.57544	0.585659	0.568311	0.566369	0.566369	0.591157	0.566624	0.566369	0.566369	0.566369	0.566771	0.567809	0.566369	0.567226	0.567561	0.566369	0.566369	0.566369	0.566392	0.567638	0.566781	0.566369	0.566369	0.566369	0.536199	0.556016	0.536199	0.536199	0.536199	0.536199	0.528187	0.528187	0.536199	0.536199	0.536199	0.528187	0.536199	0.536199	0.536199	0.566369	0.566369	0.566369	0.566369	0.566369	0.566369	0.566369	0.566369	0.566369	0.566369
0.528187	0.536199	0.536199	0.536199	0.536199	0.536199	0.528187	0.528187	0.528187	0.528187	0.528187	0.528187	0.528187	0.528187	0.528187	0.528187	0.528187	0.528187	0.528187	0.528187	0.528187	0.566369	0.575743	0.658201	0.630304	0.671567	0.577495	0.566369	0.566369	0.592247	0.566792	0.566369	0.566369	0.566369	0.5664	0.566369	0.566369	0.566947	0.568407	0.566369	0.566369	0.566369	0.566369	0.566885	0.566369	0.571439	0.566369	0.566369	0.566369	0.536199	0.601634	0.536199	0.536199	0.536199	0.536199	0.528187	0.528187	0.536311	0.536199	0.536199	0.528187	0.536199	0.536199	0.536199	0.566369	0.566369	0.566369	0.566369	0.566369	0.566369	0.566369	0.566369	0.566369	0.566369
0.536199	0.536199	0.536199	0.536199	0.536199	0.536199	0.536199	0.536199	0.536199	0.536199	0.528187	0.528187	0.528187	0.528187	0.528187	0.528187	0.528187	0.528187	0.528187	0.528187	0.528187	0.528187	0.528187	0.528187	0.528187	0.630304	0.566369	0.566369	0.620766	0.566382	0.566369	0.566369	0.566369	0.566474	0.566369	0.566369	0.566369	0.566525	0.569383	0.566369	0.566369	0.566369	0.566787	0.566369	0.566696	0.573703	0.566369	0.566369	0.566369	0.566369	0.566369	0.691423	0.528187	0.528187	0.536199	0.536199	0.536199	0.536199	0.536199	0.536199	0.536199	0.536199	0.536199	0.536199	0.536199	0.536199	0.536199	0.566369	0.566369	0.566369	0.566369	0.566369	0.566369	0.566369
0.536199	0.536199	0.536199	0.536199	0.536199	0.536199	0.536199	0.536199	0.536199	0.536199	0.528187	0.528187	0.528187	0.528187	0.528187	0.528187	0.528187	0.528187	0.528187	0.528187	0.528187	0.528187	0.528187	0.528187	0.528187	0.566369	0.566369	0.622623	0.567419	0.566369	0.566369	0.566369	0.567347	0.567252	0.567647	0.568749	0.566369	0.566547	0.568787	0.566369	0.566369	0.567284	0.566369	0.567076	0.567975	0.566369	0.566369	0.566369	0.566369	0.566369	0.566369	0.528187	0.647765	0.528187	0.536199	0.536199	0.536199	0.536199	0.528187	0.528187	0.528187	0.528187	0.528187	0.536199	0.528187	0.528187	0.536199	0.566369	0.566369	0.566369	0.566369	0.566369	0.528187	0.528187
0.536199	0.536199	0.536199	0.536199	0.536199	0.536199	0.536199	0.536199	0.536199	0.536199	0.528187	0.528187	0.528187	0.528187	0.528187	0.528187	0.528187	0.528187	0.528187	0.528187	0.528187	0.535242	0.528187	0.528187	0.531794	0.744795	0.655998	0.566672	0.566369	0.566369	0.566369	0.56678	0.566369	0.566477	0.566481	0.567123	0.567011	0.566599	0.568037	0.567654	0.568622	0.566369	0.567783	0.570682	0.566369	0.566369	0.566369	0.566369	0.566369	0.566369	0.566369	0.528187	0.528187	0.532184	0.537291	0.536199	0.536199	0.536199	0.528187	0.528187	0.528187	0.528187	0.528187	0.536199	0.528187	0.528187	0.536199	0.566369	0.566369	0.566369	0.566369	0.570992	0.528187	0.528187
0.536199	0.536199	0.536199	0.536199	0.536199	0.536199	0.536199	0.536199	0.536199	0.528187	0.528187	0.528187	0.528187	0.528187	0.528187	0.528187	0.528187	0.528187	0.528187	0.699661	0.57202	0.570794	0.714029	0.71265	0.685436	0.592231	0.574189	0.566369	0.566369	0.566369	0.567434	0.566996	0.566636	0.566369	0.566369	0.566378	0.567122	0.566373	0.566369	0.567248	0.566369	0.56881	0.571171	0.566369	0.566369	0.566369	0.566369	0.566369	0.566369	0.566369	0.566369	0.566369	0.528187	0.528187	1	0.528187	0.528187	0.528187	0.528187	0.528187	0.528187	0.528187	0.528187	0.528187	0.528187	0.528187	0.536199	0.536199	0.536199	0.566369	0.528187	0.528187	0.536199	0.536199
0.536199	0.536199	0.536199	0.536199	0.536199	0.536199	0.536199	0.536199	0.536199	0.536199	0.528187	0.528187	0.528187	0.528187	0.528187	0.566369	0.528187	0.528187	0.528187	0.57662	0.571423	0.566369	0.528187	0.528187	0.633562	0.585794	0.577574	0.566369	0.566369	0.569601	0.566737	0.56719	0.569856	0.567351	0.566396	0.566577	0.566877	0.566918	0.571649	0.566369	0.567615	0.571556	0.569368	0.571241	0.566369	0.566369	0.566369	0.566369	0.566372	0.566369	0.566369	0.566369	0.566369	0.566369	0.566369	0.635462	0.528187	0.528187	0.528187	0.528187	0.528187	0.536199	0.536199	0.528187	0.536199	0.536199	0.566369	0.536199	0.536199	0.536199	0.528187	0.528187	0.528187	0.528187
0.536199	0.536199	0.536199	0.536199	0.536199	0.536199	0.536199	0.536199	0.536199	0.536199	0.528187	0.528187	0.528187	0.528187	0.528187	0.566369	0.528187	0.528187	0.528187	0.573742	0.566369	0.58385	0.528187	0.528187	0.585643	0.609736	0.641544	0.600295	0.57878	0.567549	0.568546	0.568955	0.568933	0.568669	0.567055	0.566383	0.566369	0.566369	0.573844	0.569833	0.569849	0.566888	0.566369	0.566369	0.634523	0.566369	0.566369	0.566369	0.566369	0.566369	0.566369	0.566369	0.566369	0.566369	0.566369	0.537579	0.591014	0.528187	0.528187	0.528187	0.528187	0.536199	0.536199	0.528187	0.536199	0.536199	0.566369	0.536199	0.536199	0.536199	0.528187	0.528187	0.528187	0.528187
0.536199	0.536199	0.536199	0.536199	0.536199	0.536199	0.536199	0.536199	0.536199	0.536199	0.566369	0.566369	0.528187	0.528187	0.528187	0.528187	0.566369	0.566369	0.528187	0.566369	0.600522	0.644193	0.652117	0.650185	0.643779	0.690351	0.607935	0.586972	0.572652	0.569616	0.571655	0.567738	0.570308	0.569287	0.568197	0.567221	0.567472	0.573107	0.588205	0.636308	0.571285	0.566369	0.566369	0.566369	0.566369	0.679721	0.566369	0.566369	0.566369	0.566369	0.566369	0.566542	0.566369	0.566369	0.566369	0.528187	0.528187	0.528187	0.536199	0.536199	0.536199	0.536199	0.536199	0.528187	0.528187	0.528187	0.536199	0.536199	0.536199	0.536199	0.536199	0.536199	0.536199	0.536199
0.536199	0.536199	0.536199	0.536199	0.536199	0.536199	0.536199	0.536199	0.536199	0.536199	0.536199	0.536199	0.536199	0.528187	0.528187	0.528187	0.536199	0.536199	0.566369	0.528187	0.528187	0.528187	0.528187	0.528187	0.528187	0.6442	0.590656	0.575128	0.581022	0.618928	0.573117	0.572456	0.572697	0.570032	0.56872	0.56846	0.57703	0.528187	0.528187	0.587793	0.566369	0.566369	0.566369	0.566369	0.70606	0.566369	0.568311	0.572242	0.566369	0.566369	0.566369	0.566369	0.566369	0.566369	0.566369	0.566369	0.566369	1	0.528187	0.528187	0.528187	0.536199	0.536199	0.536199	0.536199	0.536199	0.536199	0.536199	0.536199	0.536199	0.566369	0.566369	0.536199	0.536199
0.536199	0.536199	0.536199	0.536199	0.536199	0.536199	0.536199	0.536199	0.536199	0.536199	0.536199	0.536199	0.536199	0.528187	0.528187	0.528187	0.536199	0.536199	0.566369	0.528187	0.528187	0.528187	0.528187	0.528187	0.528187	0.647333	0.581651	0.592372	0.699737	0.608326	0.630391	0.590369	0.570375	0.567919	0.571439	0.581319	0.566369	0.528187	0.528187	0.566369	0.566369	0.566369	0.566369	0.710789	0.566369	0.566582	0.566369	0.569082	0.566369	0.566931	0.566369	0.566369	0.566369	0.566978	0.566369	0.566369	0.566369	0.528187	0.548437	0.528187	0.528187	0.536199	0.536199	0.536199	0.536199	0.538502	0.536199	0.536199	0.536199	0.536199	0.566369	0.566369	0.536199	0.536199
0.536199	0.536199	0.536199	0.536199	0.536199	0.536199	0.536199	0.536199	0.536199	0.536199	0.536199	0.536199	0.536199	0.528187	0.528187	0.528187	0.528187	0.528187	0.536199	0.566369	0.566369	0.536199	0.536199	0.536199	0.566369	0.604749	0.64595	0.528187	0.644628	0.699577	0.664824	0.609262	0.578249	0.566369	0.640514	0.566369	0.528242	0.748254	0.647171	0.626969	0.725954	0.728035	0.721631	0.566369	0.566718	0.566369	0.566369	0.566916	0.566369	0.566369	0.566787	0.566369	0.566369	0.567563	0.566369	0.566369	0.566369	0.566369	0.566369	0.566369	0.701791	0.536199	0.536199	0.536199	0.537641	0.536199	0.536334	0.536199	0.536199	0.536199	0.536199	0.536199	0.566369	0.566369
0.536199	0.536199	0.536199	0.536199	0.536199	0.536199	0.536199	0.536199	0.536199	0.536199	0.536199	0.536199	0.536199	0.528187	0.528187	0.528187	0.528187	0.528187	0.528187	0.566369	0.566369	0.566369	0.536199	0.536199	0.566369	0.528187	0.528187	0.528187	0.528187	0.528187	0.647333	0.596287	0.585989	0.623852	0.566369	0.566369	0.668894	0.580007	0.567237	0.580083	0.566369	0.570975	0.566369	0.567373	0.566369	0.566369	0.566369	0.566369	0.566369	0.566369	0.567014	0.566369	0.566568	0.566369	0.566369	0.566369	0.566369	0.566369	0.566369	0.566369	0.566369	0.536199	0.536199	0.537641	0.536199	0.536199	0.536199	0.536199	0.536199	0.536199	0.536199	0.536199	0.528187	0.528187
0.536199	0.536199	0.536199	0.536199	0.536199	0.536199	0.536199	0.536199	0.536199	0.536199	0.536199	0.536199	0.536199	0.528187	0.528187	0.528187	0.528187	0.528187	0.528187	0.566369	0.566369	0.566369	0.536199	0.536199	0.566369	0.528187	0.528187	0.528187	0.528187	0.528187	0.64878	0.592811	0.699595	0.699058	0.566369	0.566369	0.630402	0.567237	0.730598	0.566369	0.574069	0.566369	0.566369	0.566369	0.568644	0.566975	0.566369	0.566369	0.566369	0.566369	0.566369	0.568751	0.566369	0.566369	0.566369	0.566369	0.566369	0.566369	0.566369	0.566369	0.566369	0.536199	1	0.536199	0.536199	0.536199	0.536199	0.536199	0.536199	0.536199	0.536199	0.536199	0.528187	0.528187
0.528187	0.528187	0.528187	0.536199	0.536199	0.536199	0.536199	0.536199	0.536199	0.536199	0.536199	0.536199	0.536199	0.528187	0.528187	0.528187	0.528187	0.528187	0.528187	0.528187	0.528187	0.566369	0.566369	0.566369	0.536199	0.528187	0.528187	0.528187	0.528187	0.528187	0.693363	0.528187	0.528187	0.528187	0.566369	0.566369	0.566369	0.567237	0.566369	0.566369	0.536199	0.536199	0.566369	0.566369	0.569762	0.566369	0.5745	0.566369	0.566394	0.566369	0.566736	0.566369	0.566369	0.566369	0.566369	0.566369	0.566369	0.566369	0.566369	0.566369	0.566369	0.536199	0.537641	0.536199	0.536199	0.536199	0.536199	0.536199	0.536199	0.536199	0.536199	0.536199	0.536199	0.536199
0.536199	0.566369	0.566369	0.536199	0.536199	0.536199	0.536199	0.536199	0.536199	0.536199	0.536199	0.536199	0.536199	0.536199	0.536199	0.528187	0.528187	0.528187	0.528187	0.528187	0.528187	0.536199	0.536199	0.536199	0.536199	0.566369	0.566369	0.528187	0.528187	0.528187	0.528187	0.528187	0.528187	0.528187	0.536199	0.536199	0.567248	0.566369	0.566369	0.590424	0.566369	0.566369	0.566369	0.570067	0.566369	0.570888	0.566369	0.56751	0.566369	0.570596	0.566369	0.566369	0.566369	0.566369	0.566369	0.566369	0.566369	0.566369	0.566369	0.566369	0.566369	0.566369	0.566369	0.536199	0.536199	0.536199	0.536199	0.536199	0.536199	0.536199	0.536199	0.536199	0.536199	0.536199
0.559014	0.566369	0.566369	0.536199	0.538374	0.536199	0.536199	0.536199	0.536199	0.536199	0.536199	0.536199	0.536199	0.536199	0.536199	0.528187	0.528187	0.528187	0.528187	0.528187	0.528187	0.536199	0.536199	0.536199	0.536199	0.566369	0.566369	0.528187	0.528187	0.528187	0.528187	0.528187	0.528187	0.528187	0.536199	0.536199	0.570263	0.566369	0.566369	0.704623	0.566369	0.566369	0.584466	0.566369	0.570423	0.566369	0.566369	0.566369	0.566799	0.570095	0.566369	0.566369	0.566369	0.566369	0.568853	0.566369	0.566369	0.566369	0.566455	0.570664	0.566369	0.566369	0.566369	0.536199	0.536199	0.536199	0.536199	0.536199	0.536199	0.536199	0.536199	0.536199	0.536199	0.536199
0.536199	0.556101	0.600486	0.603387	0.536199	0.536199	0.536199	0.536199	0.536199	0.536199	0.536199	0.536199	0.536199	0.536199	0.536199	0.536199	0.528187	0.528187	0.528187	0.528187	0.528187	0.528187	0.536199	0.536199	0.536199	0.566369	0.566369	0.528187	0.528187	0.528187	0.528187	0.536199	0.536199	0.566369	0.566369	0.566369	0.536199	0.536199	0.536199	0.528187	0.528187	0.528187	0.566369	0.573435	0.566369	0.566369	0.566369	0.566369	0.566369	0.570877	0.566369	0.566369	0.566369	0.566369	0.566369	0.566369	0.566369	0.566369	0.566369	0.566369	0.568426	0.566369	0.566369	0.566369	0.536199	0.536199	1	0.536199	0.536199	0.536199	0.536199	0.536199	0.536199	0.536199
0.536199	0.536199	0.536199	0.536199	1	0.536199	0.536199	0.536199	0.536199	0.536199	0.536199	0.536199	0.536199	0.536199	0.536199	0.536199	0.536199	0.536199	0.536199	0.528187	0.528187	0.528187	0.566369	0.566369	0.566369	0.566369	0.566369	0.566369	0.536199	0.536199	0.528187	0.536199	0.536199	0.536199	0.536199	0.536199	0.536199	0.566369	0.599503	0.607235	0.566369	0.566369	0.578403	0.566369	0.566866	0.566369	0.566369	0.567148	0.566369	0.567759	0.568466	0.566369	0.566369	0.566369	0.566369	0.566369	0.566369	0.56642	0.566369	0.566369	0.56723	0.566369	0.566369	0.566369	0.566369	0.566369	0.536199	0.571524	0.536199	0.536199	0.536199	0.536199	0.536199	0.536199
0.536199	0.536199	0.536199	0.542748	0.536199	0.536199	0.536199	0.536199	0.536199	0.536199	0.536199	0.536199	0.536199	0.536199	0.536199	0.536199	0.536199	0.536199	0.536199	0.528187	0.528187	0.528187	0.566369	0.566369	0.566369	0.566369	0.566369	0.566369	0.536199	0.536199	0.528187	0.536199	0.536199	0.536199	0.536199	0.536199	0.536199	0.693719	0.579111	0.639869	0.566369	0.579213	0.566369	0.566369	0.568524	0.567102	0.566369	0.567349	0.566479	0.567001	0.566369	0.566369	0.575454	0.566369	0.566369	0.56724	0.566614	0.566369	0.566369	0.56643	0.566369	0.566369	0.566369	0.566369	0.566369	0.572035	0.536199	0.538679	0.536199	0.536199	0.536199	0.536199	0.536199	0.536199
0.528187	0.536199	0.536199	0.581526	0.536199	0.536199	0.536199	0.536199	0.536199	0.536199	0.536199	0.536199	0.536199	0.536199	0.536199	0.536199	0.536199	0.536199	0.566369	0.566369	0.566369	0.528187	0.566369	0.566369	0.536199	0.566369	0.566369	0.566369	0.536199	0.536199	0.566369	0.566369	0.566369	0.528187	0.528187	0.528187	0.528187	0.647035	0.666874	0.699874	0.588071	0.585514	0.566369	0.567006	0.568259	0.567488	0.566537	0.566745	0.568996	0.566369	0.566369	0.570263	0.566369	0.566369	0.566471	0.566373	0.566369	0.566369	0.566369	0.566369	0.566369	0.566369	0.566369	0.566369	0.528187	0.528187	0.528187	0.528187	0.528187	0.536199	0.536199	0.536199	0.536199	0.536199
0.536199	0.536199	0.536199	0.528187	0.528187	0.528187	0.536199	0.536199	0.536199	0.536199	0.536199	0.536199	0.536199	0.536199	0.536199	0.536199	0.536199	0.536199	0.536199	0.566369	0.566369	0.528187	0.528187	0.528187	0.566369	0.566369	0.566369	0.536199	0.566369	0.566369	0.566369	0.566369	0.566369	0.536199	0.528187	0.528187	0.528187	0.528187	0.528187	0.646937	0.613958	0.566369	0.577799	0.569425	0.568567	0.567532	0.567572	0.573358	0.566369	0.566369	0.566369	0.573766	0.566369	0.566686	0.567006	0.566369	0.566369	0.567418	0.566369	0.566369	0.566369	0.566369	0.566369	0.566369	0.566369	0.566369	0.566369	0.604182	0.528187	0.528187	0.536199	0.536199	0.536199	0.536199
0.536199	0.536199	0.536199	0.879021	0.528187	0.528187	0.536199	0.536199	0.536199	0.536199	0.536199	0.536199	0.536199	0.536199	0.536199	0.536199	0.536199	0.536199	0.536199	0.566369	0.566369	0.528187	0.528187	0.528187	0.566369	0.566369	0.566369	0.536199	0.566369	0.566369	0.566369	0.566369	0.566369	0.536199	0.528187	0.528187	0.528187	0.528187	0.528187	0.713463	0.566369	0.609	0.578926	0.568912	0.569089	0.568302	0.56685	0.568255	0.569449	0.566369	0.566369	0.574609	0.568756	0.568252	0.566369	0.566646	0.566966	0.566369	0.566369	0.566369	0.566369	0.566369	0.566369	0.566369	0.566369	0.566369	0.566369	0.528187	0.528187	0.528187	0.536199	0.536199	0.536199	0.536199
0.536199	0.536199	0.536199	0.528187	0.552843	0.535627	1	0.5389	0.536199	0.536199	0.536199	0.536199	0.536199	0.536199	0.536199	0.536199	0.536199	0.536199	0.536199	0.566369	0.566369	0.566369	0.566369	0.566369	0.536199	0.566369	0.566369	0.566369	0.536199	0.536199	0.536199	0.566369	0.566369	0.528187	0.579797	0.606917	0.528187	0.694336	0.698752	0.528187	0.69976	0.614196	0.576817	0.571032	0.573227	0.57289	0.567787	0.569165	0.566369	0.566369	0.576025	0.570204	0.571869	0.566369	0.566959	0.56729	0.566369	0.566369	0.566369	0.566369	0.566369	0.566369	0.566369	0.566369	0.566369	0.566369	0.528187	0.566369	0.566369	0.528187	0.536199	0.536199	0.536199	0.536199
0.633849	0.528187	0.528187	0.536199	0.536199	0.538322	0.528187	0.528187	0.528187	0.536199	0.536199	0.536199	0.536199	0.536199	0.536199	0.536199	0.536199	0.536199	0.536199	0.536199	0.536199	0.536199	0.566369	0.566369	0.536199	0.566369	0.566369	0.566369	0.566369	0.566369	0.566369	0.566369	0.566369	0.528187	0.528187	0.528187	0.528187	0.528187	0.528187	0.528187	0.699622	0.600918	0.574651	0.574898	0.574987	0.571335	0.574798	0.566369	0.566369	0.579157	0.575099	0.587109	0.566369	0.566715	0.572067	0.566369	0.566369	0.566369	0.566369	0.566369	0.566369	0.566369	0.566369	0.566369	0.566369	0.566369	0.566369	0.566369	0.566369	0.566369	0.528187	1	0.536199	0.536199
0.668576	0.528187	0.528187	0.536199	0.536199	0.536199	0.528187	0.528187	0.528187	0.536199	0.536199	0.536199	0.536199	0.536199	0.536199	0.536199	0.536199	0.536199	0.536199	0.536199	0.536199	0.536199	0.566369	0.566369	0.536199	0.566369	0.566369	0.566369	0.566369	0.566369	0.566369	0.566369	0.566369	0.528187	0.528187	0.528187	0.528187	0.528187	0.528187	0.528187	0.693278	0.598965	0.614675	0.615485	0.573537	0.581898	0.566369	0.566369	0.655719	0.578499	0.699564	0.566369	0.56724	0.566369	0.567128	0.600498	0.566369	0.566369	0.566369	0.566369	0.566695	0.566369	0.566369	0.566369	0.566369	0.566369	0.566369	0.566369	0.566369	0.566369	0.528187	0.528187	0.53675	0.536199
0.528187	0.536199	0.536199	0.536199	0.536199	0.536368	0.566369	0.528187	0.534523	0.528187	0.536199	0.536199	0.536199	0.536199	0.536199	0.536199	0.536199	0.536199	0.536199	0.536199	0.536199	0.536199	0.536199	0.536199	0.536199	0.566369	0.566369	0.566369	0.566369	0.566369	0.566369	0.566369	0.566369	0.566369	0.528187	0.528187	0.700925	0.528187	0.528187	0.528187	0.69301	0.700073	0.700092	0.606813	0.651486	0.699234	0.709896	0.712776	0.603314	0.528187	0.528187	0.566369	0.57203	0.566369	0.528187	0.566842	0.566369	0.566369	0.566369	0.566375	0.566369	0.566369	0.566369	0.566369	0.566369	0.566371	0.566369	0.566369	0.566369	0.566369	0.528187	0.528187	0.536199	0.536199
0.528187	0.566369	0.566369	0.536199	0.536199	0.536199	0.536199	0.528187	0.676735	0.52929	0.528187	0.528187	0.536199	0.528187	0.528187	0.536199	0.536199	0.536199	0.536199	0.536199	0.536199	0.536199	0.536199	0.536199	0.566369	0.566369	0.566369	0.566369	0.566369	0.566369	0.566369	0.566369	0.566369	0.528187	0.528187	0.528187	0.528187	0.528187	0.528187	0.528187	0.528187	0.528187	0.699655	0.528187	0.528187	0.528187	0.700889	0.592376	0.687984	0.528187	0.528187	0.590914	0.567382	0.567337	0.566632	0.566369	0.566369	0.566369	0.566378	0.566369	0.566369	0.566369	0.566369	0.566369	0.566369	0.566369	0.566369	0.566369	0.566369	0.566369	0.566369	0.566369	0.528187	0.528187
0.528187	0.566369	0.566369	0.536199	0.536199	0.536199	0.536199	1	0.528187	0.528187	0.622491	0.591833	0.538247	0.528187	0.528187	0.536199	0.536199	0.536199	0.536199	0.536199	0.536199	0.536199	0.536199	0.536199	0.566369	0.566369	0.566369	0.566369	0.566369	0.566369	0.566369	0.566369	0.566369	0.528187	0.528187	0.528187	0.528187	0.528187	0.528187	0.528187	0.528187	0.528187	0.699508	0.528187	0.528187	0.528187	0.618891	0.680295	0.662199	0.528187	0.528187	0.567333	0.566533	0.566939	0.566369	0.566369	0.566369	0.566369	0.566369	0.566369	0.566657	0.56675	0.566369	0.566433	0.566369	0.566369	0.566369	0.566369	0.566369	0.566369	0.566369	0.566369	0.528187	0.528187
0.528187	0.536199	0.536199	0.536199	0.566369	0.566369	0.566369	0.536199	0.536199	0.528187	0.528187	0.531794	0.528187	0.528187	0.528187	0.566369	0.536199	0.536199	0.536199	0.536199	0.536199	0.536199	0.536199	0.536199	0.536199	0.566369	0.566369	0.566369	0.566369	0.566369	0.566369	0.536199	0.536199	0.528187	0.528187	0.528187	0.528187	0.528187	0.528187	0.528187	0.528187	0.528187	0.700381	0.528187	0.528187	0.700795	0.528187	0.528187	0.566369	0.569859	0.568259	0.567774	0.567644	0.566369	0.566369	0.566369	0.566383	0.566369	0.566369	0.566464	0.566813	0.566369	0.566369	0.566369	0.566382	0.566369	0.566369	0.566369	0.566369	0.566369	0.566369	0.566369	0.566369	0.566369
0.528187	0.528187	0.528187	0.57858	0.536199	0.536199	0.536199	1	0.528187	0.528187	0.528187	0.528187	0.633058	0.682218	0.59924	0.566369	0.536199	0.536199	0.536199	0.536199	0.536199	0.536199	0.536199	0.536199	0.536199	0.536199	0.536199	0.536199	0.536199	0.536199	0.566369	0.566369	0.566369	0.528187	0.528187	0.528187	0.528187	0.528187	0.528187	0.528187	0.528187	0.528187	0.528187	0.528187	0.528187	0.700802	0.62366	0.578356	0.573788	0.568732	0.567068	0.567378	0.566369	0.566369	0.566369	0.56743	0.566369	0.566369	0.566378	0.566369	0.566369	0.566369	0.566369	0.566471	0.566369	0.566369	0.566369	0.566369	0.566369	0.566369	0.566369	0.566369	0.566369	0.566369
0.528187	0.528187	0.528187	0.566369	0.536199	0.536199	0.536199	0.528187	0.552424	0.528187	0.528187	0.528187	0.566369	0.566369	0.566369	0.566369	0.536199	0.536199	0.536199	0.536199	0.536199	0.536199	0.536199	0.536199	0.536199	0.536199	0.536199	0.536199	0.536199	0.536199	0.566369	0.566369	0.566369	0.528187	0.528187	0.528187	0.528187	0.528187	0.528187	0.528187	0.528187	0.528187	0.528187	0.528187	0.528187	0.700782	0.617114	0.595257	0.570131	0.567185	0.566844	0.566369	0.566369	0.566369	0.566369	0.566369	0.566888	0.567685	0.568579	0.566369	0.566369	0.566369	0.566369	0.569035	0.566369	0.566369	0.566369	0.566369	0.566369	0.566369	0.566369	0.566369	0.566369	0.566369
0.528187	0.566369	0.566369	0.566369	0.536199	0.536199	0.566369	0.536199	0.536199	0.566369	0.579882	0.536199	0.528187	0.566369	0.566369	0.566369	0.566369	0.566369	0.536199	0.536199	0.536199	0.536199	0.536199	0.536199	0.536199	0.536199	0.536199	0.536199	0.566369	0.566369	0.566369	0.536199	0.536199	0.566369	0.528187	0.528187	0.528187	0.602588	0.690724	0.528187	0.528187	0.528187	0.528187	0.528187	0.528187	0.7001	0.686658	0.575255	0.567254	0.566373	0.566369	0.566369	0.566369	0.566369	0.566369	0.567913	0.567408	0.568802	0.566369	0.566898	0.566369	0.566369	0.566658	0.567577	0.566369	0.566369	0.566369	0.566369	0.566369	0.566369	0.566369	0.566369	0.566369	0.566369
0.566369	0.566369	0.566369	0.566369	0.536199	0.536199	0.536199	0.566369	0.566369	0.566369	0.536199	1	0.566369	0.566369	0.566369	0.566369	0.566369	0.583051	0.536199	0.536199	0.536199	0.536199	0.536199	0.536199	0.566369	0.566369	0.566369	0.566369	0.566369	0.566369	0.566369	0.536199	0.536199	0.566369	0.566369	0.571881	0.528187	0.528187	0.528187	0.528187	0.528187	0.528187	0.528187	0.528187	0.528187	0.528187	0.610844	0.569028	0.568235	0.566369	0.566369	0.566369	0.566369	0.566369	0.567947	0.568082	0.577315	0.566369	0.566369	0.566369	0.568211	0.566859	0.567086	0.566369	0.566369	0.566369	0.566369	0.566369	0.566369	0.566369	0.566369	0.566369	0.566369	0.566369
0.566369	0.566369	0.566369	0.566369	0.536199	0.536199	0.536199	0.566369	0.566369	0.566369	0.536199	0.536199	0.567237	0.566369	0.566369	0.566369	0.579755	0.621435	0.536199	0.536199	0.536199	0.536199	0.536199	0.536199	0.566369	0.566369	0.566369	0.566369	0.566369	0.566369	0.566369	0.536199	0.536199	0.566369	0.579055	0.580845	0.528187	0.528187	0.528187	0.528187	0.528187	0.528187	0.528187	0.528187	0.528187	0.528187	0.568546	0.568354	0.566369	0.566369	0.566369	0.566369	0.566369	0.566369	0.567202	0.567203	0.567851	0.572904	0.566369	0.567723	0.567106	0.566966	0.566369	0.566369	0.566369	0.566369	0.566369	0.566369	0.566369	0.566369	0.566369	0.566369	0.566369	0.566369
0.566369	0.566369	0.566369	0.528187	0.528187	0.528187	0.536199	0.536199	0.536199	0.536199	0.536199	0.536199	0.536199	0.566369	0.566369	0.528187	0.573717	0.566369	0.536199	0.536199	0.536199	0.536199	0.536199	0.536199	0.536199	0.536199	0.536199	0.536199	0.566369	0.566369	0.566369	0.536199	0.536199	0.528187	0.528187	0.528187	0.528187	0.528187	0.528187	0.528187	0.528187	0.528187	0.528187	0.641824	0.577391	0.56894	0.567428	0.566369	0.566369	0.566369	0.566369	0.566369	0.568335	0.566494	0.569044	0.568964	0.570421	0.566369	0.567746	0.567272	0.567288	0.566369	0.566369	0.566369	0.566369	0.566369	0.566369	0.566369	0.566369	0.566369	0.566369	0.566369	0.566369	0.566369
0.566369	0.566369	0.566369	0.568503	0.566414	0.566369	0.536199	0.536199	0.536199	0.536199	0.536199	0.536199	0.536199	0.528187	0.547053	0.54191	0.536199	0.536199	0.536199	0.536199	0.536199	0.536199	0.536199	0.536199	0.536199	0.536199	0.536199	0.536199	0.566369	0.566369	0.566369	0.528187	0.528187	0.528187	0.528187	0.528187	0.528187	0.528187	0.528187	0.528187	0.528187	0.528187	0.528187	0.611378	0.570453	0.567687	0.566369	0.566369	0.566369	0.566369	0.566369	0.573501	0.572227	0.57339	0.568186	0.58649	0.566369	0.5683	0.567288	0.567752	0.566369	0.566369	0.566369	0.566369	0.566369	0.566369	0.566369	0.566369	0.566369	0.566369	0.566369	0.566369	0.566369	0.566369
0.566369	0.566369	0.570649	0.568248	0.566497	0.566369	0.536199	0.536199	0.536199	0.536199	0.536199	0.536199	0.536199	0.528187	1	0.569645	0.536199	0.536199	0.536199	0.536199	0.536199	0.536199	0.536199	0.536199	0.536199	0.536199	0.536199	0.536199	0.566369	0.566369	0.566369	0.528187	0.528187	0.528187	0.528187	0.528187	0.528187	0.528187	0.528187	0.528187	0.528187	0.528187	0.528187	0.580647	0.56834	0.566369	0.566369	0.566369	0.566369	0.566369	0.582455	0.583827	0.598908	0.570603	0.573755	0.592085	0.571696	0.568278	0.569678	0.566369	0.566369	0.566369	0.566369	0.566369	0.566369	0.566369	0.566369	0.566369	0.566369	0.566369	0.566369	0.566369	0.566369	0.566369
0.566369	0.586998	0.569362	0.567723	0.567664	0.566369	0.528187	0.566369	0.566369	0.536199	0.536199	0.536199	0.536199	0.536199	0.536199	0.528187	0.528187	0.531448	0.537641	0.536199	0.536199	0.536199	0.536199	0.536199	0.536199	0.536199	0.536199	0.536199	0.536199	0.536199	0.528187	0.536199	0.536199	0.528187	0.528187	0.528187	0.528187	0.528187	0.528187	0.61196	0.603962	0.605889	0.606226	0.57161	0.566369	0.566369	0.566369	0.566369	0.566369	0.605178	0.614661	0.699862	0.611019	0.649962	0.671762	0.581196	0.568346	0.568859	0.566369	0.566369	0.566369	0.566369	0.566369	0.566369	0.566369	0.566369	0.566369	0.566369	0.566369	0.566369	0.566369	0.566369	0.566369	0.566369
0.528187	0.590914	0.572621	0.570203	0.571553	0.566369	0.585653	0.566369	0.566369	0.528187	0.566369	0.566369	0.536199	0.536199	0.536199	0.528187	0.528187	0.528187	0.576172	1	0.536199	0.536199	0.536199	0.536199	0.536199	0.536199	0.536199	0.536199	0.536199	0.536199	0.536199	0.536199	0.536199	0.528187	0.528187	0.528187	0.528187	0.528187	0.528187	0.528187	0.528187	0.528187	0.575216	0.566369	0.566369	0.566369	0.566369	0.566369	0.528187	0.528187	0.528187	0.69355	0.528187	0.528187	0.660076	0.576977	0.583715	0.566369	0.566369	0.566369	0.566369	0.566369	0.566369	0.566369	0.566369	0.566369	0.566369	0.566369	0.566369	0.566369	0.566369	0.566369	0.566369	0.566369
0.528187	0.586998	0.589959	0.589503	0.566369	0.639134	0.644755	0.566369	0.566369	0.528187	0.566369	0.566369	0.536199	0.536199	0.536199	0.528187	0.528187	0.528187	0.536199	0.536199	0.539545	0.536199	0.536199	0.536199	0.536199	0.536199	0.536199	0.536199	0.536199	0.536199	0.536199	0.536199	0.536199	0.528187	0.528187	0.528187	0.528187	0.528187	0.528187	0.528187	0.528187	0.528187	0.566369	0.566369	0.566369	0.566369	0.566369	0.598026	0.528187	0.528187	0.528187	0.64291	0.528187	0.528187	0.628781	0.682026	0.570202	0.566369	0.566369	0.566369	0.566369	0.566369	0.566369	0.566369	0.566369	0.566369	0.566369	0.566369	0.566369	0.566369	0.566369	0.566369	0.566369	0.566369
0.528187	0.528187	0.528187	0.566369	0.528187	0.528219	0.566369	0.566369	0.566369	0.566369	0.536199	0.536199	0.536199	0.536199	0.536199	0.5365	0.528187	0.528187	0.536199	0.528187	0.528187	0.528187	0.536199	0.536199	0.536199	0.536199	0.536199	0.536199	0.536199	0.536199	0.536199	0.536199	0.536199	0.536199	0.528187	0.528187	0.528187	0.566369	0.566369	0.566369	0.566369	0.566369	0.566369	0.566369	0.566369	0.566369	0.576057	0.613731	0.528187	0.528187	0.528187	0.599671	0.528187	0.528187	0.528187	0.581572	0.566369	0.566369	0.566369	0.566369	0.566369	0.566369	0.566369	0.566369	0.566369	0.566369	0.566369	0.566369	0.566369	0.566369	0.566369	0.566369	0.566369	0.566369
0.536199	0.536199	0.536199	0.528187	0.566369	0.566369	0.566369	0.566369	0.566369	0.566369	0.566369	0.566369	0.536199	0.536199	0.536199	0.566369	0.536199	0.536199	0.528187	0.530232	0.528187	0.528187	1	0.536199	0.536199	0.536199	0.536199	0.536199	0.536199	0.536199	0.536199	0.536199	0.536199	0.536199	0.566369	0.566369	0.566369	0.566369	0.566369	0.566369	0.566369	0.566369	0.566369	0.566369	0.566369	0.528187	0.528187	0.528187	0.528187	0.528187	0.528187	0.572325	0.528187	0.528187	0.573742	0.566369	0.566369	0.566369	0.566369	0.566369	0.566369	0.566369	0.566369	0.566369	0.566369	0.566369	0.566369	0.566369	0.566369	0.566369	0.566369	0.566369	0.566369	0.566369
0.536199	0.536199	0.536199	0.528187	0.566369	0.566369	0.566369	0.566369	0.566369	0.566369	0.566369	0.566369	0.536199	0.537641	0.537641	0.566369	0.536199	0.536199	0.528187	0.528187	0.528561	0.528187	0.536199	0.538724	0.536199	0.536199	0.536199	0.536199	0.536199	0.536199	0.536199	0.536199	0.536199	0.536199	0.566369	0.566369	0.566369	0.566369	0.566369	0.566369	0.566369	0.566369	0.566369	0.566369	0.566369	0.528187	0.528187	0.528187	0.528187	0.528187	0.528187	0.566369	0.528187	0.528187	0.566369	0.566369	0.566369	0.566369	0.566369	0.566369	0.566369	0.566369	0.566369	0.566369	0.566369	0.566369	0.566369	0.566369	0.566369	0.566369	0.566369	0.566369	0.566369	0.566369
