Crust moisture [-]
0.505227	0.513426	0.50502	0.411978	0.504745	0.504957	0.411978	0.504511	0.504511	0.504511	0.504511	0.504511	0.504511	0.461063	0.411978	0.411588	0.411588	0.411588	0.411588	0.411588	0.411588	0.471697	0.471697	0.471697	0.411588	0.411588	0.411588	0.411588	0.411978	0.411588	0.411588	0.411588	0.411588	0.411588	0.471697	0.471697	0.504511	0.411588	0.411588	0.411588	0.411588	0.411588	0.504511	0.471697	0.471697	0.471697	0.471697	0.471697	0.504511	0.411588	0.411588	0.411588	0.411588	0.411588	0.411588	0.504511	0.504511	0.411588	0.411588	0.411588	0.411588	0.411588	0.411588	0.471697	0.411588	0.411588	0.504511	0.411588	0.411588	0.411588	0.411588	0.411588	0.504511	0.504511
0.504511	0.504992	0.504511	0.411588	0.504511	0.504511	0.411588	0.504511	0.504511	0.504511	0.504511	0.504511	0.504511	0.461116	0.411588	0.411588	0.411588	0.411588	0.411588	0.411588	0.411588	0.471697	0.471697	0.471697	0.411588	0.411588	0.411588	0.411588	0.411983	0.411588	0.411588	0.411588	0.411588	0.411588	0.471697	0.471697	0.504511	0.411588	0.411588	0.411588	0.411588	0.411588	0.504978	0.471697	0.471697	0.471697	0.471697	0.471697	0.504511	0.411588	0.411588	0.411588	0.411588	0.411588	0.411588	0.504511	0.504511	0.411588	0.411588	0.411588	0.411588	0.411588	0.411588	0.471697	0.411588	0.411588	0.504511	0.411588	0.411588	0.411588	0.411588	0.411588	0.504511	0.504511
0.411588	0.471723	0.471697	0.471697	0.471697	0.471697	0.506731	0.504511	0.504511	0.504511	0.504511	0.504511	0.504511	0.411588	0.473135	0.411588	0.411588	0.411588	0.411588	0.504511	0.504511	0.471697	0.504511	0.504745	0.411588	0.411588	0.411588	0.411588	0.411588	0.411588	0.411588	0.411588	0.411588	0.411588	0.411588	0.411588	0.411588	0.411588	0.411588	0.411588	0.504907	0.504511	0.411588	0.411588	0.411588	0.471697	0.471697	0.471697	0.471697	0.411588	0.411588	0.411588	0.411588	0.411588	0.411588	0.504511	0.504511	0.411588	0.411588	0.411588	0.411588	0.471697	0.471697	0.411588	0.471697	0.471697	0.471697	0.411588	0.411588	0.411588	0.411588	0.411588	0.411588	0.411588
0.471697	0.471697	0.471697	0.471697	0.471697	0.471924	0.471763	0.504511	0.504511	0.504511	0.504511	0.504511	0.504511	0.412403	0.442666	0.505064	0.411588	0.411588	0.411588	0.411588	0.411983	0.504511	0.504511	0.504511	0.504745	0.411588	0.411588	0.471697	0.411588	0.411588	0.411588	0.411588	0.411588	0.411588	0.411588	0.411588	0.411588	0.411588	0.411588	0.411588	0.411588	0.411588	0.411588	0.411588	0.411588	0.411588	0.411588	0.411588	0.411588	0.411588	0.411588	0.411588	0.411588	0.411588	0.411588	0.411588	0.411588	0.411588	0.471697	0.471697	0.471697	0.504881	0.504511	0.471697	0.471697	0.471697	0.471697	0.471697	0.471697	0.471697	0.471697	0.471697	0.411588	0.411588
0.471697	0.471697	0.471697	0.471697	0.476758	0.472367	0.472057	0.504712	0.504511	0.504511	0.504511	0.504511	0.504843	0.411588	0.411983	0.534508	0.413269	0.448003	0.415131	0.411983	0.411588	0.504511	0.504511	0.504511	0.504745	0.411588	0.411588	0.471697	0.411588	0.411588	0.582226	0.411588	0.411588	0.411588	0.411588	0.411588	0.411588	0.411588	0.411588	0.411588	0.411588	0.411588	0.411588	0.411588	0.411588	0.411588	0.411588	0.411588	0.411588	0.411588	0.411588	0.411588	0.411588	0.411588	0.411588	0.411588	0.411588	0.411588	0.471697	0.471697	0.471697	0.504511	0.50486	0.471697	0.472637	0.472637	0.472637	0.471882	0.471697	0.471697	0.471697	0.471697	0.411588	0.411588
0.506323	0.50515	0.506297	0.47201	0.471697	0.472097	0.471893	0.471731	0.471697	0.411588	0.411588	0.411978	0.504511	0.411588	0.411594	0.411588	0.468408	0.411594	0.411588	0.411978	0.411588	0.411588	0.471697	0.471697	0.504511	0.504511	0.504511	0.504511	0.504511	0.504511	0.411588	0.411588	0.411594	1	0.411983	0.411588	0.411588	0.471697	0.471697	0.471697	0.411588	0.411588	0.411588	0.411588	0.411588	0.411588	0.471697	0.508616	0.498734	0.411978	0.411588	0.411588	0.471697	0.471697	0.471697	0.411588	0.411588	0.411588	0.411588	0.411588	0.471697	0.504596	0.541196	0.516623	0.471697	0.471697	0.471697	0.471697	0.471697	0.471697	0.471697	0.471697	0.471697	0.471697
0.504511	0.505722	0.506007	0.471697	0.504511	0.504511	0.471872	0.471697	0.471697	0.471697	0.514762	0.471697	0.471697	0.504511	0.504511	0.505495	0.504511	0.504511	0.411588	0.471697	0.471924	0.471697	0.411588	0.411588	0.411588	0.504511	0.504511	0.504511	0.504511	0.504511	0.504511	0.504511	0.504511	0.471697	0.471697	0.477916	0.473074	0.471731	0.471697	0.471697	0.506363	0.506683	0.411588	0.411588	0.411588	0.509133	0.508616	0.471697	0.471697	0.508747	0.471697	0.471697	0.471697	0.471697	0.471697	0.47276	0.471697	0.411588	0.411588	0.411588	0.535205	0.535927	0.505037	0.471697	0.471697	0.471697	0.471697	0.471697	0.471697	0.471697	0.471697	0.471697	0.411588	0.411588
0.504511	0.512097	0.510879	0.471864	0.504511	0.504511	0.471697	0.471697	0.471697	0.471697	0.473176	0.471697	0.471697	0.504511	0.504511	0.505468	0.504511	0.504511	0.411588	0.471697	0.471697	0.471945	0.411588	0.411588	0.411978	0.504511	0.504511	0.504511	0.504511	0.504511	0.504511	0.504511	0.504511	0.471697	0.471697	0.471697	0.471697	0.472076	0.860401	0.471697	0.508029	0.504745	0.411588	0.45923	0.459015	0.471697	0.471697	0.471697	0.471697	0.471697	0.509124	0.508626	0.509396	0.511127	0.472675	0.471697	0.472637	0.457578	0.411588	0.411588	0.504511	0.504511	0.504511	0.471697	0.471697	0.471697	0.471697	0.471697	0.471697	0.471847	0.471697	0.471697	0.411588	0.411588
0.473295	0.472036	0.471697	0.472339	0.506106	0.50473	0.471697	0.504992	0.504511	0.504511	0.473101	0.471697	0.471697	0.471697	0.471697	0.505227	0.504511	0.504511	0.504511	0.471697	0.471697	0.507489	0.411978	0.411588	0.411588	0.411588	0.411588	0.411588	0.504511	0.504511	0.504511	0.504511	0.504511	0.504511	0.471697	0.471697	0.471697	0.411588	0.411588	0.471697	0.471697	0.473239	1	0.411588	0.411588	0.411588	0.471697	0.471697	0.504511	0.504511	0.504511	0.504511	0.504511	0.505067	0.545514	0.571507	0.508105	0.471697	0.411588	0.411588	0.411588	0.504511	0.504511	0.471697	0.471697	0.471697	0.471697	0.472339	0.471821	0.471697	0.471697	0.471697	0.411588	0.411588
0.508521	0.472075	0.471697	0.504511	0.471697	0.471697	0.505062	0.471697	0.471697	0.471697	0.473082	0.471697	0.471697	0.471697	0.471697	0.471697	0.472637	0.471697	0.504511	0.471768	0.471697	0.50953	0.471927	0.477886	0.411588	0.411588	0.411588	0.411588	0.504511	0.504511	0.504511	0.505048	0.504511	0.504511	0.504511	0.504511	0.504511	0.504511	0.504511	0.411588	0.471697	0.471697	0.411588	0.411588	0.411588	0.411588	0.471697	0.471697	0.504511	0.504511	0.504511	0.504511	0.504511	0.504511	0.504843	0.471697	0.471995	0.471836	0.471697	0.471697	0.471697	0.471697	0.471697	0.471697	0.471697	0.472637	0.472339	0.471697	0.471697	0.471697	0.411588	0.411588	0.411588	0.411588
0.507886	0.471697	0.471697	0.504951	0.471697	0.471697	0.505465	0.471697	0.473133	0.508876	0.471956	0.471697	0.471697	0.471697	0.471697	0.471697	0.471697	0.471697	0.504511	0.471697	0.47235	0.508778	0.471928	0.471697	0.412744	0.411588	0.411588	0.411588	0.504511	0.504511	0.505984	0.504511	0.504511	0.504511	0.504514	0.504511	0.504511	0.504511	0.504511	0.411588	0.471697	0.471697	0.411588	0.411588	0.411588	0.411588	0.471697	0.471697	0.504511	0.504511	0.504511	0.504511	0.504511	0.504511	0.504511	0.471697	0.472017	0.472541	0.471697	0.471697	0.471697	0.471697	0.472844	0.475185	0.473027	0.471697	0.471697	0.471697	0.471697	0.471697	0.411588	0.411588	0.411588	0.411588
0.471697	0.505091	0.505292	0.471697	0.471697	0.471697	0.471697	0.471697	0.471697	0.504511	0.472971	0.471697	0.471697	0.471697	0.471697	0.471697	0.471697	0.475846	0.551792	0.513027	0.504511	0.411588	0.471697	0.471697	0.471697	0.50496	0.504511	0.504511	0.506452	0.504511	0.509061	0.504511	0.504511	0.504511	0.504542	0.504511	0.504511	0.504511	0.504511	0.504511	0.504511	0.504843	0.411594	1	0.411588	0.411588	0.504511	0.504511	0.504511	0.504511	0.504511	0.504511	0.504511	0.504511	0.504511	0.504511	0.504891	0.471697	0.471995	0.471697	0.482511	0.47272	0.471697	0.471697	0.471697	0.471697	0.471697	0.471697	0.471697	0.471697	0.471697	0.471697	0.411588	0.411588
0.471697	0.504658	0.505571	0.471697	0.504511	0.504511	0.505413	0.505002	0.505852	0.507517	0.478022	0.471697	0.471697	0.471697	0.471697	0.471697	0.471697	0.471697	0.505246	0.472807	0.472489	0.411588	0.471697	0.471773	0.471711	0.471697	0.475631	0.471697	0.471697	0.471697	0.472189	0.504511	0.504511	0.504511	0.504511	0.504511	0.504511	0.504511	0.504511	0.504511	0.471697	0.471697	0.471774	0.415566	0.411588	0.411588	0.504511	0.504511	0.504511	0.504511	0.504511	0.504511	0.504511	0.504511	0.504511	0.504511	0.504511	0.505162	0.471697	0.484922	0.472143	0.472237	0.471697	0.471697	0.471697	0.471697	0.471697	0.411588	0.411588	0.505068	0.471697	0.471697	0.504511	0.504511
0.472503	0.504511	0.505042	0.471697	0.504511	0.504511	0.504883	0.505364	0.506058	0.508166	0.471742	0.472019	0.471697	0.471697	0.471697	0.472006	0.471697	0.471697	0.517337	0.472637	0.471697	0.411983	0.472221	0.472185	0.471815	0.471921	0.475997	0.471697	0.471697	0.471697	0.471697	0.507491	0.504511	0.504511	0.504511	0.504511	0.504676	0.504511	0.504511	0.504511	0.471697	0.471697	0.471697	0.411594	0.411588	0.411588	0.504511	0.504511	0.504511	0.504511	0.504511	0.504511	0.504511	0.504511	0.504511	0.504511	0.504511	0.504511	0.471697	0.471697	0.471697	0.471697	0.472637	0.473478	0.471697	0.471697	0.471697	0.411588	0.411588	0.508337	0.471697	0.471697	0.504511	0.504511
0.472339	0.471697	0.471697	0.506096	0.50633	0.505326	0.504511	0.506044	0.50884	0.509754	0.471697	0.471697	0.47234	0.471697	0.471697	0.508089	0.471697	0.472816	0.471697	0.471697	0.472641	0.504511	0.411588	0.411588	0.411588	0.471697	0.471697	0.473818	0.471697	0.471697	0.471697	0.504575	0.504511	0.504511	0.504511	0.504511	0.504511	0.504787	0.504511	0.504511	0.504511	0.504511	0.504511	0.411588	0.411588	0.411588	0.411588	0.411588	0.471697	0.504511	0.504511	0.504511	0.504511	0.504511	0.504511	0.504511	0.504511	0.504532	0.504511	0.504636	0.471697	0.471816	0.471697	0.471697	0.472637	0.472347	0.472025	0.411932	0.411588	0.504511	0.504511	0.504511	0.504511	0.504511
0.47291	0.471697	0.471697	0.471697	0.471697	0.471697	0.471697	0.504511	0.509179	0.471706	0.471697	0.471697	0.471697	0.509649	0.472088	0.471697	0.471697	0.475914	0.471697	0.504511	0.511945	0.411588	0.411588	0.411588	0.411588	0.471697	0.471697	0.471697	0.473061	0.471697	0.471697	0.505326	0.50485	0.504976	0.507267	0.504511	0.50457	0.504511	0.504511	0.504511	0.504511	0.504511	0.504511	0.471697	0.471697	0.411588	0.411588	0.411588	0.411588	0.471697	0.471697	0.471697	0.471697	0.471697	0.471697	0.504511	0.504511	0.504511	0.504511	0.504511	0.505176	0.471697	0.471697	0.471697	0.471697	0.471697	0.471697	0.507844	0.504511	0.504511	0.504511	0.504511	0.504511	0.504511
0.471697	0.471697	0.471697	0.471697	0.471697	0.471697	0.471697	0.504511	0.510026	0.471828	0.471775	0.472379	0.471705	0.512954	0.471944	0.47201	0.472464	0.471774	0.471767	0.504511	0.504511	0.411594	0.411588	0.411588	0.411588	0.471697	0.471697	0.471697	0.471697	0.475707	0.471697	0.50537	0.505298	0.508624	0.504511	0.504707	0.504511	0.504647	0.504511	0.504511	0.504511	0.504511	0.504511	0.471697	0.471697	0.61216	0.411588	0.411588	0.411588	0.471697	0.471697	0.472041	0.471697	0.471697	0.471697	0.504521	0.504511	0.504511	0.504511	0.504513	0.504511	0.471697	0.471697	0.471697	0.471697	0.471697	0.471697	0.505222	0.511995	0.504511	0.504511	0.504511	0.504511	0.504511
0.50596	0.471697	0.471697	0.471822	0.505284	0.504511	0.504511	0.471719	0.471904	0.511194	0.47181	0.471697	0.471956	0.507721	0.570741	0.471921	0.471697	0.472043	0.472042	0.471697	0.471697	0.471697	0.471697	0.471697	0.471697	0.411588	0.411588	0.471697	0.471697	0.475793	0.471697	0.471697	0.471697	0.510187	0.50547	0.504511	0.504511	0.504511	0.504923	0.504511	0.504511	0.504511	0.504511	0.504511	0.504511	0.411588	0.411588	0.411588	0.411594	0.411588	0.411588	0.471697	0.411588	0.411588	0.471697	0.504511	0.504518	0.504511	0.504511	0.504511	0.504521	0.504511	0.504511	0.504511	0.50459	0.505095	0.507419	0.507367	0.506752	0.504992	0.472339	0.471715	0.471697	0.471697
0.507826	0.505499	0.505426	0.508264	0.471697	0.471697	0.504511	0.504511	0.504511	0.471697	0.47226	0.471697	0.507227	0.471697	0.471697	0.480727	0.471697	0.471697	0.472339	0.471809	0.471697	0.471697	0.471697	0.471697	0.471697	0.471697	0.471697	0.471697	0.472196	0.472847	0.504511	0.471697	0.472166	0.471697	0.504511	0.504511	0.504511	0.504965	0.504511	0.504511	0.504511	0.504511	0.504511	0.504511	0.504511	0.411588	0.411983	0.411588	0.411588	0.411588	0.411588	0.411588	0.411588	0.411588	0.471697	0.504511	0.504511	0.504525	0.504511	0.504511	0.504652	0.504511	0.504511	0.504511	0.504511	0.504513	0.506336	0.471697	0.471697	0.471697	0.471697	0.471697	0.471697	0.471697
0.50928	0.506033	0.505655	0.505636	0.471697	0.471697	0.504511	0.504511	0.504702	0.471697	0.471697	0.471697	0.505179	0.471697	0.471697	0.471697	0.475904	0.471697	0.472176	0.471697	0.471697	0.471697	0.471697	0.471697	0.471697	0.471697	0.471697	0.473109	0.471697	0.47261	0.505198	0.471697	0.471697	0.471929	0.504511	0.504511	0.505022	0.504511	0.504511	0.504511	0.504612	0.504511	0.504511	0.504511	0.504511	1	0.411588	0.411588	0.411588	0.411588	0.411588	0.411588	0.411588	0.411588	0.471697	0.504582	0.504511	0.504511	0.504653	0.504511	0.504697	0.504511	0.504511	0.504511	0.504511	0.504511	0.504799	0.471697	0.471697	0.471697	0.471697	0.471697	0.471697	0.471697
0.509076	0.471697	0.471697	0.471697	0.471697	0.471697	0.507099	0.504992	0.505611	0.471697	0.504593	0.504511	0.471697	0.471697	0.471697	0.471697	0.471697	0.473353	0.471697	0.506799	0.508215	0.471697	0.471697	0.471697	0.471697	0.471697	0.471697	0.472834	0.472637	0.471697	0.504511	0.471697	0.471697	0.471697	0.521268	0.471697	0.504511	0.504511	0.504511	0.504637	0.504511	0.504511	0.504511	0.504511	0.504807	0.471817	0.411588	0.411588	0.411588	0.411588	0.411588	0.411588	0.411588	0.411588	0.411588	0.504511	0.504846	0.504511	0.504511	0.505221	0.505298	0.504511	0.504511	0.504511	0.504511	0.504511	0.504511	0.505049	0.507291	0.507855	0.471697	0.471697	0.471697	0.471697
0.508376	0.471697	0.471697	0.505534	0.50531	0.505287	0.507397	0.471697	0.471697	0.506541	0.504511	0.50469	0.504511	0.504511	0.504511	0.471697	0.472637	0.472339	0.471697	0.471697	0.471697	0.471697	0.471697	0.471697	0.471697	0.471697	0.471748	0.471697	0.512552	0.504511	0.504672	0.50456	0.504511	0.471697	0.506691	0.504511	0.504511	0.504511	0.505071	0.504511	0.504511	0.504511	0.504511	0.471697	0.471697	0.411588	0.411588	0.411588	0.411588	0.411588	0.411588	0.411588	0.411588	0.411588	0.411588	0.471697	0.471697	0.471697	0.471697	0.471697	0.504511	0.504511	0.504511	0.504511	0.504511	0.504511	0.504511	0.504511	0.506223	0.471697	0.471697	0.471697	0.411588	0.411588
0.508479	0.471697	0.471697	0.505638	0.506435	0.506128	0.506132	0.471697	0.471697	0.506496	0.505626	0.504511	0.504875	0.504511	0.504511	0.472339	0.471697	0.472313	0.471697	0.471697	0.471697	0.471697	0.471697	0.471697	0.471697	0.472339	0.471697	0.471697	0.51126	0.504675	0.504518	0.504517	0.504511	0.471697	0.508186	0.504511	0.504511	0.505014	0.504511	0.504511	0.504511	0.504511	0.504511	0.471697	0.471697	0.411588	1	0.411588	0.411588	0.411588	0.411588	0.411588	0.411588	0.411588	0.411588	0.471697	0.471697	0.471697	0.471697	0.471697	0.504511	0.504511	0.504511	0.504511	0.504511	0.504511	0.504511	0.504511	0.504511	0.471697	0.471697	0.471697	0.411588	0.411588
0.471697	0.504547	0.504606	0.505309	0.506705	0.508479	0.507967	0.508006	0.508629	0.505618	0.471697	0.471697	0.504511	0.471697	0.471697	0.472339	0.471697	0.471778	0.471697	0.471697	0.471697	0.471697	0.471697	0.471697	0.472339	0.472109	0.472035	0.471972	0.505478	0.504579	0.504568	0.504511	0.504511	0.504511	0.471874	0.471697	0.471697	0.504511	0.504511	0.504511	0.504511	0.504511	0.504511	0.504511	0.504511	0.504511	0.414035	0.411588	0.411588	0.411588	0.411588	0.411588	0.411588	0.411588	0.411588	0.411588	0.411588	0.471697	0.504511	0.504511	0.504511	0.504511	0.504511	0.504511	0.504511	0.504511	0.504511	0.504511	0.504511	0.504511	0.471697	0.471697	0.471697	0.471697
0.506313	0.504751	0.504591	0.504918	0.50652	0.509001	0.471697	0.471697	0.471697	0.471697	0.471697	0.471697	0.471697	0.471697	0.471697	0.472095	0.471697	0.471697	0.471697	0.471697	0.471697	0.471697	0.471697	0.472144	0.471697	0.471845	0.472098	0.506766	0.504562	0.50452	0.504547	0.504511	0.504511	0.471697	0.47187	0.543559	0.504511	0.504511	0.504511	0.504511	0.504511	0.504511	0.504511	0.504511	0.504511	0.411588	0.411978	0.411588	0.411588	0.411588	0.411588	0.411588	0.411588	0.411588	0.411588	0.411588	0.411588	0.411588	0.504511	0.506072	0.504511	0.504511	0.504511	0.504511	0.504511	0.504511	0.504511	0.504511	0.504511	0.504511	0.504511	0.504511	0.504511	0.504511
0.50686	0.504905	0.505354	0.504763	0.505312	0.508419	0.471697	0.471697	0.471697	0.471697	0.471697	0.471697	0.471697	0.471697	0.471697	0.471697	0.472339	0.471697	0.471697	0.4719	0.471697	0.471697	0.471883	0.471697	0.471697	0.471938	0.471697	0.504811	0.504622	0.504541	0.504511	0.504511	0.504511	0.471697	0.471697	0.471901	0.504511	0.504511	0.504511	0.504511	0.504511	0.504511	0.504511	0.504511	0.504511	0.411588	0.411588	0.413651	0.411588	0.411588	0.411588	0.411588	0.411588	0.411588	0.411588	0.411588	0.411588	0.411588	0.504511	0.505223	0.504511	0.504511	0.504511	0.504511	0.504511	0.504511	0.504511	0.504511	0.504511	0.504511	0.504511	0.504511	0.504511	0.504511
0.508112	0.504929	0.505377	0.471697	0.504989	0.506224	0.471697	0.471697	0.471697	0.471697	0.471697	0.471697	0.471697	0.471697	0.471697	0.471697	0.472339	0.471697	0.471697	0.471697	0.472033	0.471765	0.471697	0.471697	0.47209	0.50795	0.504964	0.504682	0.50454	0.504511	0.504532	0.504528	0.504511	0.505874	0.471697	0.471697	0.504511	0.504511	0.504511	0.504511	0.504511	0.504558	0.504511	0.504572	0.504523	0.504511	0.411588	0.411588	0.411983	0.411588	0.411588	0.411588	0.411588	0.411588	0.411588	0.411588	0.411588	0.471697	0.504511	0.504778	0.504511	0.471697	0.471697	0.471697	0.504511	0.504511	0.504511	0.504511	0.504511	0.504511	0.504511	0.504511	0.504511	0.504511
0.471697	0.50464	0.505676	0.471697	0.504645	0.505552	0.471697	0.471697	0.471697	0.471697	0.471697	0.471697	0.471697	0.471697	0.471697	0.471697	0.472252	0.471697	0.471697	0.471697	0.471697	0.509849	0.471697	0.471697	0.471773	0.506623	0.504976	0.504596	0.504662	0.504591	0.504511	0.504511	0.504511	0.471697	0.505628	0.504511	0.504511	0.504511	0.504511	0.504511	0.504511	0.504591	0.504554	0.504511	0.504543	0.504511	0.504511	0.504511	0.471697	0.411588	0.411588	0.411588	0.411588	0.411588	0.471697	0.471697	0.471697	0.471697	0.471697	0.471697	0.411588	0.411588	0.411588	0.411588	0.504511	0.504511	0.504511	0.504511	0.504511	0.504511	0.504511	0.504511	0.504511	0.504511
0.471697	0.504511	0.50492	0.471697	0.504878	0.504866	0.471697	0.471697	0.471697	0.471697	0.471697	0.471697	0.471697	0.471697	0.471697	0.471697	0.471697	0.471697	0.471716	0.471826	0.471697	0.50928	0.471697	0.471697	0.471697	0.505819	0.504712	0.504548	0.504686	0.504549	0.504511	0.504511	0.504511	0.471697	0.504511	0.504511	0.504511	0.504604	0.504802	0.504511	0.504511	0.504567	0.504511	0.504511	0.504516	0.504511	0.504511	0.504511	0.471697	0.411588	0.411588	0.411588	0.411588	0.411588	0.471697	0.471697	0.471697	0.471697	0.471697	0.471697	0.411588	0.411588	0.411588	0.411588	0.504511	0.504511	0.504511	0.504511	0.504511	0.504511	0.504511	0.504511	0.504511	0.504511
0.471697	0.504511	0.504511	0.471697	0.471697	0.471697	0.471697	0.471697	0.471697	0.471697	0.471697	0.471697	0.471697	0.471697	0.471697	0.471697	0.471697	0.471715	0.471802	0.471775	0.471697	0.471697	0.471697	0.471697	0.471697	0.504871	0.504768	0.504799	0.50469	0.504511	0.504511	0.504539	0.504511	0.504511	0.504511	0.504511	0.504511	0.504511	0.504511	0.504522	0.504534	0.504511	0.504511	0.504511	0.504559	0.504558	0.504511	0.504511	0.504511	1	0.411588	0.411588	0.411588	0.411588	0.471697	0.471697	0.471697	0.471697	0.411588	0.411588	0.411588	0.411588	0.411588	0.411588	0.411588	0.411588	0.504511	0.504511	0.504511	0.504511	0.504511	0.504511	0.504511	0.504511
0.471697	0.411588	0.411588	0.411588	0.411588	0.411588	0.471697	0.471697	0.471697	0.471697	0.471697	0.471697	0.471697	0.471697	0.471697	0.471697	0.471697	0.471697	0.471697	0.471697	0.471697	0.504914	0.504511	0.504862	0.50575	0.505018	0.505417	0.504623	0.504511	0.504511	0.504611	0.504531	0.504511	0.504511	0.504511	0.504526	0.504636	0.504511	0.504584	0.504613	0.504511	0.504511	0.504511	0.504512	0.504565	0.504546	0.504511	0.504511	0.504511	0.411588	0.412403	0.411588	0.411588	0.411588	0.411588	0.471697	0.471697	0.411588	0.411588	0.411588	0.471697	0.411588	0.411588	0.411588	0.504511	0.504511	0.504511	0.504511	0.504511	0.504511	0.504511	0.504511	0.504511	0.504511
0.471697	0.411588	0.411588	0.411588	0.411588	0.411588	0.471697	0.471697	0.471697	0.471697	0.471697	0.471697	0.471697	0.471697	0.471697	0.471697	0.471697	0.471697	0.471706	0.471697	0.471697	0.504511	0.504914	0.507073	0.506409	0.50743	0.505095	0.504511	0.504511	0.504552	0.504544	0.504511	0.504511	0.504511	0.504511	0.504511	0.504511	0.504559	0.504685	0.504511	0.504511	0.504511	0.504511	0.504532	0.504511	0.505371	0.504511	0.504511	0.504511	0.411588	0.423874	0.411588	0.411588	0.411588	0.411588	0.471697	0.471697	0.411594	0.411588	0.411588	0.471697	0.411588	0.411588	0.411588	0.504511	0.504511	0.504511	0.504511	0.504511	0.504511	0.504511	0.504511	0.504511	0.504511
0.411588	0.411588	0.411588	0.411588	0.411588	0.411594	0.411594	0.411588	0.411588	0.411588	0.471697	0.471697	0.471697	0.471697	0.471697	0.471697	0.471697	0.471697	0.471697	0.471697	0.471697	0.471697	0.471697	0.471697	0.471766	0.506409	0.504511	0.504511	0.50467	0.504511	0.504511	0.504511	0.504511	0.504511	0.504511	0.504511	0.504511	0.504523	0.504761	0.504511	0.504511	0.504511	0.504527	0.504511	0.504537	0.505974	0.504511	0.504511	0.504511	0.504511	0.504511	0.507353	0.471697	0.471697	0.411588	0.411588	0.411588	0.411978	0.411588	0.411588	0.411588	0.411588	0.411588	0.411588	0.411588	0.411588	0.411588	0.504511	0.504511	0.504511	0.504511	0.504511	0.504511	0.504511
0.411588	0.411588	0.411588	0.411594	0.411594	0.411588	0.411588	0.411588	0.411588	0.411588	0.471697	0.471697	0.471697	0.471697	0.471697	0.471697	0.471697	0.471697	0.471697	0.472339	0.471697	0.471697	0.471697	0.471697	0.471697	0.504511	0.504511	0.504625	0.504594	0.504511	0.504511	0.504511	0.504546	0.504586	0.504621	0.504711	0.504511	0.504522	0.504716	0.504511	0.504511	0.504548	0.504511	0.504567	0.504617	0.504511	0.504511	0.504511	0.504511	0.504511	0.504511	0.471697	0.477544	0.471697	0.411588	0.411594	0.411978	0.411588	0.471697	0.471697	0.471697	0.471697	0.471697	0.411588	0.471697	0.471697	0.411588	0.504511	0.504511	0.504511	0.504511	0.504511	0.471697	0.471697
0.411588	0.411588	0.411588	0.411588	0.411588	0.411588	0.411588	0.411588	0.411588	0.411588	0.471697	0.471697	0.471697	0.471697	0.471697	0.471697	0.471697	0.471697	0.471697	0.471697	0.472339	0.472339	0.471697	0.471697	0.471697	0.538606	0.505567	0.504525	0.504511	0.504511	0.504511	0.504512	0.504511	0.504517	0.504515	0.504573	0.504558	0.504528	0.504649	0.50462	0.504602	0.504511	0.50462	0.504793	0.504511	0.504511	0.504511	0.504511	0.504511	0.504511	0.504511	0.471697	0.471816	0.472574	0.411983	0.411978	0.411588	0.411588	0.471697	0.471697	0.471697	0.471697	0.471697	0.411588	0.471697	0.471697	0.411588	0.504511	0.504511	0.504511	0.504511	0.504745	0.471697	0.471697
0.411588	0.411978	0.411588	0.411588	0.411588	0.411588	0.411588	0.411588	0.411588	0.471697	0.471697	0.471697	0.471697	0.471697	0.471697	0.471697	0.471697	0.471697	0.471697	0.508433	0.504807	0.504769	0.515043	0.510216	0.507908	0.50591	0.505037	0.504511	0.504511	0.504511	0.504523	0.504562	0.50453	0.504511	0.504511	0.504511	0.50457	0.504511	0.504511	0.504539	0.504511	0.504688	0.50486	0.504511	0.504511	0.504511	0.504511	0.504511	0.504511	0.504511	0.504511	0.504511	0.471697	0.471697	1	0.471697	0.471697	0.471697	0.471697	0.471697	0.471697	0.471697	0.471697	0.471697	0.471697	0.471697	0.411588	0.411588	0.411588	0.504511	0.471697	0.471697	0.411588	0.411588
0.411978	0.411588	0.411588	0.411588	0.411588	0.411588	0.411588	0.411588	0.411588	0.411588	0.471697	0.471697	0.471697	0.471697	0.471697	0.504511	0.471697	0.471697	0.471697	0.504945	0.504917	0.504511	0.471697	0.471697	0.506833	0.505704	0.50541	0.504511	0.504511	0.504572	0.504536	0.504574	0.504774	0.504589	0.504511	0.50452	0.504547	0.504555	0.50471	0.504511	0.504572	0.504847	0.50473	0.505179	0.504511	0.504511	0.504511	0.504511	0.504511	0.504511	0.504511	0.504511	0.504511	0.504511	0.504511	0.475797	0.471697	0.471697	0.471697	0.471697	0.471697	0.411588	0.411588	0.471697	0.411588	0.411588	0.504511	0.411588	0.411588	0.411588	0.471697	0.471697	0.471697	0.471697
0.411588	0.411588	0.411588	0.411588	0.411588	0.411588	0.411588	0.411588	0.411588	0.411588	0.471697	0.471697	0.471697	0.471697	0.471697	0.504511	0.471697	0.471697	0.471697	0.504982	0.504511	0.505229	0.471697	0.471697	0.50551	0.506309	0.50709	0.506015	0.504965	0.5046	0.504679	0.50468	0.504712	0.504681	0.504553	0.504511	0.504511	0.504511	0.504584	0.504698	0.504682	0.504532	0.504511	0.504511	0.509648	0.504511	0.504511	0.504511	0.504511	0.504511	0.504511	0.504511	0.504511	0.504511	0.504511	0.472323	0.472607	0.471697	0.471697	0.471697	0.471697	0.411588	0.411588	0.471697	0.411588	0.411588	0.504511	0.411588	0.411588	0.411588	0.471697	0.471697	0.471697	0.471697
0.411588	0.411588	0.411588	0.411588	0.411588	0.411588	0.411588	0.411588	0.411588	0.411588	0.504511	0.504511	0.471697	0.471697	0.471697	0.471697	0.504511	0.504511	0.471697	0.504511	0.505559	0.506695	0.506909	0.50685	0.50666	0.507543	0.506253	0.505741	0.504952	0.504743	0.50503	0.504593	0.504773	0.504712	0.504646	0.504577	0.504598	0.504518	0.505326	0.506789	0.504795	0.504511	0.504511	0.504511	0.504511	0.514013	0.504511	0.504511	0.504511	0.504511	0.504511	0.504526	0.504511	0.504511	0.504511	0.471697	0.471697	0.471741	0.411588	0.411588	0.411588	0.411588	0.411588	0.471697	0.471697	0.471697	0.411588	0.411588	0.411588	0.411588	0.411588	0.411588	0.411588	0.411588
0.411588	0.411588	0.411588	0.411588	0.411588	0.411588	0.411588	0.411588	0.411588	0.411588	0.411588	0.411588	0.411588	0.471697	0.471697	0.471697	0.411588	0.411588	0.504511	0.471697	0.471697	0.471697	0.471697	0.471697	0.471697	0.506671	0.505656	0.505278	0.505515	0.506574	0.505162	0.505088	0.505115	0.504759	0.504693	0.504673	0.504794	0.471697	0.471697	0.505311	0.504511	0.504511	0.504511	0.504511	0.530524	0.504511	0.504681	0.504756	0.504511	0.504511	0.504511	0.504511	0.504511	0.504511	0.504511	0.504511	0.504511	1	0.471697	0.471697	0.471697	0.411588	0.411588	0.411588	0.411588	0.411588	0.411588	0.411588	0.411588	0.411588	0.504511	0.504511	0.411588	0.411588
0.411588	0.411588	0.411588	0.411588	0.411588	0.411588	0.411588	0.411588	0.411588	0.411588	0.411588	0.411588	0.411588	0.471697	0.471697	0.471697	0.411588	0.411588	0.504511	0.471697	0.471697	0.471697	0.471697	0.471697	0.471697	0.506756	0.505363	0.505717	0.508582	0.506266	0.506901	0.505702	0.504948	0.504607	0.50487	0.505231	0.504511	0.471697	0.471697	0.504511	0.504511	0.504511	0.504511	0.53119	0.504511	0.504526	0.504511	0.50459	0.504511	0.50456	0.504511	0.504511	0.504511	0.504564	0.504511	0.504511	0.504511	0.471697	0.472738	0.471697	0.471697	0.411588	0.411588	0.411588	0.411588	0.411983	0.411588	0.411588	0.411588	0.411588	0.504511	0.504511	0.411588	0.411588
0.411588	0.411588	0.411588	0.411588	0.411588	0.411588	0.411588	0.411588	0.411588	0.411588	0.411588	0.411588	0.411588	0.471697	0.471697	0.471697	0.471697	0.471697	0.411588	0.504511	0.504511	0.411588	0.411588	0.411588	0.504511	0.505902	0.506719	0.471697	0.506683	0.508265	0.507227	0.506304	0.505416	0.504511	0.507088	0.504511	0.472497	0.539206	0.527491	0.511096	0.534449	0.533497	0.532732	0.504511	0.504535	0.504511	0.504511	0.504518	0.504511	0.504511	0.504547	0.504511	0.504511	0.504615	0.504511	0.504511	0.504511	0.504511	0.504511	0.504511	0.508036	0.411588	0.411588	0.411588	0.411983	0.411588	0.411983	0.411983	0.411983	0.411588	0.411588	0.411588	0.504511	0.504511
0.411588	0.411588	0.411588	0.411588	0.411588	0.411588	0.411588	0.411588	0.411588	0.411588	0.411588	0.411588	0.411588	0.471697	0.471697	0.471697	0.471697	0.471697	0.471697	0.504511	0.504511	0.504511	0.411588	0.411588	0.504511	0.471697	0.471697	0.471697	0.471697	0.471697	0.506756	0.505874	0.505697	0.506695	0.504745	0.504581	0.507335	0.505388	0.504745	0.504998	0.504745	0.504969	0.504511	0.504586	0.504511	0.504511	0.504511	0.504511	0.504511	0.504511	0.504566	0.504511	0.504528	0.504511	0.504511	0.504511	0.504511	0.504511	0.504511	0.504511	0.504511	0.411978	0.411588	0.411983	0.411588	0.411588	0.411588	0.411588	0.411588	0.411588	0.411588	0.411588	0.471697	0.471697
0.411588	0.411588	0.411588	0.411588	0.411588	0.411588	0.411588	0.411588	0.411588	0.411588	0.411588	0.411588	0.411588	0.471697	0.471697	0.471697	0.471697	0.471697	0.471697	0.504511	0.504511	0.504511	0.411588	0.411588	0.504511	0.471697	0.471697	0.471697	0.471697	0.471697	0.506795	0.505703	0.508301	0.507977	0.504626	0.504763	0.506623	0.504745	0.514135	0.504511	0.50499	0.504511	0.504511	0.504511	0.504677	0.504515	0.504511	0.504511	0.504511	0.504511	0.504511	0.504719	0.504511	0.504511	0.504511	0.504511	0.504511	0.504511	0.504511	0.504511	0.504511	0.411588	1	0.411588	0.411588	0.411588	0.411588	0.411588	0.411588	0.411588	0.411588	0.411588	0.471697	0.471697
0.471995	0.471697	0.471697	0.411588	0.411588	0.411588	0.411983	0.411983	0.411983	0.411594	0.411594	0.411594	0.411588	0.47201	0.471697	0.471697	0.471697	0.471697	0.471697	0.471697	0.471697	0.504511	0.504511	0.504511	0.411588	0.471697	0.471697	0.471697	0.471697	0.471697	0.507632	0.471697	0.471697	0.471697	0.504511	0.504511	0.504511	0.504745	0.504511	0.504511	0.411588	0.411588	0.504511	0.504511	0.504731	0.504511	0.504705	0.504511	0.504512	0.504511	0.504541	0.504511	0.504511	0.504511	0.504511	0.504511	0.504511	0.504511	0.504511	0.504511	0.504511	0.411588	0.411978	0.411588	0.411588	0.411588	0.411588	0.411588	0.411588	0.411588	0.411588	0.411588	0.411588	0.411588
0.411978	0.504511	0.504511	0.411588	0.411588	0.411983	0.411588	0.411588	0.411588	0.411588	0.411588	0.411588	0.411588	0.411588	0.411588	0.471697	0.471697	0.471697	0.471697	0.471697	0.471697	0.411588	0.411588	0.411588	0.411588	0.504511	0.504511	0.471697	0.471697	0.471697	0.471697	0.471697	0.471697	0.471697	0.411588	0.411588	0.504913	0.504511	0.504511	0.505603	0.504511	0.504511	0.504511	0.504705	0.504511	0.504566	0.504511	0.504606	0.504511	0.504857	0.504511	0.504511	0.504511	0.504511	0.504511	0.504511	0.504511	0.504511	0.504511	0.504511	0.504511	0.504511	0.504511	0.411978	0.411588	0.411588	0.411588	0.411588	0.411588	0.411588	0.411588	0.411588	0.411588	0.411588
0.41301	0.504511	0.504511	0.411588	0.411983	0.411588	0.411588	0.411588	0.411588	0.411588	0.411588	0.411588	0.411588	0.411588	0.411588	0.471697	0.471697	0.471697	0.471697	0.471697	0.471697	0.411588	0.411588	0.411588	0.411588	0.504511	0.504511	0.471697	0.471697	0.471697	0.471697	0.471697	0.471697	0.471697	0.411588	0.411588	0.505228	0.504511	0.504511	0.508796	0.504511	0.504511	0.505198	0.504511	0.504513	0.504511	0.504511	0.504511	0.504544	0.504819	0.504511	0.504511	0.504511	0.504511	0.504546	0.504511	0.504511	0.504511	0.504511	0.504862	0.504511	0.504511	0.504511	0.411588	0.411588	0.411588	0.411588	0.411588	0.411588	0.411588	0.411588	0.411588	0.411588	0.411588
0.411588	0.412403	0.415414	0.427694	0.411588	0.411588	0.411588	0.411588	0.411588	0.411588	0.411588	0.411588	0.411588	0.411588	0.411588	0.411588	0.471697	0.471697	0.471697	0.471697	0.471697	0.471697	0.411588	0.411588	0.411588	0.504511	0.504511	0.471697	0.471697	0.471697	0.471697	0.411588	0.411588	0.504511	0.504511	0.504745	0.411588	0.411588	0.411588	0.471697	0.471697	0.471697	0.504511	0.504549	0.504511	0.504511	0.504511	0.504511	0.504511	0.504878	0.504511	0.504511	0.504511	0.504511	0.504511	0.504511	0.504511	0.504511	0.504511	0.504511	0.504687	0.504511	0.504511	0.504511	0.411588	0.411588	1	0.411588	0.411588	0.411588	0.411588	0.411588	0.411588	0.411588
0.411588	0.411588	0.411588	0.411588	1	0.411588	0.411588	0.411588	0.411588	0.411588	0.411588	0.411588	0.411588	0.411588	0.411588	0.411588	0.411588	0.411588	0.411588	0.471697	0.471697	0.471697	0.504511	0.504511	0.504511	0.504511	0.504511	0.504511	0.411588	0.411588	0.471697	0.411588	0.411588	0.411588	0.411588	0.411588	0.411588	0.504511	0.505972	0.506403	0.504511	0.504511	0.50491	0.504511	0.504546	0.504511	0.504511	0.504574	0.504511	0.50463	0.504692	0.504511	0.504511	0.504511	0.504511	0.504511	0.504511	0.504513	0.504511	0.504511	0.504583	0.504511	0.504511	0.504511	0.504511	0.504511	0.411588	0.41378	0.411588	0.411588	0.411588	0.411588	0.411588	0.411588
0.411594	0.411588	0.411588	0.412423	0.411978	0.411588	0.411588	0.411588	0.411588	0.411588	0.411588	0.411588	0.411588	0.411588	0.411588	0.411588	0.411588	0.411588	0.411588	0.471697	0.471697	0.471697	0.504511	0.504511	0.504511	0.504511	0.504511	0.504511	0.411588	0.411588	0.471697	0.411588	0.411588	0.411588	0.411588	0.411588	0.411588	0.507663	0.505309	0.507118	0.504511	0.504926	0.504511	0.504511	0.504678	0.504566	0.504511	0.504593	0.504517	0.504563	0.504511	0.504511	0.504676	0.504511	0.504511	0.504536	0.504525	0.504511	0.504511	0.504513	0.504511	0.504511	0.504511	0.504511	0.504511	0.504799	0.411588	0.411983	0.411588	0.411588	0.411588	0.411588	0.411588	0.411588
0.471697	0.411588	0.411588	0.474221	0.411588	0.411588	0.411588	0.411588	0.411588	0.411588	0.411588	0.411588	0.411588	0.411588	0.411588	0.411588	0.411588	0.411588	0.504511	0.504511	0.504511	0.471697	0.504511	0.504511	0.411588	0.504511	0.504511	0.504511	0.411588	0.411588	0.504511	0.504511	0.504511	0.471697	0.471697	0.471697	0.471697	0.507015	0.5075	0.50886	0.505748	0.505461	0.504511	0.504541	0.504655	0.504599	0.50452	0.504538	0.504731	0.504511	0.504511	0.504511	0.504511	0.504511	0.504511	0.504511	0.504511	0.504511	0.504511	0.504511	0.504511	0.504511	0.504511	0.504511	0.471697	0.471697	0.471697	0.472159	0.471697	0.411588	0.411588	0.411588	0.411588	0.411588
0.411588	0.411588	0.411588	0.471697	0.471697	0.471697	0.411588	0.411588	0.411588	0.411588	0.411588	0.411588	0.411588	0.411588	0.411588	0.411588	0.411588	0.411588	0.411588	0.504511	0.504511	0.471697	0.471697	0.471697	0.504511	0.504511	0.504511	0.411588	0.504745	0.504511	0.504511	0.504511	0.504511	0.411588	0.471697	0.471697	0.471697	0.471697	0.472107	0.507216	0.506584	0.504511	0.505322	0.504731	0.50468	0.504602	0.504605	0.505018	0.504511	0.504511	0.504511	0.504559	0.504511	0.504511	0.504554	0.504511	0.504511	0.504594	0.504511	0.504511	0.504511	0.504511	0.504511	0.504511	0.504511	0.504511	0.504511	0.474078	0.471697	0.471697	0.411588	0.411588	0.411588	0.411588
0.411588	0.411588	0.411588	0.552955	0.471697	0.471697	0.411588	0.411588	0.411588	0.411588	0.411588	0.411588	0.411588	0.411588	0.411588	0.411588	0.411588	0.411588	0.411588	0.504511	0.504511	0.471697	0.471697	0.471697	0.504511	0.504511	0.504511	0.411588	0.504511	0.504511	0.504511	0.504511	0.504511	0.411588	0.471697	0.471697	0.471697	0.471697	0.471697	0.512168	0.504511	0.506263	0.505387	0.504688	0.504722	0.504656	0.504536	0.504665	0.504758	0.504511	0.504511	0.504599	0.504565	0.504644	0.504511	0.504529	0.504549	0.504511	0.504511	0.504511	0.504511	0.504511	0.504511	0.504511	0.504511	0.504511	0.504511	0.471697	0.472309	0.471697	0.411588	0.411588	0.411588	0.411588
0.411588	0.411588	0.411588	0.471774	0.473348	0.472424	1	0.412084	0.411978	0.411588	0.411588	0.411588	0.411588	0.411588	0.411588	0.411588	0.411588	0.411588	0.411588	0.504511	0.504511	0.504511	0.504511	0.504511	0.411588	0.504511	0.504511	0.504511	0.411588	0.411588	0.411588	0.504511	0.504511	0.471697	0.505264	0.505987	0.471697	0.507695	0.508182	0.471697	0.508629	0.506393	0.505181	0.504837	0.504972	0.504955	0.504616	0.504724	0.504511	0.504511	0.504653	0.50456	0.504869	0.504511	0.504551	0.504566	0.504511	0.504511	0.504511	0.504511	0.504511	0.504511	0.504511	0.504511	0.504511	0.504511	0.471697	0.504511	0.504511	0.471703	0.411588	0.411588	0.411588	0.411588
0.506867	0.471697	0.471697	0.411588	0.411588	0.411983	0.471697	0.471697	0.471697	0.411588	0.411588	0.411588	0.411588	0.411588	0.411588	0.411588	0.411588	0.411588	0.411588	0.411588	0.411588	0.411588	0.504511	0.504511	0.411588	0.504511	0.504511	0.504511	0.504511	0.504511	0.504511	0.504511	0.504511	0.471697	0.471697	0.471697	0.471697	0.471697	0.471697	0.471697	0.508356	0.506038	0.50503	0.505202	0.505201	0.504866	0.505054	0.504511	0.504511	0.504834	0.504684	0.50559	0.504511	0.504527	0.504888	0.504511	0.504511	0.504511	0.504511	0.504511	0.504511	0.504511	0.504511	0.504511	0.504511	0.504511	0.504511	0.504511	0.504511	0.504511	0.471697	1	0.411588	0.411588
0.507335	0.471697	0.471697	0.411588	0.411588	0.411588	0.472324	0.471697	0.471697	0.411588	0.411588	0.411588	0.411588	0.411588	0.411588	0.411588	0.411588	0.411588	0.411588	0.411588	0.411588	0.411588	0.504511	0.504511	0.411588	0.504511	0.504511	0.504511	0.504511	0.504511	0.504511	0.504511	0.504511	0.471697	0.471697	0.471697	0.471697	0.471697	0.471697	0.471697	0.507679	0.505972	0.506397	0.506429	0.505049	0.50551	0.504511	0.504511	0.50626	0.504902	0.508385	0.504511	0.504557	0.504511	0.504576	0.505801	0.504511	0.504511	0.504511	0.504511	0.504539	0.504511	0.504511	0.504511	0.504511	0.504511	0.504511	0.504511	0.504511	0.504511	0.471697	0.471697	0.411983	0.411588
0.471697	0.411588	0.411588	0.411588	0.411588	0.411983	0.504511	0.471736	0.472125	0.471995	0.411876	0.411588	0.411588	0.411588	0.411588	0.411588	0.411588	0.411588	0.411588	0.411588	0.411588	0.411588	0.411588	0.411588	0.411588	0.504511	0.504511	0.504511	0.504511	0.504511	0.504511	0.504511	0.504511	0.504511	0.471697	0.471697	0.511727	0.471697	0.471697	0.471697	0.507663	0.509259	0.509309	0.506228	0.507407	0.508363	0.513381	0.510551	0.506145	0.471697	0.471921	0.504511	0.504854	0.504511	0.471697	0.504553	0.504511	0.504511	0.504511	0.504511	0.504511	0.504511	0.504511	0.504511	0.504511	0.504511	0.504511	0.504511	0.504511	0.504511	0.471697	0.471697	0.411588	0.411594
0.471697	0.504511	0.504511	0.411588	0.411594	0.411588	0.411588	0.471736	0.516602	0.471995	0.471697	0.471697	0.411588	0.471697	0.471697	0.411588	0.411588	0.411588	0.411588	0.411588	0.411588	0.411588	0.411588	0.411588	0.504511	0.504511	0.504511	0.504511	0.504511	0.504511	0.504511	0.504511	0.504511	0.471697	0.471697	0.471698	0.471697	0.471697	0.471697	0.471697	0.471697	0.471697	0.508518	0.471697	0.471697	0.471697	0.511536	0.505912	0.508416	0.471697	0.471697	0.505418	0.504597	0.504596	0.504534	0.504511	0.504511	0.504511	0.504511	0.504511	0.504511	0.504511	0.504511	0.504511	0.504511	0.504511	0.504511	0.504511	0.504511	0.504511	0.504511	0.504511	0.471697	0.471697
0.471697	0.504511	0.504511	0.411588	0.411594	0.411588	0.411588	1	0.471742	0.471697	0.474504	0.473012	0.411983	0.472571	0.471697	0.411588	0.411588	0.411588	0.411588	0.411588	0.411588	0.411588	0.411588	0.411588	0.504511	0.504511	0.504511	0.504511	0.504511	0.504511	0.504511	0.504511	0.504511	0.471697	0.471853	0.471697	0.471697	0.471697	0.471697	0.471697	0.471697	0.471697	0.508386	0.471697	0.472339	0.472339	0.506453	0.508038	0.507945	0.471697	0.471697	0.50459	0.504525	0.504562	0.504511	0.504511	0.504511	0.504511	0.504511	0.504511	0.504535	0.504544	0.504511	0.504516	0.504511	0.504511	0.504511	0.504511	0.504511	0.504511	0.504511	0.504511	0.471697	0.471697
0.471697	0.411588	0.411588	0.411594	0.504511	0.504511	0.504511	0.411588	0.411588	0.471697	0.471697	0.471697	0.471697	0.471697	0.471697	0.504511	0.411588	0.411588	0.411588	0.411588	0.411588	0.411588	0.411588	0.411588	0.411588	0.504511	0.504511	0.504511	0.504511	0.504511	0.504511	0.411588	0.411588	0.471697	0.472339	0.471697	0.471697	0.471697	0.471697	0.471697	0.471697	0.471697	0.509921	0.471841	0.471976	0.511116	0.471697	0.471697	0.504511	0.504773	0.504664	0.504635	0.504625	0.504511	0.504511	0.504511	0.504511	0.504511	0.504511	0.504518	0.504549	0.504511	0.504511	0.504511	0.504511	0.504511	0.504511	0.504511	0.504511	0.504511	0.504511	0.504511	0.504511	0.504511
0.471697	0.471697	0.471697	0.505007	0.411588	0.411588	0.411588	1	0.471697	0.471697	0.471697	0.471697	0.533488	0.534752	0.505623	0.504511	0.411588	0.411588	0.411588	0.411588	0.411588	0.411588	0.411588	0.411978	0.411588	0.411588	0.411588	0.411588	0.411588	0.411588	0.504511	0.504511	0.504511	0.471697	0.471697	0.471713	0.471697	0.471697	0.471697	0.471697	0.471697	0.471697	0.471697	0.471858	0.472016	0.511139	0.50659	0.505412	0.504997	0.504692	0.504572	0.504597	0.504511	0.504511	0.504511	0.504602	0.504511	0.504511	0.504511	0.504511	0.504511	0.504511	0.504511	0.504519	0.504511	0.504511	0.504511	0.504511	0.504511	0.504511	0.504511	0.504511	0.504511	0.504511
0.471697	0.471697	0.471697	0.504511	0.411588	0.411588	0.411588	0.471697	0.472756	0.47182	0.471697	0.471697	0.504511	0.504511	0.504511	0.504511	0.411588	0.411588	0.411588	0.411588	0.411588	0.411588	0.411978	0.411588	0.411588	0.411588	0.411588	0.411588	0.411588	0.411588	0.504511	0.504511	0.504511	0.471697	0.471697	0.471697	0.471697	0.471697	0.471697	0.471697	0.471697	0.471697	0.471728	0.471697	0.471869	0.511072	0.506506	0.505973	0.504775	0.504581	0.504546	0.504511	0.504511	0.504511	0.504511	0.504511	0.504554	0.504622	0.504702	0.504511	0.504511	0.504511	0.504511	0.504741	0.504511	0.504511	0.504511	0.504511	0.504511	0.504511	0.504511	0.504511	0.504511	0.504511
0.471697	0.504511	0.504511	0.504511	0.411588	0.411588	0.504511	0.411588	0.411588	0.504511	0.414496	0.411588	0.471697	0.504511	0.504511	0.504511	0.504511	0.504511	0.411588	0.411978	0.411978	0.411978	0.411588	0.411588	0.411588	0.411588	0.411588	0.411588	0.504511	0.504511	0.504511	0.411588	0.411588	0.504511	0.471697	0.471697	0.471697	0.505751	0.507572	0.471697	0.471697	0.471697	0.471697	0.471697	0.47211	0.509413	0.508009	0.505049	0.504582	0.504511	0.504511	0.504511	0.504511	0.504511	0.504511	0.50464	0.504595	0.504717	0.504511	0.504556	0.504511	0.504511	0.504535	0.504615	0.504511	0.504511	0.504511	0.504511	0.504511	0.504511	0.504511	0.504511	0.504511	0.504511
0.504511	0.504511	0.504511	0.504511	0.411588	0.411588	0.411588	0.504511	0.504511	0.504511	0.411588	1	0.504511	0.504511	0.504511	0.504511	0.504511	0.504998	0.411978	0.411588	0.411588	0.411588	0.411588	0.411588	0.504511	0.504511	0.504511	0.504511	0.504511	0.504511	0.504511	0.411588	0.411588	0.504511	0.504511	0.504805	0.471697	0.471697	0.471697	0.471697	0.471697	0.471697	0.471697	0.471697	0.471697	0.471697	0.506106	0.504732	0.50466	0.504511	0.504511	0.504511	0.504511	0.504511	0.504637	0.504645	0.505261	0.504511	0.504511	0.504511	0.504667	0.504552	0.504571	0.504511	0.504511	0.504511	0.504511	0.504511	0.504511	0.504511	0.504511	0.504511	0.504511	0.504511
0.504511	0.504511	0.504511	0.504511	0.411588	0.411588	0.411588	0.504511	0.504511	0.504511	0.411588	0.411588	0.50479	0.504511	0.504511	0.504511	0.504998	0.504998	0.411588	0.411588	0.411588	0.411588	0.411588	0.411588	0.504511	0.504511	0.504511	0.504511	0.504511	0.504511	0.504511	0.411588	0.411588	0.504511	0.505022	0.505079	0.471697	0.471697	0.471697	0.471697	0.471697	0.471697	0.471697	0.471697	0.471697	0.471697	0.504669	0.504657	0.504511	0.504511	0.504511	0.504511	0.504511	0.504511	0.504558	0.504562	0.50463	0.504987	0.504511	0.50462	0.504571	0.504559	0.504511	0.504511	0.504511	0.504511	0.504511	0.504511	0.504511	0.504511	0.504511	0.504511	0.504511	0.504511
0.504511	0.504511	0.504511	0.471697	0.471697	0.471697	0.411588	0.411588	0.411588	0.411588	0.411588	0.411588	0.411588	0.504511	0.504511	0.471697	0.504998	0.504511	0.411588	0.411588	0.411588	0.411588	0.411588	0.411588	0.411588	0.411588	0.411588	0.411588	0.504511	0.504511	0.504511	0.411588	0.411588	0.471697	0.471697	0.471697	0.471697	0.471697	0.471697	0.471697	0.471697	0.471697	0.471697	0.506804	0.505062	0.504672	0.504574	0.504511	0.504511	0.504511	0.504511	0.504511	0.504659	0.504515	0.504697	0.504713	0.504803	0.504511	0.504614	0.504582	0.504583	0.504511	0.504511	0.504511	0.504511	0.504511	0.504511	0.504511	0.504511	0.504511	0.504511	0.504511	0.504511	0.504511
0.504511	0.504511	0.504511	0.50464	0.504513	0.504511	0.411588	0.411588	0.411588	0.411588	0.411588	0.411588	0.411588	0.47171	0.472757	0.472317	0.411588	0.411588	0.411588	0.411588	0.411588	0.411588	0.411588	0.411588	0.411588	0.411588	0.411588	0.411588	0.504511	0.504511	0.504511	0.471697	0.471697	0.471697	0.471697	0.471697	0.471697	0.471697	0.471697	0.471697	0.471697	0.471697	0.471697	0.505949	0.504742	0.50458	0.504511	0.504511	0.504511	0.504511	0.504511	0.504989	0.504895	0.505001	0.504625	0.505546	0.504511	0.504646	0.504575	0.504616	0.504511	0.504511	0.504511	0.504511	0.504511	0.504511	0.504511	0.504511	0.504511	0.504511	0.504511	0.504511	0.504511	0.504511
0.504511	0.504511	0.504749	0.504624	0.504514	0.504511	0.411588	0.411588	0.411588	0.411588	0.411588	0.411588	0.411588	0.471697	1	0.474309	0.411588	0.411588	0.411588	0.411588	0.411588	0.411588	0.411588	0.411588	0.411588	0.411588	0.411588	0.411588	0.504511	0.504511	0.504511	0.471697	0.471697	0.471697	0.471697	0.471697	0.471697	0.471697	0.471697	0.471697	0.471697	0.471697	0.471697	0.505131	0.504605	0.504511	0.504511	0.504511	0.504511	0.504511	0.505319	0.505283	0.505983	0.504772	0.505007	0.505839	0.504859	0.504643	0.504755	0.504511	0.504511	0.504511	0.504511	0.504511	0.504511	0.504511	0.504511	0.504511	0.504511	0.504511	0.504511	0.504511	0.504511	0.504511
0.504511	0.505284	0.504672	0.504588	0.50458	0.504511	0.471697	0.504511	0.504511	0.411588	0.411588	0.411588	0.411588	0.411588	0.411588	0.472447	0.471697	0.471933	0.411978	0.411588	0.411588	0.411588	0.411588	0.411588	0.411588	0.411588	0.411588	0.411588	0.411588	0.411588	0.471697	0.411588	0.411588	0.471697	0.471697	0.471697	0.471697	0.471697	0.471697	0.505897	0.505667	0.505723	0.505732	0.504776	0.504511	0.504511	0.504511	0.504511	0.504511	0.505878	0.505977	0.508832	0.506363	0.50735	0.507623	0.505207	0.504622	0.504657	0.504511	0.504511	0.504511	0.504511	0.504511	0.504511	0.504511	0.504511	0.504511	0.504511	0.504511	0.504511	0.504511	0.504511	0.504511	0.504511
0.471697	0.505418	0.504882	0.504729	0.50498	0.504511	0.505564	0.504511	0.504511	0.471697	0.504511	0.504511	0.411588	0.411588	0.411588	0.471697	0.471901	0.47182	0.414145	1	0.411588	0.411588	0.411588	0.411588	0.411588	0.411588	0.411588	0.411588	0.411588	0.411588	0.411588	0.411588	0.411588	0.471697	0.471697	0.471697	0.471697	0.471697	0.471697	0.471697	0.471697	0.471697	0.504898	0.504511	0.504511	0.504511	0.504511	0.504511	0.471697	0.471697	0.471697	0.507695	0.471697	0.471697	0.507333	0.505071	0.505338	0.504511	0.504511	0.504511	0.504511	0.504511	0.504511	0.504511	0.504511	0.504511	0.504511	0.504511	0.504511	0.504511	0.504511	0.504511	0.504511	0.504511
0.471697	0.505284	0.50562	0.505605	0.504511	0.506856	0.506894	0.504511	0.504511	0.471697	0.504511	0.504511	0.411588	0.411588	0.411588	0.471697	0.471697	0.471697	0.411588	0.411588	0.412202	0.411588	0.411588	0.411588	0.411588	0.411588	0.411588	0.411588	0.411588	0.411588	0.411588	0.411588	0.411588	0.471697	0.471697	0.471697	0.471697	0.471697	0.471697	0.471697	0.471697	0.471697	0.504511	0.504511	0.504511	0.504511	0.504511	0.505678	0.471697	0.471697	0.471697	0.506425	0.471697	0.471697	0.506368	0.507666	0.504765	0.504511	0.504511	0.504511	0.504511	0.504511	0.504511	0.504511	0.504511	0.504511	0.504511	0.504511	0.504511	0.504511	0.504511	0.504511	0.504511	0.504511
0.471697	0.471697	0.471697	0.504655	0.47171	0.471953	0.504745	0.504511	0.504511	0.504511	0.411588	0.411588	0.411588	0.411588	0.411588	0.411978	0.471697	0.471697	0.411588	0.471697	0.471697	0.471697	0.411588	0.411588	0.411588	0.411588	0.411588	0.411588	0.411588	0.411588	0.411588	0.411588	0.411588	0.411588	0.471697	0.471697	0.471697	0.504511	0.504511	0.504511	0.504511	0.504511	0.504511	0.504511	0.504511	0.504511	0.504926	0.505949	0.471697	0.471697	0.471697	0.505531	0.471697	0.471697	0.471697	0.505212	0.504511	0.504511	0.504511	0.504511	0.504511	0.504511	0.504511	0.504511	0.504511	0.504511	0.504511	0.504511	0.504511	0.504511	0.504511	0.504511	0.504511	0.504511
0.411588	0.411588	0.411588	0.471697	0.504511	0.504511	0.504511	0.504511	0.504511	0.504511	0.504511	0.504511	0.411588	0.411588	0.411588	0.504511	0.411588	0.411588	0.471697	0.472222	0.471697	0.471697	1	0.411588	0.411588	0.411588	0.411588	0.411588	0.411588	0.411588	0.411588	0.411588	0.411588	0.411588	0.504511	0.504511	0.504511	0.504511	0.504511	0.504511	0.504511	0.504511	0.504511	0.504511	0.504511	0.471697	0.471697	0.471697	0.471697	0.471697	0.471697	0.504812	0.471697	0.471697	0.504857	0.504511	0.504511	0.504511	0.504511	0.504511	0.504511	0.504511	0.504511	0.504511	0.504511	0.504511	0.504511	0.504511	0.504511	0.504511	0.504511	0.504511	0.504511	0.504511
0.411588	0.411588	0.411588	0.471697	0.504511	0.504511	0.504511	0.504511	0.504511	0.504511	0.504511	0.504511	0.411588	0.411978	0.411978	0.504511	0.411588	0.411588	0.471697	0.471697	0.471842	0.471697	0.411588	0.411983	0.411983	0.411594	0.411588	0.411588	0.411588	0.411588	0.411588	0.411588	0.411588	0.411588	0.504511	0.504511	0.504511	0.504511	0.504511	0.504511	0.504511	0.504511	0.504511	0.504511	0.504511	0.471697	0.471697	0.471697	0.471697	0.471697	0.471697	0.504511	0.471697	0.471697	0.504511	0.504511	0.504511	0.504511	0.504511	0.504511	0.504511	0.504511	0.504511	0.504511	0.504511	0.504511	0.504511	0.504511	0.504511	0.504511	0.504511	0.504511	0.504511	0.504511
