Crust moisture [-]
0.120681	0.247083	0.120681	0.124567	0.120681	0.121963	0.124567	0.120681	0.120681	0.120681	0.120681	0.120681	0.120681	0.136191	0.124567	0.124567	0.124567	0.124567	0.124567	0.124567	0.124567	0.148154	0.148154	0.148154	0.124567	0.124567	0.124567	0.124567	0.124567	0.124567	0.124567	0.124567	0.124567	0.124567	0.148154	0.148154	0.120681	0.124567	0.124567	0.124567	0.124567	0.124567	0.120681	0.148154	0.148154	0.148154	0.148154	0.148154	0.120681	0.124567	0.124567	0.124567	0.124567	0.124567	0.124567	0.120681	0.120681	0.124567	0.124567	0.124567	0.124567	0.124567	0.124567	0.148154	0.124567	0.124567	0.120681	0.124567	0.124567	0.124567	0.124567	0.124567	0.120681	0.120681
0.120681	0.120681	0.120681	0.124567	0.120681	0.120681	0.124567	0.120681	0.120681	0.120681	0.120681	0.120681	0.120681	0.139876	0.124567	0.124567	0.124567	0.124567	0.124567	0.124567	0.124567	0.148154	0.148154	0.148154	0.124567	0.124567	0.124567	0.124567	0.124828	0.124567	0.124567	0.124567	0.124567	0.124567	0.148154	0.148154	0.120681	0.124567	0.124567	0.124567	0.124567	0.124567	0.123592	0.148154	0.148154	0.148154	0.148154	0.148154	0.120681	0.124567	0.124567	0.124567	0.124567	0.124567	0.124567	0.120681	0.120681	0.124567	0.124567	0.124567	0.124567	0.124567	0.124567	0.148154	0.124567	0.124567	0.120681	0.124567	0.124567	0.124567	0.124567	0.124567	0.120681	0.120681
0.124567	0.148154	0.148154	0.148154	0.148154	0.148154	0.135346	0.120681	0.120681	0.120681	0.120681	0.120681	0.120681	0.124567	0.285305	0.124567	0.124567	0.124567	0.124567	0.120681	0.120681	0.148154	0.120681	0.120681	0.124567	0.124567	0.124567	0.124567	0.124567	0.124567	0.124567	0.124567	0.124567	0.124567	0.124567	0.124567	0.124567	0.124567	0.124567	0.124567	0.122762	0.120681	0.124567	0.124567	0.124567	0.148154	0.148154	0.148154	0.148154	0.124567	0.124567	0.124567	0.124567	0.124567	0.124567	0.120681	0.120681	0.124567	0.124567	0.124567	0.124567	0.148154	0.148154	0.124567	0.148154	0.148154	0.148154	0.124567	0.124567	0.124567	0.124567	0.124567	0.124567	0.124567
0.148154	0.148154	0.148154	0.148154	0.148154	0.148154	0.148154	0.120681	0.120681	0.120681	0.120681	0.120681	0.120681	0.124908	0.135543	0.120681	0.124567	0.124567	0.124567	0.124567	0.124567	0.120681	0.120681	0.120681	0.120681	0.124567	0.124567	0.148154	0.124567	0.124567	0.124567	0.124567	0.124567	0.124567	0.124567	0.124567	0.124567	0.124567	0.124567	0.124567	0.124567	0.124567	0.124567	0.124567	0.124567	0.124567	0.124567	0.124567	0.124567	0.124567	0.124567	0.124567	0.124567	0.124567	0.124567	0.124567	0.124567	0.124567	0.148154	0.148154	0.148154	0.1231	0.120681	0.148154	0.148154	0.148154	0.148154	0.148154	0.148154	0.148154	0.148154	0.148154	0.124567	0.124567
0.148154	0.148154	0.148154	0.148154	0.171447	0.15263	0.148154	0.120727	0.120681	0.120681	0.120681	0.120681	0.120681	0.124567	0.124818	0.137754	0.125363	0.293511	0.15464	0.124567	0.124567	0.120681	0.120681	0.120681	0.120681	0.124567	0.124567	0.148154	0.124567	0.124567	0.131203	0.124567	0.124567	0.124567	0.124567	0.124567	0.124567	0.124567	0.124567	0.124567	0.124567	0.124567	0.124567	0.124567	0.124567	0.124567	0.124567	0.124567	0.124567	0.124567	0.124567	0.124567	0.124567	0.124567	0.124567	0.124567	0.124567	0.124567	0.148154	0.148154	0.148154	0.120681	0.122962	0.148154	0.152604	0.148154	0.148154	0.148154	0.148154	0.148154	0.148154	0.148154	0.124567	0.124567
0.129729	0.123957	0.130068	0.148154	0.148154	0.148154	0.148154	0.148154	0.148154	0.124567	0.124567	0.124567	0.120681	0.124567	0.124567	0.124567	0.23363	0.124567	0.124567	0.124567	0.124567	0.124567	0.148154	0.148154	0.120681	0.120681	0.120681	0.120681	0.120681	0.120681	0.124567	0.124567	0.124567	0.257975	0.124567	0.124567	0.124567	0.148154	0.148154	0.148154	0.124567	0.124567	0.124567	0.124567	0.124567	0.124567	0.148154	0.149313	0.148154	0.124567	0.124567	0.124567	0.148154	0.148154	0.148154	0.124567	0.124567	0.124567	0.124567	0.124567	0.148154	0.121378	0.218219	0.329104	0.148154	0.148154	0.148154	0.148154	0.148154	0.148154	0.148154	0.148154	0.148154	0.148154
0.120681	0.126374	0.13025	0.148154	0.120681	0.120681	0.148154	0.148154	0.148154	0.148154	0.222752	0.148154	0.148154	0.120681	0.120681	0.132802	0.120681	0.120681	0.124567	0.148154	0.148154	0.148154	0.124567	0.124567	0.124567	0.120681	0.120681	0.120681	0.120681	0.120681	0.120681	0.120681	0.120681	0.148154	0.148154	0.18317	0.158209	0.148154	0.148154	0.148154	0.131139	0.135048	0.124567	0.124567	0.124567	0.159067	0.151339	0.148154	0.148154	0.156496	0.148154	0.148154	0.148154	0.148154	0.148154	0.158258	0.148154	0.124567	0.124567	0.124567	0.133348	0.138739	0.123873	0.148154	0.148154	0.148154	0.148154	0.148154	0.148154	0.148154	0.148154	0.148154	0.124567	0.124567
0.120681	0.184186	0.166686	0.148429	0.120681	0.120681	0.148154	0.148154	0.148154	0.148154	0.158369	0.148154	0.148154	0.120681	0.120681	0.13283	0.120681	0.120681	0.124567	0.148154	0.148154	0.148154	0.124567	0.124567	0.124567	0.120681	0.120681	0.120681	0.120681	0.120681	0.120681	0.120681	0.120681	0.148154	0.148154	0.148154	0.148154	0.150068	0.248284	0.148154	0.140298	0.120681	0.124567	0.126837	0.125849	0.148154	0.148154	0.148154	0.148154	0.148154	0.158515	0.151343	0.158599	0.160574	0.152562	0.148154	0.148154	0.125773	0.124567	0.124567	0.120681	0.120681	0.120681	0.148154	0.148154	0.148154	0.148154	0.148154	0.148154	0.148154	0.148154	0.148154	0.124567	0.124567
0.158394	0.149031	0.148154	0.148154	0.13043	0.121914	0.148154	0.123657	0.120681	0.120681	0.158266	0.148154	0.148154	0.148154	0.148154	0.122453	0.120681	0.120681	0.120681	0.148154	0.148154	0.13941	0.124567	0.124567	0.124567	0.124567	0.124567	0.124567	0.120681	0.120681	0.120681	0.120681	0.120681	0.120681	0.148154	0.148154	0.148154	0.124567	0.124567	0.148154	0.148154	0.157966	1	0.124567	0.124567	0.124567	0.148154	0.148154	0.120681	0.120681	0.120681	0.120681	0.120692	0.123704	0.319971	0.336132	0.142341	0.148154	0.124567	0.124567	0.124567	0.120681	0.120681	0.148154	0.148154	0.148154	0.148154	0.148154	0.148154	0.148154	0.148154	0.148154	0.124567	0.124567
0.143777	0.148154	0.148154	0.120681	0.148154	0.148154	0.123996	0.148154	0.148154	0.148154	0.157773	0.148154	0.148154	0.148154	0.148154	0.148154	0.148154	0.148154	0.120681	0.148154	0.148154	0.151334	0.148154	0.182245	0.124567	0.124567	0.124567	0.124567	0.120681	0.120681	0.120681	0.123044	0.120681	0.120681	0.120681	0.120681	0.120681	0.120681	0.120681	0.124567	0.148154	0.148154	0.124567	0.124567	0.124567	0.124567	0.148154	0.148154	0.120681	0.120681	0.120681	0.120681	0.120681	0.120681	0.122855	0.148154	0.148154	0.148154	0.148154	0.148154	0.148154	0.148154	0.148154	0.148154	0.148154	0.15234	0.148154	0.148154	0.148154	0.148154	0.124567	0.124567	0.124567	0.124567
0.140621	0.148154	0.148154	0.123469	0.148154	0.148154	0.126423	0.148154	0.155277	0.158421	0.148154	0.148154	0.148154	0.148154	0.148154	0.148154	0.148154	0.148154	0.120681	0.148154	0.148928	0.145764	0.148154	0.148154	0.127872	0.124567	0.124567	0.124567	0.120681	0.120681	0.127971	0.120681	0.120681	0.120681	0.120696	0.120681	0.120681	0.120681	0.120681	0.124567	0.148154	0.148154	0.124567	0.124567	0.124567	0.124567	0.148154	0.148154	0.120681	0.120681	0.120681	0.120681	0.120681	0.120681	0.120681	0.148154	0.148154	0.148154	0.148154	0.148154	0.148154	0.148154	0.158622	0.162246	0.159706	0.148154	0.148154	0.148154	0.148154	0.148154	0.124567	0.124567	0.124567	0.124567
0.148154	0.123782	0.125523	0.148154	0.148154	0.148154	0.148154	0.148154	0.148154	0.120681	0.152304	0.148154	0.148154	0.148154	0.148154	0.148154	0.148154	0.166529	0.334699	0.220797	0.120681	0.124567	0.148154	0.148154	0.148154	0.120681	0.120681	0.120681	0.133374	0.120681	0.14763	0.120681	0.120681	0.120681	0.120791	0.120681	0.120681	0.120681	0.120681	0.120681	0.120681	0.122855	0.124576	0.184497	0.124567	0.124567	0.120681	0.120681	0.120681	0.120681	0.120681	0.120681	0.120681	0.120681	0.120681	0.120681	0.122722	0.148154	0.148154	0.148154	0.329618	0.155851	0.148154	0.148154	0.148154	0.148154	0.148154	0.148154	0.148154	0.148154	0.148154	0.148154	0.124567	0.124567
0.148154	0.121448	0.127387	0.148154	0.120681	0.120681	0.125121	0.122794	0.126962	0.139327	0.148544	0.148154	0.148154	0.148154	0.148154	0.148154	0.148154	0.148154	0.125064	0.158389	0.148154	0.124567	0.148154	0.148154	0.148154	0.148154	0.166506	0.148154	0.148154	0.148154	0.148154	0.120681	0.120681	0.120681	0.120681	0.120681	0.120681	0.120681	0.120681	0.120681	0.148154	0.148154	0.148154	0.142746	0.124567	0.124567	0.120681	0.120681	0.120681	0.120681	0.120681	0.120681	0.120681	0.120681	0.120681	0.120681	0.120681	0.124583	0.148154	0.339878	0.148154	0.148154	0.148154	0.148154	0.148154	0.148154	0.148154	0.124567	0.124567	0.122788	0.148154	0.148154	0.120681	0.120681
0.152533	0.120681	0.12357	0.148154	0.120681	0.120681	0.122045	0.124139	0.128599	0.142242	0.148154	0.148154	0.148154	0.148154	0.148154	0.148154	0.148154	0.148154	0.332264	0.148163	0.148154	0.124567	0.148154	0.148154	0.148154	0.148154	0.16869	0.148154	0.148154	0.148154	0.148154	0.13889	0.120681	0.120681	0.120681	0.120681	0.12127	0.120681	0.120681	0.120681	0.148154	0.148154	0.148154	0.124567	0.124567	0.124567	0.120681	0.120681	0.120681	0.120681	0.120681	0.120681	0.120681	0.120681	0.120681	0.120681	0.120681	0.120681	0.148154	0.148154	0.148154	0.148154	0.148154	0.159428	0.148154	0.148154	0.148154	0.124567	0.124567	0.143368	0.148154	0.148154	0.120681	0.120681
0.148154	0.148154	0.148154	0.130937	0.132531	0.12556	0.120681	0.128124	0.145917	0.152693	0.148154	0.148154	0.148154	0.148154	0.148154	0.141991	0.148154	0.158485	0.148154	0.148154	0.151002	0.120681	0.124567	0.124567	0.124567	0.148154	0.148154	0.159037	0.148154	0.148154	0.148154	0.121006	0.120681	0.120681	0.120681	0.120681	0.120681	0.121749	0.120681	0.120681	0.120681	0.120681	0.120681	0.124567	0.124567	0.124567	0.124567	0.124567	0.148154	0.120681	0.120681	0.120681	0.120681	0.120681	0.120681	0.120681	0.120681	0.120794	0.120681	0.121499	0.148154	0.148154	0.148154	0.148154	0.148154	0.148154	0.148154	0.124567	0.124567	0.120681	0.120681	0.120681	0.120681	0.120681
0.157835	0.148154	0.148154	0.148154	0.148154	0.148154	0.148154	0.120681	0.148334	0.148154	0.148154	0.148154	0.148154	0.159037	0.149071	0.148154	0.148154	0.167014	0.148154	0.120681	0.192775	0.124567	0.124567	0.124567	0.124567	0.148154	0.148154	0.148154	0.158297	0.148154	0.148154	0.12556	0.122343	0.122927	0.134996	0.120681	0.120993	0.120681	0.120681	0.120681	0.120681	0.120681	0.120681	0.148154	0.148154	0.124567	0.124567	0.124567	0.124567	0.148154	0.148154	0.148154	0.148154	0.148154	0.148154	0.120681	0.120681	0.120681	0.120682	0.120681	0.124627	0.148154	0.148154	0.148154	0.148154	0.148154	0.148154	0.141141	0.120681	0.120681	0.120681	0.120681	0.120681	0.120681
0.148154	0.148154	0.148154	0.148154	0.148154	0.148154	0.148154	0.120681	0.154717	0.148154	0.148154	0.151846	0.148154	0.171285	0.148154	0.148154	0.148154	0.148154	0.148154	0.120681	0.120681	0.124567	0.124567	0.124567	0.124567	0.148154	0.148154	0.148154	0.148154	0.165553	0.148154	0.125835	0.125387	0.144496	0.120681	0.121675	0.120681	0.1212	0.120681	0.120681	0.120681	0.120681	0.120681	0.148154	0.148154	0.138777	0.124567	0.124567	0.124567	0.148154	0.148154	0.148154	0.148154	0.148154	0.148154	0.120787	0.120681	0.120681	0.120681	0.120714	0.120681	0.148154	0.148154	0.148154	0.148154	0.148154	0.148154	0.12494	0.194749	0.120681	0.120681	0.120681	0.120681	0.120681
0.127067	0.148154	0.148154	0.148154	0.125304	0.120681	0.120681	0.148154	0.148154	0.171153	0.148154	0.148154	0.148154	0.140232	0.336227	0.148154	0.148154	0.148154	0.148154	0.148154	0.148154	0.148154	0.148154	0.148154	0.148154	0.124567	0.124567	0.148154	0.148154	0.165145	0.148154	0.148154	0.148154	0.157733	0.126458	0.120681	0.120681	0.120681	0.122454	0.120681	0.120681	0.120681	0.120681	0.120681	0.120681	0.124567	0.124567	0.124567	0.124567	0.124567	0.124567	0.148154	0.124567	0.124567	0.148154	0.120681	0.120766	0.120681	0.120681	0.120681	0.120771	0.120681	0.120681	0.120681	0.121055	0.123662	0.138874	0.138868	0.135643	0.120681	0.148154	0.148154	0.148154	0.148154
0.138313	0.125881	0.125475	0.142518	0.148154	0.148154	0.120681	0.120681	0.120681	0.148154	0.148154	0.148154	0.138184	0.148154	0.148154	0.280918	0.148154	0.148154	0.148154	0.148154	0.148154	0.148154	0.148154	0.148154	0.148154	0.148154	0.148154	0.148154	0.148154	0.158576	0.120681	0.148154	0.148154	0.148154	0.120681	0.120681	0.120681	0.123008	0.120681	0.120681	0.120681	0.120681	0.120681	0.120681	0.120681	0.124567	0.124567	0.124567	0.124567	0.124567	0.124567	0.124567	0.124567	0.124567	0.148154	0.120681	0.120681	0.120819	0.120681	0.120681	0.121352	0.120681	0.120681	0.120681	0.120681	0.120684	0.130736	0.148154	0.148154	0.148154	0.148154	0.148154	0.148154	0.148154
0.148547	0.129654	0.127465	0.127349	0.148154	0.148154	0.120681	0.120681	0.121827	0.148154	0.148154	0.148154	0.123439	0.148154	0.148154	0.148154	0.162454	0.148154	0.148154	0.148154	0.148154	0.148154	0.148154	0.148154	0.148154	0.148154	0.148154	0.158907	0.148154	0.148154	0.124767	0.148154	0.148154	0.148154	0.120681	0.120681	0.123798	0.120681	0.120681	0.120681	0.121106	0.120681	0.120681	0.120681	0.120681	0.295294	0.124567	0.124567	0.124567	0.124567	0.124567	0.124567	0.124567	0.124567	0.148154	0.121278	0.120681	0.120681	0.12155	0.120681	0.121694	0.120681	0.120681	0.120681	0.120681	0.120681	0.121985	0.148154	0.148154	0.148154	0.148154	0.148154	0.148154	0.148154
0.14706	0.148154	0.148154	0.148154	0.148154	0.148154	0.136939	0.123657	0.125862	0.148154	0.121225	0.120681	0.148154	0.148154	0.148154	0.148154	0.148154	0.160323	0.148154	0.136205	0.142826	0.148154	0.148154	0.148154	0.148154	0.148154	0.148154	0.15865	0.148154	0.148154	0.120681	0.148154	0.148154	0.148154	0.180896	0.148154	0.120681	0.120681	0.120681	0.121275	0.120681	0.120681	0.120681	0.120681	0.122621	0.148154	0.124567	0.124567	0.124567	0.124567	0.124567	0.124567	0.124567	0.124567	0.124567	0.120681	0.122872	0.120681	0.120681	0.124913	0.125387	0.120681	0.120681	0.120681	0.120681	0.120681	0.120681	0.123563	0.138421	0.14103	0.148154	0.148154	0.148154	0.148154
0.142687	0.148154	0.148154	0.124963	0.123967	0.12384	0.137951	0.148154	0.148154	0.132039	0.120681	0.121841	0.120681	0.120681	0.120681	0.148154	0.156248	0.148154	0.148154	0.148154	0.148154	0.148154	0.148154	0.148154	0.148154	0.148154	0.148154	0.148154	0.203797	0.120681	0.121315	0.120863	0.120681	0.148154	0.132564	0.120681	0.120681	0.120681	0.123604	0.120681	0.120681	0.120681	0.120681	0.148154	0.148154	0.124567	0.124567	0.124567	0.124567	0.124567	0.124567	0.124567	0.124567	0.124567	0.124567	0.148154	0.148154	0.148154	0.148154	0.148154	0.120681	0.120681	0.120681	0.120681	0.120681	0.120681	0.120681	0.120681	0.131793	0.148154	0.148154	0.148154	0.124567	0.124567
0.143625	0.148154	0.148154	0.125635	0.131327	0.129297	0.129304	0.148154	0.148154	0.13538	0.127961	0.120681	0.123059	0.120681	0.120681	0.158341	0.148154	0.148154	0.148154	0.148154	0.148154	0.148154	0.148154	0.148154	0.148154	0.148154	0.148154	0.148154	0.174216	0.121416	0.120725	0.12071	0.120681	0.148154	0.142178	0.120681	0.120681	0.123761	0.120681	0.120681	0.120681	0.120681	0.120681	0.148154	0.148154	0.124567	0.148291	0.124567	0.124567	0.124567	0.124567	0.124567	0.124567	0.124567	0.124567	0.148154	0.148154	0.148154	0.148154	0.148154	0.120681	0.120681	0.120681	0.120681	0.120681	0.120681	0.120681	0.120681	0.120681	0.148154	0.148154	0.148154	0.124567	0.124567
0.148154	0.120917	0.121233	0.123705	0.133134	0.144204	0.141731	0.141905	0.144888	0.127909	0.148154	0.148154	0.120681	0.148154	0.148154	0.148154	0.148154	0.148154	0.148154	0.148154	0.148154	0.148154	0.148154	0.148154	0.148154	0.148154	0.148154	0.148154	0.12504	0.120958	0.120893	0.120681	0.120681	0.120681	0.148154	0.148154	0.148154	0.120681	0.120681	0.120681	0.120681	0.120681	0.120681	0.120681	0.120681	0.120681	0.131985	0.124567	0.124567	0.124567	0.124567	0.124567	0.124567	0.124567	0.124567	0.124567	0.124567	0.148154	0.120681	0.120681	0.120681	0.120681	0.120681	0.120681	0.120681	0.120681	0.120681	0.120681	0.120681	0.120681	0.148154	0.148154	0.148154	0.148154
0.129491	0.122121	0.121156	0.122758	0.131852	0.147703	0.148154	0.148154	0.148154	0.148154	0.148154	0.148154	0.148154	0.148154	0.148154	0.148154	0.148154	0.148154	0.148154	0.148154	0.148154	0.148154	0.148154	0.148154	0.148154	0.148154	0.148154	0.133325	0.12093	0.120738	0.120811	0.120687	0.120681	0.148154	0.148154	0.220367	0.120681	0.120681	0.120681	0.120681	0.120681	0.120681	0.120681	0.120681	0.120681	0.124567	0.124567	0.124567	0.124567	0.124567	0.124567	0.124567	0.124567	0.124567	0.124567	0.124567	0.124567	0.124567	0.120681	0.129321	0.120681	0.120681	0.120681	0.120681	0.120681	0.120681	0.120681	0.120681	0.120681	0.120681	0.120681	0.120681	0.120681	0.120681
0.133493	0.122881	0.125875	0.122014	0.125601	0.143936	0.148154	0.148154	0.148154	0.148154	0.148154	0.148154	0.148154	0.148154	0.148154	0.148154	0.148154	0.148154	0.148154	0.148154	0.148154	0.148154	0.148154	0.148154	0.148154	0.148154	0.148154	0.12201	0.121129	0.120796	0.120691	0.120683	0.120681	0.148154	0.148154	0.148154	0.120681	0.120681	0.120681	0.120681	0.120681	0.120681	0.120681	0.120681	0.120681	0.124567	0.124567	0.133491	0.124567	0.124567	0.124567	0.124567	0.124567	0.124567	0.124567	0.124567	0.124567	0.124567	0.120681	0.123374	0.120681	0.120681	0.120681	0.120681	0.120681	0.120681	0.120681	0.120681	0.120681	0.120681	0.120681	0.120681	0.120681	0.120681
0.14218	0.123153	0.126167	0.148154	0.123481	0.133469	0.148154	0.148154	0.148154	0.148154	0.148154	0.148154	0.148154	0.148154	0.148154	0.148154	0.148154	0.148154	0.148154	0.148154	0.148154	0.148154	0.148154	0.148154	0.148154	0.141285	0.123041	0.121419	0.120804	0.120687	0.120772	0.120758	0.120681	0.128824	0.148154	0.148154	0.120681	0.120681	0.120681	0.120681	0.120681	0.120837	0.120681	0.12088	0.120721	0.120681	0.124567	0.124567	0.124567	0.124567	0.124567	0.124567	0.124567	0.124567	0.124567	0.124567	0.124567	0.148154	0.120681	0.121572	0.120681	0.148154	0.148154	0.148154	0.120681	0.120681	0.120681	0.120681	0.120681	0.120681	0.120681	0.120681	0.120681	0.120681
0.148154	0.121574	0.128289	0.148154	0.121617	0.127471	0.148154	0.148154	0.148154	0.148154	0.148154	0.148154	0.148154	0.148154	0.148154	0.148154	0.148154	0.148154	0.148154	0.148154	0.148154	0.154402	0.148154	0.148154	0.148154	0.132937	0.122893	0.121018	0.121245	0.120997	0.120684	0.120681	0.120681	0.148154	0.127293	0.120681	0.120681	0.120681	0.120681	0.120681	0.120681	0.120943	0.120824	0.120681	0.120787	0.120681	0.120681	0.120681	0.148154	0.124567	0.124567	0.124567	0.124567	0.124567	0.148154	0.148154	0.148154	0.148154	0.148154	0.148154	0.124567	0.124567	0.124567	0.124567	0.120681	0.120681	0.120681	0.120681	0.120681	0.120681	0.120681	0.120681	0.120681	0.120681
0.148154	0.120681	0.123326	0.148154	0.123079	0.123	0.148154	0.148154	0.148154	0.148154	0.148154	0.148154	0.148154	0.148154	0.148154	0.148154	0.148154	0.148154	0.148154	0.148154	0.148154	0.149709	0.148154	0.148154	0.148154	0.128582	0.121486	0.120874	0.121384	0.120847	0.120681	0.120681	0.120681	0.148154	0.120681	0.120681	0.120681	0.120992	0.121677	0.120681	0.120681	0.120868	0.120681	0.120681	0.120701	0.120681	0.120681	0.120681	0.148154	0.124567	0.124567	0.124567	0.124567	0.124567	0.148154	0.148154	0.148154	0.148154	0.148154	0.148154	0.124567	0.124567	0.124567	0.124567	0.120681	0.120681	0.120681	0.120681	0.120681	0.120681	0.120681	0.120681	0.120681	0.120681
0.148154	0.120681	0.120681	0.148154	0.148154	0.148154	0.148154	0.148154	0.148154	0.148154	0.148154	0.148154	0.148154	0.148154	0.148154	0.148154	0.148154	0.148154	0.148154	0.148154	0.148154	0.148154	0.148154	0.148154	0.148154	0.122314	0.121809	0.121979	0.12139	0.120681	0.120681	0.120781	0.120684	0.120681	0.120681	0.120681	0.120681	0.120681	0.120681	0.120719	0.12076	0.120681	0.120681	0.120681	0.12084	0.120835	0.120681	0.120681	0.120681	0.281833	0.124567	0.124567	0.124567	0.124567	0.148154	0.148154	0.148154	0.148154	0.124567	0.124567	0.124567	0.124567	0.124567	0.124567	0.124567	0.124567	0.120681	0.120681	0.120681	0.120681	0.120681	0.120681	0.120681	0.120681
0.148154	0.124567	0.124567	0.124567	0.124567	0.124567	0.148154	0.148154	0.148154	0.148154	0.148154	0.148154	0.148154	0.148154	0.148154	0.148154	0.148154	0.148154	0.148154	0.148154	0.148154	0.1233	0.120681	0.122568	0.127027	0.123305	0.125411	0.121237	0.120681	0.120681	0.121031	0.120756	0.120681	0.120681	0.120681	0.120739	0.121099	0.120681	0.120925	0.121021	0.120681	0.120681	0.120681	0.120687	0.120859	0.120801	0.120681	0.120681	0.120681	0.124567	0.125413	0.124567	0.124567	0.124567	0.124567	0.148154	0.148154	0.124567	0.124567	0.124567	0.148154	0.124567	0.124567	0.124567	0.120681	0.120681	0.120681	0.120681	0.120681	0.120681	0.120681	0.120681	0.120681	0.120681
0.148154	0.124567	0.124567	0.124567	0.124567	0.124567	0.148154	0.148154	0.148154	0.148154	0.148154	0.148154	0.148154	0.148154	0.148154	0.148154	0.148154	0.148154	0.148154	0.148154	0.148154	0.120681	0.1233	0.137612	0.133079	0.138941	0.123754	0.120681	0.120681	0.120841	0.120805	0.120681	0.120681	0.120681	0.120681	0.120681	0.120681	0.120846	0.121263	0.120681	0.120681	0.120681	0.120681	0.120752	0.120681	0.121338	0.120681	0.120681	0.120681	0.124567	0.259066	0.124567	0.124567	0.124567	0.124567	0.148154	0.148154	0.124751	0.124567	0.124567	0.148154	0.124567	0.124567	0.124567	0.120681	0.120681	0.120681	0.120681	0.120681	0.120681	0.120681	0.120681	0.120681	0.120681
0.124567	0.124567	0.124567	0.124567	0.124567	0.124567	0.124567	0.124567	0.124567	0.124567	0.148154	0.148154	0.148154	0.148154	0.148154	0.148154	0.148154	0.148154	0.148154	0.148154	0.148154	0.148154	0.148154	0.148154	0.148154	0.133079	0.120681	0.120681	0.121265	0.120686	0.120681	0.120681	0.120681	0.120683	0.120681	0.120681	0.120681	0.120727	0.121536	0.120681	0.120681	0.120681	0.120737	0.120681	0.120778	0.121137	0.120681	0.120681	0.120681	0.120681	0.120681	0.140657	0.148154	0.148154	0.124567	0.124567	0.124567	0.124567	0.124567	0.124567	0.124567	0.124567	0.124567	0.124567	0.124567	0.124567	0.124567	0.120681	0.120681	0.120681	0.120681	0.120681	0.120681	0.120681
0.124567	0.124567	0.124567	0.124567	0.124567	0.124567	0.124567	0.124567	0.124567	0.124567	0.148154	0.148154	0.148154	0.148154	0.148154	0.148154	0.148154	0.148154	0.148154	0.148154	0.148154	0.148154	0.148154	0.148154	0.148154	0.120681	0.120681	0.121161	0.120988	0.120681	0.120681	0.120681	0.120809	0.12094	0.121049	0.121359	0.120681	0.120729	0.121368	0.120681	0.120681	0.120805	0.120681	0.120891	0.121058	0.120681	0.120681	0.120681	0.120681	0.120681	0.120681	0.148154	0.182085	0.148154	0.124567	0.124567	0.124567	0.124567	0.148154	0.148154	0.148154	0.148154	0.148154	0.124567	0.148154	0.148154	0.124567	0.120681	0.120681	0.120681	0.120681	0.120681	0.148154	0.148154
0.124567	0.124567	0.124567	0.124567	0.124567	0.124567	0.124567	0.124567	0.124567	0.124567	0.148154	0.148154	0.148154	0.148154	0.148154	0.148154	0.148154	0.148154	0.148154	0.148154	0.148154	0.15323	0.148154	0.148154	0.148154	0.156954	0.123948	0.120766	0.120681	0.120681	0.120681	0.120694	0.120681	0.120711	0.12071	0.120898	0.12086	0.120746	0.121155	0.121049	0.120987	0.120681	0.121099	0.121611	0.120681	0.120681	0.120681	0.120681	0.120681	0.120681	0.120681	0.148154	0.148154	0.150233	0.126321	0.124567	0.124567	0.124567	0.148154	0.148154	0.148154	0.148154	0.148154	0.124567	0.148154	0.148154	0.124567	0.120681	0.120681	0.120681	0.120681	0.122256	0.148154	0.148154
0.124567	0.124567	0.124567	0.124567	0.124567	0.124567	0.124567	0.124567	0.124567	0.148154	0.148154	0.148154	0.148154	0.148154	0.148154	0.148154	0.148154	0.148154	0.148154	0.143794	0.122307	0.121912	0.310022	0.153738	0.140949	0.127045	0.122937	0.120681	0.120681	0.120681	0.120741	0.120868	0.120757	0.120681	0.120681	0.120681	0.120895	0.120681	0.120681	0.120786	0.120681	0.121397	0.122073	0.120681	0.120681	0.120681	0.120681	0.120681	0.120681	0.120681	0.120681	0.120681	0.148154	0.148154	0.344188	0.148154	0.148154	0.148154	0.148154	0.148154	0.148154	0.148154	0.148154	0.148154	0.148154	0.148154	0.124567	0.124567	0.124567	0.120681	0.148154	0.148154	0.124567	0.124567
0.124567	0.124567	0.124567	0.124567	0.124567	0.124567	0.124567	0.124567	0.124567	0.124567	0.148154	0.148154	0.148154	0.148154	0.148154	0.120681	0.148154	0.148154	0.148154	0.123439	0.12215	0.120681	0.148154	0.148154	0.133842	0.125798	0.123883	0.120681	0.120681	0.120926	0.120787	0.120918	0.121653	0.120965	0.120685	0.120733	0.120823	0.120839	0.121365	0.120681	0.121038	0.122187	0.121545	0.120683	0.120681	0.120681	0.120681	0.120681	0.120682	0.120681	0.120681	0.120681	0.120681	0.120681	0.120681	0.166326	0.148154	0.148154	0.148154	0.148154	0.148154	0.124567	0.124567	0.148154	0.124567	0.124567	0.120681	0.124567	0.124567	0.124567	0.148154	0.148154	0.148154	0.148154
0.124567	0.124567	0.124567	0.124567	0.124567	0.124567	0.124567	0.124567	0.124567	0.124567	0.148154	0.148154	0.148154	0.148154	0.148154	0.120681	0.148154	0.148154	0.148154	0.122944	0.120681	0.124894	0.148154	0.148154	0.125221	0.12997	0.134647	0.127395	0.122342	0.12103	0.121308	0.121376	0.12142	0.121309	0.120865	0.120681	0.120681	0.120681	0.12095	0.121687	0.121709	0.12085	0.120681	0.120681	0.120923	0.120681	0.120681	0.120681	0.120681	0.120681	0.120681	0.120681	0.120681	0.120681	0.120681	0.152094	0.158871	0.148154	0.148154	0.148154	0.148154	0.124567	0.124567	0.148154	0.124567	0.124567	0.120681	0.124567	0.124567	0.124567	0.148154	0.148154	0.148154	0.148154
0.124567	0.124567	0.124567	0.124567	0.124567	0.124567	0.124567	0.124567	0.124567	0.124567	0.120681	0.120681	0.148154	0.148154	0.148154	0.148154	0.120681	0.120681	0.148154	0.120681	0.127517	0.135129	0.136611	0.136205	0.134889	0.13965	0.129634	0.125871	0.12248	0.121616	0.122064	0.121059	0.121732	0.121478	0.121187	0.120926	0.120998	0.120733	0.12556	0.134185	0.12212	0.120681	0.120681	0.120681	0.120681	0.120947	0.120681	0.120681	0.120681	0.120681	0.120681	0.120731	0.120681	0.120681	0.120681	0.148154	0.148154	0.148154	0.124567	0.124567	0.124567	0.124567	0.124567	0.148154	0.148154	0.148154	0.124567	0.124567	0.124567	0.124567	0.124567	0.124567	0.124567	0.124567
0.124567	0.124567	0.124567	0.124567	0.124567	0.124567	0.124567	0.124567	0.124567	0.124567	0.124567	0.124567	0.124567	0.148154	0.148154	0.148154	0.124567	0.124567	0.120681	0.148154	0.148154	0.148154	0.148154	0.148154	0.148154	0.134968	0.126111	0.123251	0.124602	0.131609	0.122548	0.122255	0.122343	0.121669	0.121355	0.121283	0.121785	0.148154	0.148154	0.125472	0.120681	0.120681	0.120681	0.120681	0.121394	0.120681	0.121256	0.121503	0.120681	0.120681	0.120681	0.120681	0.120681	0.120681	0.120681	0.120681	0.120681	0.31244	0.148154	0.148154	0.148154	0.124567	0.124567	0.124567	0.124567	0.124567	0.124567	0.124567	0.124567	0.124567	0.120681	0.120681	0.124567	0.124567
0.124567	0.124567	0.124567	0.124567	0.124567	0.124567	0.124567	0.124567	0.124567	0.124567	0.124567	0.124567	0.124567	0.148154	0.148154	0.148154	0.124567	0.124567	0.120681	0.148154	0.148154	0.148154	0.148154	0.148154	0.148154	0.135554	0.124248	0.12648	0.144541	0.12971	0.133674	0.126189	0.12166	0.12111	0.12214	0.122853	0.120681	0.148154	0.148154	0.120681	0.120681	0.120681	0.120681	0.120742	0.120681	0.120743	0.120681	0.12094	0.120681	0.120843	0.120681	0.120681	0.120681	0.120855	0.120681	0.120681	0.120681	0.148154	0.156184	0.148154	0.148154	0.124567	0.124567	0.124567	0.124567	0.125457	0.124567	0.124567	0.124567	0.124567	0.120681	0.120681	0.124567	0.124567
0.124567	0.124567	0.124567	0.124567	0.124567	0.124567	0.124567	0.124567	0.124567	0.124567	0.124567	0.124567	0.124567	0.148154	0.148154	0.148154	0.148154	0.148154	0.124567	0.120681	0.120681	0.124567	0.124567	0.124567	0.120681	0.128233	0.135295	0.148154	0.135048	0.143051	0.138184	0.1299	0.123987	0.120681	0.134518	0.120681	0.148154	0.166632	0.125714	0.122228	0.128797	0.122465	0.121388	0.120681	0.120782	0.120681	0.120681	0.120709	0.120681	0.120681	0.120802	0.120681	0.120681	0.121023	0.120681	0.120681	0.120681	0.120681	0.120681	0.120681	0.141625	0.124567	0.124567	0.124567	0.124567	0.124567	0.124567	0.124567	0.124567	0.124567	0.124567	0.124567	0.120681	0.120681
0.124567	0.124567	0.124567	0.124567	0.124567	0.124567	0.124567	0.124567	0.124567	0.124567	0.124567	0.124567	0.124567	0.148154	0.148154	0.148154	0.148154	0.148154	0.148154	0.120681	0.120681	0.120681	0.124567	0.124567	0.120681	0.148154	0.148154	0.148154	0.148154	0.148154	0.135554	0.127367	0.125686	0.13245	0.120681	0.120681	0.138587	0.124106	0.120681	0.120681	0.120681	0.121508	0.120681	0.120978	0.120681	0.120681	0.120681	0.120681	0.120681	0.120681	0.120868	0.120681	0.120738	0.120681	0.120681	0.120681	0.120681	0.120681	0.120681	0.120681	0.120681	0.124567	0.124567	0.124567	0.124567	0.124567	0.124567	0.124567	0.124567	0.124567	0.124567	0.124567	0.148154	0.148154
0.124567	0.124567	0.124567	0.124567	0.124567	0.124567	0.124567	0.124567	0.124567	0.124567	0.124567	0.124567	0.124567	0.148154	0.148154	0.148154	0.148154	0.148154	0.148154	0.120681	0.120681	0.120681	0.124567	0.124567	0.120681	0.148154	0.148154	0.148154	0.148154	0.148154	0.135824	0.126495	0.143207	0.141568	0.120681	0.120681	0.132937	0.120681	0.142609	0.120681	0.121679	0.120681	0.120681	0.120681	0.121352	0.120697	0.120681	0.120681	0.120681	0.120681	0.120681	0.121365	0.120681	0.120681	0.120681	0.120681	0.120681	0.120681	0.120681	0.120681	0.120681	0.124567	0.296819	0.124567	0.124567	0.124567	0.124567	0.124567	0.124567	0.124567	0.124567	0.124567	0.148154	0.148154
0.148154	0.148154	0.148154	0.124567	0.124567	0.124567	0.124567	0.124567	0.124567	0.124567	0.124567	0.124567	0.124567	0.148154	0.148154	0.148154	0.148154	0.148154	0.148154	0.148154	0.148154	0.120681	0.120681	0.120681	0.124567	0.148154	0.148154	0.148154	0.148154	0.148154	0.14004	0.148154	0.148154	0.148154	0.120681	0.120681	0.120681	0.120681	0.120681	0.120681	0.124567	0.124567	0.120681	0.120681	0.121669	0.120681	0.121329	0.120681	0.120689	0.120681	0.120787	0.120681	0.120681	0.120681	0.120681	0.120681	0.120681	0.120681	0.120681	0.120681	0.120681	0.124567	0.124567	0.124567	0.124567	0.124567	0.124567	0.124567	0.124567	0.124567	0.124567	0.124567	0.124567	0.124567
0.124567	0.120681	0.120681	0.124567	0.124567	0.124567	0.124567	0.124567	0.124567	0.124567	0.124567	0.124567	0.124567	0.124567	0.124567	0.148154	0.148154	0.148154	0.148154	0.148154	0.148154	0.124567	0.124567	0.124567	0.124567	0.120681	0.120681	0.148154	0.148154	0.148154	0.148154	0.148154	0.148154	0.148154	0.124567	0.124567	0.120681	0.120681	0.120681	0.125119	0.120681	0.120681	0.120681	0.121753	0.120681	0.12088	0.120681	0.121013	0.120681	0.121897	0.120681	0.120681	0.120681	0.120681	0.120681	0.120681	0.120681	0.120681	0.120681	0.120681	0.120681	0.120681	0.120681	0.124567	0.124567	0.124567	0.124567	0.124567	0.124567	0.124567	0.124567	0.124567	0.124567	0.124567
0.126921	0.120681	0.120681	0.124567	0.12537	0.124567	0.124567	0.124567	0.124567	0.124567	0.124567	0.124567	0.124567	0.124567	0.124567	0.148154	0.148154	0.148154	0.148154	0.148154	0.148154	0.124567	0.124567	0.124567	0.124567	0.120681	0.120681	0.148154	0.148154	0.148154	0.148154	0.148154	0.148154	0.148154	0.124567	0.124567	0.121932	0.120681	0.120681	0.145271	0.120681	0.120681	0.124767	0.120681	0.120701	0.120681	0.120681	0.120681	0.120806	0.121753	0.120681	0.120681	0.120681	0.120681	0.120798	0.120681	0.120681	0.120681	0.120681	0.121926	0.120681	0.120681	0.120681	0.124567	0.124567	0.124567	0.124567	0.124567	0.124567	0.124567	0.124567	0.124567	0.124567	0.124567
0.124567	0.125447	0.14463	0.28964	0.124567	0.124567	0.124567	0.124567	0.124567	0.124567	0.124567	0.124567	0.124567	0.124567	0.124567	0.124567	0.148154	0.148154	0.148154	0.148154	0.148154	0.148154	0.124567	0.124567	0.124567	0.120681	0.120681	0.148154	0.148154	0.148154	0.148154	0.124567	0.124567	0.120681	0.120681	0.120681	0.124567	0.124567	0.124567	0.148154	0.148154	0.148154	0.120681	0.120844	0.120681	0.120681	0.120681	0.120681	0.120681	0.121975	0.120681	0.120681	0.120681	0.120681	0.120681	0.120681	0.120681	0.120681	0.120681	0.120681	0.121282	0.120681	0.120681	0.120681	0.124567	0.124567	0.241232	0.124567	0.124567	0.124567	0.124567	0.124567	0.124567	0.124567
0.124567	0.124567	0.124567	0.124567	0.155776	0.124567	0.124567	0.124567	0.124567	0.124567	0.124567	0.124567	0.124567	0.124567	0.124567	0.124567	0.124567	0.124567	0.124567	0.148154	0.148154	0.148154	0.120681	0.120681	0.120681	0.120681	0.120681	0.120681	0.124567	0.124567	0.148154	0.124567	0.124567	0.124567	0.124567	0.124567	0.124567	0.120681	0.128051	0.129908	0.120681	0.120681	0.122224	0.120681	0.120824	0.120681	0.120681	0.120906	0.120681	0.12108	0.121282	0.120681	0.120681	0.120681	0.120681	0.120681	0.120681	0.120697	0.120681	0.120681	0.120929	0.120681	0.120681	0.120681	0.120681	0.120681	0.124567	0.135528	0.124567	0.124567	0.124567	0.124567	0.124567	0.124567
0.124567	0.124567	0.124567	0.126152	0.124567	0.124567	0.124567	0.124567	0.124567	0.124567	0.124567	0.124567	0.124567	0.124567	0.124567	0.124567	0.124567	0.124567	0.124567	0.148154	0.148154	0.148154	0.120681	0.120681	0.120681	0.120681	0.120681	0.120681	0.124567	0.124567	0.148154	0.124567	0.124567	0.124567	0.124567	0.124567	0.124567	0.140179	0.124023	0.135355	0.120681	0.122438	0.120681	0.120681	0.121307	0.120894	0.120681	0.120966	0.120711	0.120864	0.120681	0.120681	0.121234	0.120681	0.120681	0.12077	0.120749	0.120681	0.120681	0.1207	0.120681	0.120681	0.120681	0.120681	0.120681	0.122566	0.124567	0.125781	0.124567	0.124567	0.124567	0.124567	0.124567	0.124567
0.148154	0.124567	0.124567	0.160319	0.124567	0.124567	0.124567	0.124567	0.124567	0.124567	0.124567	0.124567	0.124567	0.124567	0.124567	0.124567	0.124567	0.124567	0.120681	0.120681	0.120681	0.148154	0.120681	0.120681	0.124567	0.120681	0.120681	0.120681	0.124567	0.124567	0.120681	0.120681	0.120681	0.148154	0.148154	0.148154	0.148154	0.135966	0.139162	0.14635	0.126107	0.124244	0.120681	0.120862	0.121228	0.121005	0.120727	0.12079	0.121437	0.120681	0.120681	0.120681	0.120681	0.120681	0.120681	0.120683	0.120681	0.120681	0.120681	0.120681	0.120681	0.120681	0.120681	0.120681	0.148154	0.148154	0.148154	0.148154	0.148154	0.124567	0.124567	0.124567	0.124567	0.124567
0.124567	0.124567	0.124567	0.148154	0.148154	0.148154	0.124567	0.124567	0.124567	0.124567	0.124567	0.124567	0.124567	0.124567	0.124567	0.124567	0.124567	0.124567	0.124567	0.120681	0.120681	0.148154	0.148154	0.148154	0.120681	0.120681	0.120681	0.124567	0.120681	0.120681	0.120681	0.120681	0.120681	0.124567	0.148154	0.148154	0.148154	0.148154	0.148154	0.136242	0.12976	0.120681	0.124037	0.121567	0.121317	0.121018	0.121027	0.122661	0.120681	0.120681	0.120681	0.120855	0.120681	0.120681	0.120864	0.120681	0.120681	0.120985	0.120681	0.120681	0.120681	0.120681	0.120681	0.120681	0.120681	0.120681	0.120681	0.159997	0.148154	0.148154	0.124567	0.124567	0.124567	0.124567
0.124567	0.124567	0.124567	0.204784	0.148154	0.148154	0.124567	0.124567	0.124567	0.124567	0.124567	0.124567	0.124567	0.124567	0.124567	0.124567	0.124567	0.124567	0.124567	0.120681	0.120681	0.148154	0.148154	0.148154	0.120681	0.120681	0.120681	0.124567	0.120681	0.120681	0.120681	0.120681	0.120681	0.124567	0.148154	0.148154	0.148154	0.148154	0.148154	0.184746	0.120681	0.129766	0.124253	0.121419	0.121468	0.121238	0.120812	0.121226	0.121564	0.120681	0.120681	0.121003	0.120871	0.121227	0.120681	0.120759	0.120854	0.120681	0.120681	0.120681	0.120681	0.120681	0.120681	0.120681	0.120681	0.120681	0.120681	0.148154	0.148154	0.148154	0.124567	0.124567	0.124567	0.124567
0.124567	0.124567	0.124567	0.148154	0.155725	0.150732	0.273089	0.125412	0.124567	0.124567	0.124567	0.124567	0.124567	0.124567	0.124567	0.124567	0.124567	0.124567	0.124567	0.120681	0.120681	0.120681	0.120681	0.120681	0.124567	0.120681	0.120681	0.120681	0.124567	0.124567	0.124567	0.120681	0.120681	0.148154	0.123912	0.128774	0.148154	0.140322	0.142683	0.148154	0.144788	0.130659	0.123765	0.122032	0.122608	0.122502	0.121093	0.121485	0.120681	0.120681	0.121216	0.120864	0.122278	0.120681	0.12085	0.120948	0.120681	0.120681	0.120681	0.120681	0.120681	0.120681	0.120681	0.120681	0.120681	0.120681	0.148154	0.120681	0.120681	0.148154	0.124567	0.124567	0.124567	0.124567
0.133916	0.148154	0.148154	0.124567	0.124567	0.12505	0.148154	0.148154	0.148154	0.124567	0.124567	0.124567	0.124567	0.124567	0.124567	0.124567	0.124567	0.124567	0.124567	0.124567	0.124567	0.124567	0.120681	0.120681	0.124567	0.120681	0.120681	0.120681	0.120681	0.120681	0.120681	0.120681	0.120681	0.148154	0.148154	0.148154	0.148154	0.148154	0.148154	0.148154	0.14345	0.12843	0.123065	0.123134	0.12316	0.12212	0.123103	0.120681	0.120681	0.121627	0.121305	0.125714	0.120681	0.12078	0.122345	0.120681	0.120681	0.120681	0.120681	0.120681	0.120681	0.120681	0.120681	0.120681	0.120681	0.120681	0.120681	0.120681	0.120681	0.120681	0.148154	0.248284	0.124567	0.124567
0.138587	0.148154	0.148154	0.124567	0.124567	0.124567	0.148154	0.148154	0.148154	0.124567	0.124567	0.124567	0.124567	0.124567	0.124567	0.124567	0.124567	0.124567	0.124567	0.124567	0.124567	0.124567	0.120681	0.120681	0.124567	0.120681	0.120681	0.120681	0.120681	0.120681	0.120681	0.120681	0.120681	0.148154	0.148154	0.148154	0.148154	0.148154	0.148154	0.148154	0.14025	0.128051	0.130723	0.130889	0.122723	0.124734	0.120681	0.120681	0.127508	0.122227	0.143386	0.120681	0.120927	0.120681	0.1209	0.128265	0.120681	0.120681	0.120681	0.120681	0.120775	0.120681	0.120681	0.120681	0.120681	0.120681	0.120681	0.120681	0.120681	0.120681	0.148154	0.148154	0.124875	0.124567
0.148154	0.124567	0.124567	0.124567	0.124567	0.124712	0.120681	0.148154	0.150732	0.148154	0.124567	0.124567	0.124567	0.124567	0.124567	0.124567	0.124567	0.124567	0.124567	0.124567	0.124567	0.124567	0.124567	0.124567	0.124567	0.120681	0.120681	0.120681	0.120681	0.120681	0.120681	0.120681	0.120681	0.120681	0.148154	0.148154	0.18654	0.148154	0.148154	0.148154	0.140179	0.149386	0.149748	0.129445	0.137211	0.14313	0.235899	0.157713	0.12807	0.148154	0.148154	0.120681	0.122338	0.120681	0.148154	0.120823	0.120681	0.120681	0.120681	0.120683	0.120681	0.120681	0.120681	0.120681	0.120681	0.120682	0.120681	0.120681	0.120681	0.120681	0.148154	0.148154	0.124567	0.124567
0.148154	0.120681	0.120681	0.124567	0.124567	0.124567	0.124567	0.148154	0.273526	0.148154	0.148154	0.148154	0.124567	0.148154	0.148154	0.124567	0.124567	0.124567	0.124567	0.124567	0.124567	0.124567	0.124567	0.124567	0.120681	0.120681	0.120681	0.120681	0.120681	0.120681	0.120681	0.120681	0.120681	0.148154	0.148154	0.148154	0.148154	0.148154	0.148154	0.148154	0.148154	0.148154	0.144109	0.148154	0.148154	0.148154	0.182122	0.12699	0.143254	0.148154	0.148154	0.126132	0.120974	0.120963	0.120762	0.120681	0.120681	0.120681	0.120684	0.120681	0.120681	0.120681	0.120681	0.120681	0.120681	0.120681	0.120681	0.120681	0.120681	0.120681	0.120681	0.120681	0.148154	0.148154
0.148154	0.120681	0.120681	0.124567	0.124567	0.124567	0.124567	0.312856	0.148154	0.148154	0.160933	0.158593	0.124976	0.148154	0.148154	0.124567	0.124567	0.124567	0.124567	0.124567	0.124567	0.124567	0.124567	0.124567	0.120681	0.120681	0.120681	0.120681	0.120681	0.120681	0.120681	0.120681	0.120681	0.148154	0.148154	0.148154	0.148154	0.148154	0.148154	0.148154	0.148154	0.148154	0.14335	0.148154	0.148154	0.148154	0.13138	0.141352	0.139862	0.148154	0.148154	0.120961	0.120731	0.120857	0.120681	0.120681	0.120681	0.120681	0.120681	0.120681	0.120765	0.120791	0.120681	0.1207	0.120681	0.120681	0.120681	0.120681	0.120681	0.120681	0.120681	0.120681	0.148154	0.148154
0.148154	0.124567	0.124567	0.124567	0.120681	0.120681	0.120681	0.124567	0.124567	0.148154	0.148154	0.148154	0.148154	0.148154	0.148154	0.120681	0.124567	0.124567	0.124567	0.124567	0.124567	0.124567	0.124567	0.124567	0.124567	0.120681	0.120681	0.120681	0.120681	0.120681	0.120681	0.124567	0.124567	0.148154	0.148154	0.148154	0.148154	0.148154	0.148154	0.148154	0.148154	0.148154	0.15484	0.148154	0.148154	0.171965	0.148154	0.148154	0.120681	0.121696	0.12123	0.121096	0.121071	0.120681	0.120681	0.120681	0.120685	0.120681	0.120681	0.120708	0.120809	0.120681	0.120681	0.120681	0.120685	0.120681	0.120681	0.120681	0.120681	0.120681	0.120681	0.120681	0.120681	0.120681
0.148154	0.148154	0.148154	0.123725	0.124567	0.124567	0.124567	0.271809	0.148154	0.148154	0.148154	0.148154	0.122617	0.13103	0.124366	0.120681	0.124567	0.124567	0.124567	0.124567	0.124567	0.124567	0.124567	0.124567	0.124567	0.124567	0.124567	0.124567	0.124567	0.124567	0.120681	0.120681	0.120681	0.148154	0.148154	0.148154	0.148154	0.148154	0.148154	0.148154	0.148154	0.148154	0.148154	0.148154	0.148154	0.172322	0.132253	0.124115	0.122809	0.121371	0.120895	0.120987	0.120681	0.120681	0.120681	0.120987	0.120681	0.120681	0.120684	0.120681	0.120681	0.120681	0.120681	0.120711	0.120681	0.120681	0.120681	0.120681	0.120681	0.120681	0.120681	0.120681	0.120681	0.120681
0.148154	0.148154	0.148154	0.120681	0.124567	0.124567	0.124567	0.148154	0.157339	0.148154	0.148154	0.148154	0.120681	0.120681	0.120681	0.120681	0.124567	0.124567	0.124567	0.124567	0.124567	0.124567	0.124567	0.124567	0.124567	0.124567	0.124567	0.124567	0.124567	0.124567	0.120681	0.120681	0.120681	0.148154	0.148154	0.148154	0.148154	0.148154	0.148154	0.148154	0.148154	0.148154	0.148154	0.148154	0.148154	0.171273	0.131257	0.127596	0.121784	0.12093	0.120815	0.120681	0.120681	0.120681	0.120681	0.120681	0.120831	0.121064	0.121319	0.120681	0.120681	0.120681	0.120681	0.121449	0.120681	0.120681	0.120681	0.120681	0.120681	0.120681	0.120681	0.120681	0.120681	0.120681
0.148154	0.120681	0.120681	0.120681	0.124567	0.124567	0.120681	0.124567	0.124567	0.120681	0.137823	0.124567	0.148154	0.120681	0.120681	0.120681	0.120681	0.120681	0.124567	0.124567	0.124567	0.124567	0.124567	0.124567	0.124567	0.124567	0.124567	0.124567	0.120681	0.120681	0.120681	0.124567	0.124567	0.120681	0.148154	0.148154	0.148154	0.128412	0.139776	0.148154	0.148154	0.148154	0.148154	0.148154	0.148154	0.150384	0.141347	0.123288	0.120946	0.120683	0.120681	0.120681	0.120681	0.120681	0.120681	0.121128	0.120986	0.121385	0.120681	0.120834	0.120681	0.120681	0.120766	0.121029	0.120681	0.120681	0.120681	0.120681	0.120681	0.120681	0.120681	0.120681	0.120681	0.120681
0.120681	0.120681	0.120681	0.120681	0.124567	0.124567	0.124567	0.120681	0.120681	0.120681	0.124567	0.180494	0.120681	0.120681	0.120681	0.120681	0.120681	0.120681	0.124567	0.124567	0.124567	0.124567	0.124567	0.124567	0.120681	0.120681	0.120681	0.120681	0.120681	0.120681	0.120681	0.124567	0.124567	0.120681	0.120681	0.122284	0.148154	0.148154	0.148154	0.148154	0.148154	0.148154	0.148154	0.148154	0.148154	0.148154	0.130191	0.121485	0.12123	0.120681	0.120681	0.120681	0.120681	0.120681	0.121139	0.121183	0.123952	0.120681	0.120681	0.120681	0.121212	0.120825	0.120889	0.120681	0.120681	0.120681	0.120681	0.120681	0.120681	0.120681	0.120681	0.120681	0.120681	0.120681
0.120681	0.120681	0.120681	0.120681	0.124567	0.124567	0.124567	0.120681	0.120681	0.120681	0.124567	0.124567	0.120681	0.120681	0.120681	0.120681	0.120681	0.120681	0.124567	0.124567	0.124567	0.124567	0.124567	0.124567	0.120681	0.120681	0.120681	0.120681	0.120681	0.120681	0.120681	0.124567	0.124567	0.120681	0.123798	0.124084	0.148154	0.148154	0.148154	0.148154	0.148154	0.148154	0.148154	0.148154	0.148154	0.148154	0.121319	0.121244	0.120681	0.120681	0.120681	0.120681	0.120681	0.120681	0.120909	0.120916	0.121113	0.122525	0.120681	0.121072	0.120897	0.120855	0.120681	0.120681	0.120681	0.120681	0.120681	0.120681	0.120681	0.120681	0.120681	0.120681	0.120681	0.120681
0.120681	0.120681	0.120681	0.148154	0.148154	0.148154	0.124567	0.124567	0.124567	0.124567	0.124567	0.124567	0.124567	0.120681	0.120681	0.148154	0.120681	0.120681	0.124567	0.124567	0.124567	0.124567	0.124567	0.124567	0.124567	0.124567	0.124567	0.124567	0.120681	0.120681	0.120681	0.124567	0.124567	0.148154	0.148154	0.148154	0.148154	0.148154	0.148154	0.148154	0.148154	0.148154	0.148154	0.134945	0.123667	0.121417	0.120961	0.120681	0.120681	0.120681	0.120681	0.120681	0.121254	0.120725	0.121458	0.121439	0.121862	0.120681	0.12108	0.120947	0.120949	0.120681	0.120681	0.120681	0.120681	0.120681	0.120681	0.120681	0.120681	0.120681	0.120681	0.120681	0.120681	0.120681
0.120681	0.120681	0.120681	0.121296	0.120698	0.120681	0.124567	0.124567	0.124567	0.124567	0.124567	0.124567	0.124567	0.148154	0.151022	0.148154	0.124567	0.124567	0.124567	0.124567	0.124567	0.124567	0.124567	0.124567	0.124567	0.124567	0.124567	0.124567	0.120681	0.120681	0.120681	0.148154	0.148154	0.148154	0.148154	0.148154	0.148154	0.148154	0.148154	0.148154	0.148154	0.148154	0.148154	0.129866	0.121848	0.121045	0.120681	0.120681	0.120681	0.120681	0.120681	0.122717	0.122389	0.122686	0.121201	0.125987	0.120681	0.12124	0.120948	0.121085	0.120681	0.120681	0.120681	0.120681	0.120681	0.120681	0.120681	0.120681	0.120681	0.120681	0.120681	0.120681	0.120681	0.120681
0.120681	0.120681	0.121929	0.121222	0.120725	0.120681	0.124567	0.124567	0.124567	0.124567	0.124567	0.124567	0.124567	0.148154	0.28152	0.159121	0.124567	0.124567	0.124567	0.124567	0.124567	0.124567	0.124567	0.124567	0.124567	0.124567	0.124567	0.124567	0.120681	0.120681	0.120681	0.148154	0.148154	0.148154	0.148154	0.148154	0.148154	0.148154	0.148154	0.148154	0.148154	0.148154	0.148154	0.124239	0.121249	0.120681	0.120681	0.120681	0.120681	0.120681	0.124935	0.125024	0.128029	0.121908	0.122819	0.126871	0.122223	0.121238	0.121646	0.120681	0.120681	0.120681	0.120681	0.120681	0.120681	0.120681	0.120681	0.120681	0.120681	0.120681	0.120681	0.120681	0.120681	0.120681
0.120681	0.125304	0.12155	0.121067	0.121047	0.120681	0.148154	0.120681	0.120681	0.124567	0.124567	0.124567	0.124567	0.124567	0.124567	0.148154	0.148154	0.149703	0.124567	0.124567	0.124567	0.124567	0.124567	0.124567	0.124567	0.124567	0.124567	0.124567	0.124567	0.124567	0.148154	0.124567	0.124567	0.148154	0.148154	0.148154	0.148154	0.148154	0.148154	0.129699	0.128233	0.128586	0.128648	0.122186	0.120681	0.120681	0.120681	0.120681	0.120681	0.12901	0.130194	0.14615	0.130323	0.137017	0.139707	0.124501	0.121243	0.121391	0.120681	0.120681	0.120681	0.120681	0.120681	0.120681	0.120681	0.120681	0.120681	0.120681	0.120681	0.120681	0.120681	0.120681	0.120681	0.120681
0.148154	0.126132	0.122517	0.1218	0.122202	0.120681	0.125395	0.120681	0.120681	0.148154	0.120681	0.120681	0.124567	0.124567	0.124567	0.148154	0.148154	0.148154	0.136438	0.243597	0.124567	0.124567	0.124567	0.124567	0.124567	0.124567	0.124567	0.124567	0.124567	0.124567	0.124567	0.124567	0.124567	0.148154	0.148154	0.148154	0.148154	0.148154	0.148154	0.148154	0.148154	0.148154	0.123207	0.120681	0.120681	0.120681	0.120681	0.120681	0.148154	0.148154	0.148154	0.140322	0.148154	0.148154	0.138366	0.12363	0.125069	0.120681	0.120681	0.120681	0.120681	0.120681	0.120681	0.120681	0.120681	0.120681	0.120681	0.120681	0.120681	0.120681	0.120681	0.120681	0.120681	0.120681
0.148154	0.125304	0.125931	0.125835	0.120681	0.134546	0.13553	0.120681	0.120681	0.148154	0.120681	0.120681	0.124567	0.124567	0.124567	0.148154	0.148154	0.148154	0.124567	0.124567	0.126065	0.124567	0.124567	0.124567	0.124567	0.124567	0.124567	0.124567	0.124567	0.124567	0.124567	0.124567	0.124567	0.148154	0.148154	0.148154	0.148154	0.148154	0.148154	0.148154	0.148154	0.148154	0.120681	0.120681	0.120681	0.120681	0.120681	0.127765	0.148154	0.148154	0.148154	0.134889	0.148154	0.148154	0.132798	0.139986	0.12178	0.120681	0.120681	0.120681	0.120681	0.120681	0.120681	0.120681	0.120681	0.120681	0.120681	0.120681	0.120681	0.120681	0.120681	0.120681	0.120681	0.120681
0.148154	0.148154	0.148154	0.120681	0.148154	0.148211	0.120681	0.120681	0.120681	0.120681	0.124567	0.124567	0.124567	0.124567	0.124567	0.124567	0.148154	0.148154	0.124567	0.148154	0.148154	0.148154	0.124567	0.124567	0.124567	0.124567	0.124567	0.124567	0.124567	0.124567	0.124567	0.124567	0.124567	0.124567	0.148154	0.148154	0.148154	0.120681	0.120681	0.120681	0.120681	0.120681	0.120681	0.120681	0.120681	0.120681	0.123353	0.130024	0.148154	0.148154	0.148154	0.127344	0.148154	0.148154	0.148154	0.12454	0.120681	0.120681	0.120681	0.120681	0.120681	0.120681	0.120681	0.120681	0.120681	0.120681	0.120681	0.120681	0.120681	0.120681	0.120681	0.120681	0.120681	0.120681
0.124567	0.124567	0.124567	0.148154	0.120681	0.120681	0.120681	0.120681	0.120681	0.120681	0.120681	0.120681	0.124567	0.124567	0.124567	0.120681	0.124567	0.124567	0.148154	0.149588	0.148154	0.148154	0.291253	0.124567	0.124567	0.124567	0.124567	0.124567	0.124567	0.124567	0.124567	0.124567	0.124567	0.124567	0.120681	0.120681	0.120681	0.120681	0.120681	0.120681	0.120681	0.120681	0.120681	0.120681	0.120681	0.148154	0.148154	0.148154	0.148154	0.148154	0.148154	0.12265	0.148154	0.148154	0.122944	0.120681	0.120681	0.120681	0.120681	0.120681	0.120681	0.120681	0.120681	0.120681	0.120681	0.120681	0.120681	0.120681	0.120681	0.120681	0.120681	0.120681	0.120681	0.120681
0.124567	0.124567	0.124567	0.148154	0.120681	0.120681	0.120681	0.120681	0.120681	0.120681	0.120681	0.120681	0.124567	0.124567	0.124567	0.120681	0.124567	0.124567	0.148154	0.148154	0.148436	0.148154	0.124567	0.126041	0.124567	0.124567	0.124567	0.124567	0.124567	0.124567	0.124567	0.124567	0.124567	0.124567	0.120681	0.120681	0.120681	0.120681	0.120681	0.120681	0.120681	0.120681	0.120681	0.120681	0.120681	0.148154	0.148154	0.148154	0.148154	0.148154	0.148154	0.120681	0.148154	0.148154	0.120681	0.120681	0.120681	0.120681	0.120681	0.120681	0.120681	0.120681	0.120681	0.120681	0.120681	0.120681	0.120681	0.120681	0.120681	0.120681	0.120681	0.120681	0.120681	0.120681
