Crust moisture [-]
0.567203	0.583051	0.567237	0.567237	0.567237	0.567237	0.567237	0.566369	0.566369	0.566369	0.566369	0.566369	0.566369	0.621435	0.566369	0.566369	0.566369	0.566369	0.566369	0.566369	0.566369	0.566369	0.566369	0.566369	0.566369	0.566369	0.566369	0.566369	0.566369	0.566369	0.566369	0.566369	0.566369	0.566369	0.566369	0.566369	0.566369	0.566369	0.566369	0.566369	0.566369	0.566369	0.566369	0.566369	0.566369	0.566369	0.566369	0.566369	0.566369	0.566369	0.566369	0.566369	0.566369	0.566369	0.566369	0.566369	0.566369	0.566369	0.566369	0.566369	0.566369	0.566369	0.566369	0.566369	0.566369	0.566369	0.566369	0.566369	0.566369	0.566369	0.566369	0.566369	0.566369	0.566369
0.566369	0.566369	0.566369	0.566369	0.566369	0.566369	0.566369	0.566369	0.566369	0.566369	0.566369	0.566369	0.566369	0.621435	0.566369	0.566369	0.566369	0.566369	0.566369	0.566369	0.566369	0.566369	0.566369	0.566369	0.566369	0.566369	0.566369	0.566369	0.567237	0.566369	0.566369	0.566369	0.566369	0.566369	0.566369	0.566369	0.566369	0.566369	0.566369	0.566369	0.566369	0.566369	0.566369	0.566369	0.566369	0.566369	0.566369	0.566369	0.566369	0.566369	0.566369	0.566369	0.566369	0.566369	0.566369	0.566369	0.566369	0.566369	0.566369	0.566369	0.566369	0.566369	0.566369	0.566369	0.566369	0.566369	0.566369	0.566369	0.566369	0.566369	0.566369	0.566369	0.566369	0.566369
0.566369	0.566369	0.566369	0.566369	0.566369	0.566369	0.566369	0.566369	0.566369	0.566369	0.566369	0.566369	0.566369	0.566369	0.629665	0.566369	0.566369	0.566369	0.566369	0.566369	0.566369	0.566369	0.566369	0.566731	0.566369	0.566369	0.566369	0.566369	0.566369	0.566369	0.566369	0.566369	0.566369	0.566369	0.566369	0.566369	0.566369	0.566369	0.566369	0.566369	0.566369	0.566369	0.566369	0.566369	0.566369	0.566369	0.566369	0.566369	0.566369	0.566369	0.566369	0.566369	0.566369	0.566369	0.566369	0.566369	0.566369	0.566369	0.566369	0.566369	0.566369	0.566369	0.566369	0.566369	0.566369	0.566369	0.566369	0.566369	0.566369	0.566369	0.566369	0.566369	0.566369	0.566369
0.566369	0.566369	0.566369	0.566369	0.566369	0.566369	0.566369	0.566369	0.566369	0.566369	0.566369	0.566369	0.566369	0.617756	0.674402	0.621435	0.566369	0.566369	0.566369	0.566369	0.566369	0.566369	0.566369	0.566369	0.567237	0.566369	0.566369	0.566369	0.566369	0.566369	0.566369	0.566369	0.566369	0.566369	0.566369	0.566369	0.566369	0.566369	0.566369	0.566369	0.566369	0.566369	0.566369	0.566369	0.566369	0.566369	0.566369	0.566369	0.566369	0.566369	0.566369	0.566369	0.566369	0.566369	0.566369	0.566369	0.566369	0.566369	0.566369	0.566369	0.566369	0.566369	0.566369	0.566369	0.566369	0.566369	0.566369	0.566369	0.566369	0.566369	0.566369	0.566369	0.566369	0.566369
0.566369	0.566369	0.566369	0.566369	0.567237	0.566369	0.566369	0.566369	0.566369	0.566369	0.566369	0.566369	0.6121	0.566369	0.566369	0.674402	0.621435	0.621435	0.573717	0.566369	0.566369	0.566369	0.566369	0.566369	0.567237	0.566369	0.566369	0.566369	0.566369	0.566369	0.96143	0.566369	0.566369	0.566369	0.566369	0.566369	0.566369	0.566369	0.566369	0.566369	0.566369	0.566369	0.566369	0.566369	0.566369	0.566369	0.566369	0.566369	0.566369	0.566369	0.566369	0.566369	0.566369	0.566369	0.566369	0.566369	0.566369	0.566369	0.566369	0.566369	0.566369	0.566369	0.566369	0.566369	0.566369	0.566369	0.566369	0.566369	0.566369	0.566369	0.566369	0.566369	0.566369	0.566369
0.574405	0.566369	0.566369	0.566369	0.566369	0.566369	0.566369	0.566369	0.566369	0.566369	0.566369	0.6121	0.566369	0.566369	0.566369	0.566369	0.727124	0.566369	0.566369	0.573717	0.566369	0.566369	0.566369	0.566369	0.566369	0.566369	0.566369	0.566369	0.566369	0.566369	0.566369	0.566369	0.566369	1	0.567237	0.566369	0.566369	0.566369	0.566369	0.566369	0.566369	0.566369	0.566369	0.566369	0.566369	0.566369	0.566369	0.674402	0.668364	0.566369	0.566369	0.566369	0.566369	0.566369	0.566369	0.566369	0.566369	0.566369	0.566369	0.566369	0.566369	0.566369	0.621435	0.583051	0.566369	0.566369	0.566369	0.566369	0.566369	0.566369	0.566369	0.566369	0.566369	0.566369
0.566369	0.567758	0.566369	0.566369	0.566369	0.566369	0.566369	0.566369	0.566369	0.566369	0.620972	0.566369	0.566369	0.566369	0.566369	0.595673	0.566369	0.566369	0.566369	0.566369	0.566369	0.566369	0.566369	0.566369	0.566369	0.566369	0.566369	0.566369	0.566369	0.566369	0.566369	0.566369	0.566369	0.566369	0.566369	0.567237	0.566369	0.566369	0.566369	0.566369	0.567237	0.567237	0.566369	0.566369	0.566369	0.674402	0.674402	0.566369	0.566369	0.675701	0.566369	0.566369	0.566369	0.566369	0.566369	0.6121	0.566369	0.566369	0.566369	0.566369	0.677698	0.621435	0.566369	0.566369	0.566369	0.566369	0.566369	0.566369	0.566369	0.566369	0.566369	0.566369	0.566369	0.566369
0.566369	0.579755	0.572885	0.566369	0.566369	0.566369	0.566369	0.566369	0.566369	0.566369	0.617503	0.566369	0.566369	0.566369	0.566369	0.6121	0.566369	0.566369	0.566369	0.566369	0.566369	0.566369	0.566369	0.566369	0.566369	0.566369	0.566369	0.566369	0.566369	0.566369	0.566369	0.566369	0.566369	0.566369	0.566369	0.566369	0.566369	0.566369	1	0.566369	0.573717	0.566369	0.566369	0.674402	0.674402	0.566369	0.566369	0.566369	0.566369	0.566369	0.675701	0.675701	0.681334	0.723519	0.6121	0.566369	0.611231	0.616818	0.599575	0.566369	0.566369	0.566369	0.566369	0.566369	0.566369	0.566369	0.566369	0.566369	0.566369	0.566369	0.566369	0.566369	0.566369	0.566369
0.567237	0.566369	0.566369	0.566369	0.566369	0.566369	0.566369	0.566369	0.566369	0.566369	0.6121	0.566369	0.566369	0.566369	0.566369	0.566369	0.566369	0.566369	0.566369	0.566369	0.566369	0.566369	0.567022	0.566369	0.566369	0.566369	0.566369	0.566369	0.566369	0.566369	0.566369	0.566369	0.566369	0.566369	0.566369	0.566369	0.566369	0.566369	0.566369	0.566369	0.566369	0.573717	1	0.566369	0.566369	0.566369	0.566369	0.566369	0.566369	0.566369	0.566369	0.566369	0.566369	0.566369	0.730782	0.678997	0.566369	0.566369	0.566369	0.566369	0.566369	0.566369	0.566369	0.566369	0.566369	0.566369	0.566369	0.566369	0.566369	0.566369	0.566369	0.566369	0.566369	0.566369
0.567237	0.566369	0.566369	0.566369	0.566369	0.566369	0.566369	0.566369	0.566369	0.566369	0.617069	0.566369	0.566369	0.566369	0.566369	0.566369	0.572848	0.566369	0.566369	0.566369	0.566369	0.567237	0.566369	0.573717	0.566369	0.566369	0.566369	0.566369	0.566369	0.566369	0.566369	0.566542	0.566369	0.566369	0.566369	0.566369	0.566369	0.566369	0.566369	0.566369	0.566369	0.566369	0.566369	0.566369	0.566369	0.566369	0.566369	0.566369	0.566369	0.566369	0.566369	0.566369	0.566369	0.566369	0.566369	0.566369	0.573717	0.566369	0.566369	0.566369	0.566369	0.566369	0.566369	0.566369	0.566369	0.566369	0.566369	0.566369	0.566369	0.566369	0.566369	0.566369	0.566369	0.566369
0.56644	0.566369	0.566369	0.566369	0.566369	0.566369	0.566369	0.566369	0.566369	0.620368	0.566369	0.566369	0.566369	0.566369	0.566369	0.566369	0.566369	0.566369	0.566369	0.566369	0.566369	0.567237	0.566369	0.566369	0.567237	0.566369	0.566369	0.566369	0.566369	0.566369	0.567237	0.566369	0.566369	0.566369	0.566369	0.566369	0.566369	0.566369	0.566369	0.566369	0.566369	0.566369	0.566369	0.566369	0.566369	0.566369	0.566369	0.566369	0.566369	0.566369	0.566369	0.566369	0.566369	0.566369	0.566369	0.566369	0.566369	0.573717	0.566369	0.566369	0.566369	0.566369	0.567237	0.567237	0.566369	0.566369	0.566369	0.566369	0.566369	0.566369	0.566369	0.566369	0.566369	0.566369
0.566369	0.566369	0.566369	0.566369	0.566369	0.566369	0.566369	0.566369	0.566369	0.566369	0.617469	0.566369	0.566369	0.566369	0.566369	0.566369	0.566369	0.567237	0.746068	0.583051	0.566369	0.566369	0.566369	0.566369	0.566369	0.567237	0.566369	0.566369	0.566369	0.566369	0.567237	0.566369	0.566369	0.566369	0.566369	0.566369	0.566369	0.566369	0.566369	0.566369	0.566369	0.566369	0.566369	1	0.566369	0.566369	0.566369	0.566369	0.566369	0.566369	0.566369	0.566369	0.566369	0.566369	0.566369	0.566369	0.566369	0.566369	0.566872	0.566369	0.567237	0.567237	0.566369	0.566369	0.566369	0.566369	0.566369	0.566369	0.566369	0.566369	0.566369	0.566369	0.566369	0.566369
0.566369	0.566369	0.566369	0.566369	0.566369	0.566369	0.573216	0.566543	0.566369	0.566369	0.617794	0.566369	0.566369	0.566369	0.566369	0.566369	0.566369	0.566369	0.566369	0.567237	0.566369	0.566369	0.566369	0.566369	0.566369	0.566369	0.567237	0.566369	0.566369	0.566369	0.566369	0.566369	0.566369	0.566369	0.566369	0.566369	0.566369	0.566369	0.566369	0.566369	0.566369	0.566369	0.566369	0.583051	0.566369	0.566369	0.566369	0.566369	0.566369	0.566369	0.566369	0.566369	0.566369	0.566369	0.566369	0.566369	0.566369	0.566369	0.566369	0.575858	0.566369	0.567237	0.566369	0.566369	0.566369	0.566369	0.566369	0.566369	0.566369	0.566369	0.566369	0.566369	0.566369	0.566369
0.566369	0.566369	0.566369	0.566369	0.566369	0.566369	0.573255	0.566744	0.567237	0.567237	0.566369	0.612122	0.566369	0.566369	0.566369	0.566369	0.566369	0.566369	0.579755	0.566369	0.566369	0.566369	0.566369	0.566369	0.566369	0.566369	0.567237	0.566369	0.566369	0.566369	0.566369	0.566511	0.566369	0.566369	0.566369	0.566369	0.566369	0.566369	0.566369	0.566369	0.566369	0.566369	0.566369	0.566369	0.566369	0.566369	0.566369	0.566369	0.566369	0.566369	0.566369	0.566369	0.566369	0.566369	0.566369	0.566369	0.566369	0.566369	0.566369	0.566369	0.566369	0.566369	0.567237	0.567237	0.566369	0.566369	0.566369	0.566369	0.566369	0.567237	0.566369	0.566369	0.566369	0.566369
0.566369	0.566369	0.566369	0.566369	0.566369	0.566369	0.566369	0.573717	0.567237	0.567237	0.566369	0.566369	0.61746	0.566369	0.566369	0.567237	0.566369	0.567237	0.566369	0.566369	0.567237	0.566369	0.566369	0.566369	0.566369	0.566369	0.566369	0.567237	0.566369	0.566369	0.566369	0.566369	0.566369	0.566369	0.566369	0.566369	0.566369	0.566369	0.566369	0.566369	0.566369	0.566369	0.566369	0.566369	0.566369	0.566369	0.566369	0.566369	0.566369	0.566369	0.566369	0.566369	0.566369	0.566369	0.566369	0.566369	0.566369	0.566369	0.566369	0.566369	0.566369	0.566369	0.566369	0.566369	0.566509	0.56669	0.567164	0.566369	0.566369	0.566369	0.566369	0.566369	0.566369	0.566369
0.566369	0.566369	0.566369	0.566369	0.566369	0.566369	0.566369	0.566369	0.573717	0.566369	0.566369	0.566369	0.566369	0.621435	0.566369	0.566369	0.566369	0.567237	0.566369	0.566369	0.567237	0.566369	0.566369	0.566369	0.566369	0.566369	0.566369	0.566369	0.567237	0.566369	0.566369	0.566369	0.566369	0.566369	0.573717	0.566369	0.566369	0.566369	0.566369	0.566369	0.566369	0.566369	0.566369	0.566369	0.566369	0.566369	0.566369	0.566369	0.566369	0.566369	0.566369	0.566369	0.566369	0.566369	0.566369	0.566369	0.566369	0.566369	0.566369	0.566369	0.566369	0.566369	0.566369	0.566369	0.566369	0.566369	0.566369	0.567237	0.566369	0.566369	0.566369	0.566369	0.566369	0.566369
0.566369	0.566369	0.566369	0.566369	0.566369	0.566369	0.566369	0.566369	0.573717	0.566369	0.566369	0.566369	0.566369	0.622734	0.566369	0.566369	0.566369	0.566369	0.566369	0.566369	0.566369	0.566369	0.566369	0.566369	0.566369	0.566369	0.566369	0.566369	0.566369	0.567237	0.566369	0.566369	0.566369	0.567237	0.566369	0.566369	0.566369	0.566369	0.566369	0.566369	0.566369	0.566369	0.566369	0.566369	0.566369	0.995442	0.566369	0.566369	0.566369	0.566369	0.566369	0.566369	0.566369	0.566369	0.566369	0.566369	0.566369	0.566369	0.566369	0.566369	0.566369	0.566369	0.566369	0.566369	0.566369	0.566369	0.566369	0.566369	0.567237	0.566369	0.566369	0.566369	0.566369	0.566369
0.573468	0.566369	0.566369	0.566369	0.566369	0.566369	0.566369	0.566369	0.566369	0.567237	0.566369	0.566369	0.566369	0.566517	0.622734	0.566369	0.566369	0.566369	0.566369	0.566369	0.566369	0.566369	0.566369	0.566369	0.566369	0.566369	0.566369	0.566369	0.566369	0.567237	0.566369	0.566369	0.566369	0.567237	0.566369	0.566369	0.566369	0.566369	0.566369	0.566369	0.566369	0.566369	0.566369	0.566369	0.566369	0.566369	0.566369	0.566369	0.566369	0.566369	0.566369	0.566369	0.566369	0.566369	0.566369	0.566369	0.566369	0.566369	0.566369	0.566369	0.566369	0.566369	0.566369	0.566369	0.566369	0.566369	0.567237	0.566369	0.566369	0.566369	0.566369	0.566369	0.566369	0.566369
0.573717	0.566369	0.566369	0.567237	0.566369	0.566369	0.566369	0.566369	0.566369	0.566369	0.566369	0.566369	0.566369	0.566369	0.566369	0.567237	0.566369	0.566369	0.566369	0.566369	0.566369	0.566369	0.566369	0.566369	0.566369	0.566369	0.566369	0.566369	0.566369	0.567237	0.566369	0.566369	0.566369	0.566369	0.566369	0.566369	0.566369	0.566369	0.566369	0.566369	0.566369	0.566369	0.566369	0.566369	0.566369	0.566369	0.566369	0.566369	0.566369	0.566369	0.566369	0.566369	0.566369	0.566369	0.566369	0.566369	0.566369	0.566369	0.566369	0.566369	0.566369	0.566369	0.566369	0.566369	0.566369	0.566369	0.566369	0.566369	0.566369	0.566369	0.566369	0.566369	0.566369	0.566369
0.567237	0.566369	0.566369	0.566369	0.566369	0.566369	0.566369	0.566369	0.566369	0.566369	0.566369	0.566369	0.566755	0.566369	0.566369	0.566369	0.567237	0.566369	0.566369	0.566369	0.566369	0.566369	0.566369	0.566369	0.566369	0.566369	0.566369	0.566369	0.566369	0.566369	0.566369	0.566369	0.566369	0.566369	0.566369	0.566369	0.566369	0.566369	0.566369	0.566369	0.566369	0.566369	0.566369	0.566369	0.566369	1	0.566369	0.566369	0.566369	0.566369	0.566369	0.566369	0.566369	0.566369	0.566369	0.566369	0.566369	0.566369	0.566369	0.566369	0.566369	0.566369	0.566369	0.566369	0.566369	0.566369	0.566369	0.566369	0.566369	0.566369	0.566369	0.566369	0.566369	0.566369
0.567237	0.566369	0.566369	0.566369	0.566369	0.566369	0.566369	0.566369	0.566369	0.566369	0.566369	0.566369	0.566369	0.566369	0.566369	0.566369	0.566369	0.566369	0.566369	0.566369	0.56667	0.566369	0.566369	0.566369	0.566369	0.566369	0.566369	0.566369	0.566369	0.566369	0.566369	0.566369	0.566369	0.566369	0.75907	0.566369	0.566369	0.566369	0.566369	0.566369	0.566369	0.566369	0.566369	0.566369	0.566369	0.566369	0.566369	0.566369	0.566369	0.566369	0.566369	0.566369	0.566369	0.566369	0.566369	0.566369	0.566369	0.566369	0.566369	0.566369	0.566369	0.566369	0.566369	0.566369	0.566369	0.566369	0.566369	0.566369	0.566369	0.567237	0.566369	0.566369	0.566369	0.566369
0.567237	0.566369	0.566369	0.566369	0.566369	0.566369	0.567237	0.566369	0.566369	0.566369	0.566369	0.566369	0.566369	0.566369	0.566369	0.566369	0.566369	0.566369	0.566369	0.566369	0.566369	0.566369	0.566369	0.566369	0.566369	0.566369	0.566369	0.566369	0.573717	0.566369	0.566369	0.566369	0.566369	0.566369	0.567237	0.566369	0.566369	0.566369	0.566369	0.566369	0.566369	0.566369	0.566369	0.566369	0.566369	0.566369	0.566369	0.566369	0.566369	0.566369	0.566369	0.566369	0.566369	0.566369	0.566369	0.566369	0.566369	0.566369	0.566369	0.566369	0.566369	0.566369	0.566369	0.566369	0.566369	0.566369	0.566369	0.566369	0.566369	0.566369	0.566369	0.566369	0.566369	0.566369
0.567237	0.566369	0.566369	0.566597	0.567237	0.566369	0.566369	0.566369	0.566369	0.566369	0.566369	0.566369	0.566369	0.566369	0.566369	0.566369	0.566369	0.566369	0.566369	0.566369	0.566369	0.566369	0.566369	0.566369	0.566369	0.566369	0.566369	0.566369	0.567237	0.566369	0.566369	0.566369	0.566369	0.566369	0.567237	0.566369	0.566369	0.566369	0.566369	0.566369	0.566369	0.566369	0.566369	0.566369	0.566369	0.566369	1	0.566369	0.566369	0.566369	0.566369	0.566369	0.566369	0.566369	0.566369	0.566369	0.566369	0.566369	0.566369	0.566369	0.566369	0.566369	0.566369	0.566369	0.566369	0.566369	0.566369	0.566369	0.566369	0.566369	0.566369	0.566369	0.566369	0.566369
0.566369	0.566369	0.566369	0.566369	0.567237	0.566904	0.566369	0.566369	0.567237	0.566369	0.566369	0.566369	0.566369	0.566369	0.566369	0.566369	0.566369	0.566369	0.566369	0.566369	0.566369	0.566369	0.566369	0.566369	0.566369	0.566369	0.566369	0.566369	0.566369	0.566369	0.566369	0.566369	0.566369	0.566369	0.566369	0.566369	0.566369	0.566369	0.566369	0.566369	0.566369	0.566369	0.566369	0.566369	0.566369	0.566369	0.583051	0.566369	0.566369	0.566369	0.566369	0.566369	0.566369	0.566369	0.566369	0.566369	0.566369	0.566369	0.566369	0.566369	0.566369	0.566369	0.566369	0.566369	0.566369	0.566369	0.566369	0.566369	0.566369	0.566369	0.566369	0.566369	0.566369	0.566369
0.567237	0.566369	0.566369	0.566369	0.567237	0.567237	0.566369	0.566369	0.566369	0.566369	0.566369	0.566369	0.566369	0.566369	0.566369	0.566369	0.566369	0.566369	0.566369	0.566369	0.566369	0.566369	0.566369	0.566369	0.566369	0.566369	0.566369	0.566889	0.566369	0.566369	0.566369	0.566369	0.566369	0.566369	0.566369	0.79507	0.566369	0.566369	0.566369	0.566369	0.566369	0.566369	0.566369	0.566369	0.566369	0.566369	0.567237	0.566369	0.566369	0.566369	0.566369	0.566369	0.566369	0.566369	0.566369	0.566369	0.566369	0.566369	0.566369	0.566369	0.566369	0.566369	0.566369	0.566369	0.566369	0.566369	0.566369	0.566369	0.566369	0.566369	0.566369	0.566369	0.566369	0.566369
0.567237	0.566369	0.566369	0.566369	0.566369	0.566698	0.566369	0.566369	0.566369	0.566369	0.566369	0.566369	0.566369	0.566369	0.566369	0.566369	0.566369	0.566369	0.566369	0.566369	0.566369	0.566369	0.566369	0.566369	0.566369	0.566369	0.566369	0.566369	0.566369	0.566369	0.566369	0.566369	0.566369	0.566369	0.566369	0.566369	0.566369	0.566369	0.566369	0.566369	0.566369	0.566369	0.566369	0.566369	0.566369	0.566369	0.566369	0.567237	0.566369	0.566369	0.566369	0.566369	0.566369	0.566369	0.566369	0.566369	0.566369	0.566369	0.566369	0.566369	0.566369	0.566369	0.566369	0.566369	0.566369	0.566369	0.566369	0.566369	0.566369	0.566369	0.566369	0.566369	0.566369	0.566369
0.567237	0.566369	0.566369	0.566369	0.566369	0.566369	0.566369	0.566369	0.566369	0.566369	0.566369	0.566369	0.566369	0.566369	0.566369	0.566369	0.566369	0.566369	0.566369	0.566369	0.566369	0.566369	0.566369	0.566369	0.566369	0.567175	0.566369	0.566369	0.566369	0.566369	0.566369	0.566369	0.566369	0.588316	0.566369	0.566369	0.566369	0.566369	0.566369	0.566369	0.566369	0.566376	0.566369	0.566379	0.56637	0.566369	0.566369	0.566369	0.566369	0.566369	0.566369	0.566369	0.566369	0.566369	0.566369	0.566369	0.566369	0.566369	0.566369	0.566369	0.566369	0.566369	0.566369	0.566369	0.566369	0.566369	0.566369	0.566369	0.566369	0.566369	0.566369	0.566369	0.566369	0.566369
0.566369	0.566369	0.566369	0.566369	0.566369	0.566369	0.566369	0.566369	0.566369	0.566369	0.566369	0.566369	0.566369	0.566369	0.566369	0.566369	0.566369	0.566369	0.566369	0.566369	0.566369	0.567237	0.566369	0.566369	0.566369	0.566369	0.566369	0.566369	0.566369	0.566369	0.566369	0.566369	0.566369	0.566369	0.566373	0.566369	0.566369	0.566369	0.566369	0.566369	0.566369	0.566382	0.566376	0.566369	0.566373	0.566369	0.566369	0.566369	0.566369	0.566369	0.566369	0.566369	0.566369	0.566369	0.566369	0.566369	0.566369	0.566369	0.566369	0.566369	0.566369	0.566369	0.566369	0.566369	0.566369	0.566369	0.566369	0.566369	0.566369	0.566369	0.566369	0.566369	0.566369	0.566369
0.566369	0.566369	0.566369	0.566369	0.566369	0.566369	0.566369	0.566369	0.566369	0.566369	0.566369	0.566369	0.566369	0.566369	0.566369	0.566369	0.566369	0.566369	0.566369	0.566369	0.566369	0.567237	0.566369	0.566369	0.566369	0.566369	0.566369	0.566369	0.566369	0.566369	0.566369	0.566369	0.566369	0.566369	0.566369	0.566369	0.566369	0.567074	0.56772	0.566369	0.566369	0.566378	0.566369	0.566369	0.566369	0.566369	0.566369	0.566369	0.566369	0.566369	0.566369	0.566369	0.566369	0.566369	0.566369	0.566369	0.566369	0.566369	0.566369	0.566369	0.566369	0.566369	0.566369	0.566369	0.566369	0.566369	0.566369	0.566369	0.566369	0.566369	0.566369	0.566369	0.566369	0.566369
0.566369	0.566369	0.566369	0.566369	0.566369	0.566369	0.566369	0.566369	0.566369	0.566369	0.566369	0.566369	0.566369	0.566369	0.566369	0.566369	0.566369	0.566369	0.566369	0.566369	0.566369	0.566369	0.566369	0.566369	0.566369	0.566369	0.566369	0.566369	0.566369	0.566369	0.566369	0.573872	0.566369	0.566369	0.566369	0.566369	0.566369	0.566369	0.566369	0.56637	0.566371	0.566369	0.566369	0.566369	0.566375	0.566931	0.566369	0.566369	0.566369	1	0.566369	0.566369	0.566369	0.566369	0.566369	0.566369	0.566369	0.566369	0.566369	0.566369	0.566369	0.566369	0.566369	0.566369	0.566369	0.566369	0.566369	0.566369	0.566369	0.566369	0.566369	0.566369	0.566369	0.566369
0.566369	0.566369	0.566369	0.566369	0.566369	0.566369	0.566369	0.566369	0.566369	0.566369	0.566369	0.566369	0.566369	0.566369	0.566369	0.566369	0.566369	0.566369	0.566369	0.566369	0.566369	0.566369	0.566369	0.566369	0.566369	0.566369	0.566369	0.566369	0.566369	0.566369	0.593901	0.56637	0.566369	0.566369	0.566369	0.566567	0.566369	0.566369	0.566381	0.566383	0.566369	0.566369	0.566369	0.566369	0.56702	0.566369	0.566369	0.566369	0.566369	0.566369	0.583005	0.566369	0.566369	0.566369	0.566369	0.566369	0.566369	0.566369	0.566369	0.566369	0.566369	0.566369	0.566369	0.566369	0.566369	0.566369	0.566369	0.566369	0.566369	0.566369	0.566369	0.566369	0.566369	0.566369
0.566369	0.566369	0.566369	0.566369	0.566369	0.566369	0.566369	0.566369	0.566369	0.566369	0.566369	0.566369	0.566369	0.566369	0.566369	0.566369	0.566369	0.566369	0.566369	0.566369	0.566369	0.566369	0.566369	0.566369	0.566369	0.566369	0.566369	0.566369	0.566369	0.597223	0.566371	0.566369	0.566369	0.566369	0.566396	0.566369	0.566369	0.566377	0.566392	0.566369	0.566369	0.566369	0.566369	0.566638	0.566369	0.569042	0.566369	0.566369	0.566369	0.566369	0.583051	0.566369	0.566369	0.566369	0.566369	0.566369	0.566369	0.566369	0.566369	0.566369	0.566369	0.566369	0.566369	0.566369	0.566369	0.566369	0.566369	0.566369	0.566369	0.566369	0.566369	0.566369	0.566369	0.566369
0.566369	0.566369	0.566369	0.566369	0.566369	0.566369	0.566369	0.566369	0.566369	0.566369	0.566369	0.566369	0.566369	0.566369	0.566369	0.566369	0.566369	0.566369	0.566369	0.566369	0.566369	0.566369	0.566369	0.566369	0.566369	0.566369	0.566369	0.566369	0.625116	0.566369	0.566369	0.566369	0.566369	0.566459	0.566369	0.566369	0.566369	0.566371	0.566424	0.566369	0.566369	0.566369	0.566591	0.566369	0.566369	0.571848	0.566369	0.566369	0.566369	0.566369	0.566369	0.567237	0.566369	0.566369	0.566369	0.566369	0.566369	0.566369	0.566369	0.566369	0.566369	0.566369	0.566369	0.566369	0.566369	0.566369	0.566369	0.566369	0.566369	0.566369	0.566369	0.566369	0.566369	0.566369
0.566369	0.566369	0.566369	0.566369	0.566369	0.566369	0.566369	0.566369	0.566369	0.566369	0.566369	0.566369	0.566369	0.566369	0.566369	0.566369	0.566369	0.566369	0.566369	0.566369	0.566369	0.566369	0.566369	0.566369	0.566369	0.566369	0.566369	0.631515	0.566375	0.566369	0.566369	0.566369	0.566876	0.566369	0.566378	0.566403	0.566369	0.566377	0.566412	0.566369	0.566369	0.566854	0.566369	0.566369	0.566611	0.566369	0.566369	0.566369	0.566369	0.566369	0.566369	0.566369	0.567237	0.566369	0.566369	0.566369	0.566369	0.566369	0.566369	0.566369	0.566369	0.566369	0.566369	0.566369	0.566369	0.566369	0.566369	0.566369	0.566369	0.566369	0.566369	0.566369	0.566369	0.566369
0.566369	0.566369	0.566369	0.566369	0.566369	0.566369	0.566369	0.566369	0.566369	0.566369	0.566369	0.566369	0.566369	0.566369	0.566369	0.566369	0.566369	0.566369	0.566369	0.566369	0.566369	0.566369	0.566369	0.566369	0.572848	0.674402	0.673895	0.566369	0.566369	0.566369	0.566369	0.566705	0.566369	0.566371	0.566383	0.566377	0.566392	0.566377	0.566405	0.566385	0.567562	0.566369	0.566369	0.567325	0.566369	0.566369	0.566369	0.566369	0.566369	0.566369	0.566369	0.566369	0.566369	0.567237	0.566651	0.566369	0.566369	0.566369	0.566369	0.566369	0.566369	0.566369	0.566369	0.566369	0.566369	0.566369	0.566369	0.566369	0.566369	0.566369	0.566369	0.566369	0.566369	0.566369
0.566369	0.566369	0.566369	0.566369	0.566369	0.566369	0.566369	0.566369	0.566369	0.566369	0.566369	0.566369	0.566369	0.566369	0.566369	0.566369	0.566369	0.566369	0.566369	0.567237	0.566369	0.566369	0.579755	0.579755	0.567237	0.566369	0.566413	0.566369	0.566369	0.566369	0.567142	0.566369	0.566373	0.56637	0.566369	0.566379	0.56639	0.566374	0.566369	0.566888	0.566369	0.566369	0.566369	0.566369	0.566369	0.566369	0.566369	0.566369	0.566369	0.566369	0.566369	0.566369	0.566369	0.566369	1	0.566369	0.566369	0.566369	0.566369	0.566369	0.566369	0.566369	0.566369	0.566369	0.566369	0.566369	0.566369	0.566369	0.566369	0.566369	0.566369	0.566369	0.566369	0.566369
0.566369	0.566369	0.566369	0.566369	0.566369	0.566369	0.566369	0.566369	0.566369	0.566369	0.566369	0.566369	0.566369	0.566369	0.566369	0.566369	0.566369	0.566369	0.566369	0.566369	0.566369	0.566369	0.566369	0.566369	0.567153	0.566369	0.566884	0.566369	0.566369	0.568547	0.566369	0.566379	0.566496	0.566382	0.566388	0.566388	0.566393	0.566378	0.569283	0.566369	0.566369	0.566369	0.566369	0.570806	0.566369	0.566369	0.566369	0.566369	0.566369	0.566369	0.566369	0.566369	0.566369	0.566369	0.566369	0.567237	0.566369	0.566369	0.566369	0.566369	0.566369	0.566369	0.566369	0.566369	0.566369	0.566369	0.566369	0.566369	0.566369	0.566369	0.566369	0.566369	0.566369	0.566369
0.566369	0.566369	0.566369	0.566369	0.566369	0.566369	0.566369	0.566369	0.566369	0.566369	0.566369	0.566369	0.566369	0.566369	0.566369	0.566369	0.566369	0.566369	0.566369	0.566369	0.566369	0.566369	0.566369	0.566369	0.566369	0.567237	0.573717	0.573717	0.573009	0.566369	0.566397	0.566571	0.566409	0.5665	0.566416	0.566384	0.566369	0.566369	0.572912	0.566369	0.566369	0.566369	0.566369	0.566369	0.626107	0.566369	0.566369	0.566369	0.566369	0.566369	0.566369	0.566369	0.566369	0.566369	0.566369	0.566369	0.566369	0.566369	0.566369	0.566369	0.566369	0.566369	0.566369	0.566369	0.566369	0.566369	0.566369	0.566369	0.566369	0.566369	0.566369	0.566369	0.566369	0.566369
0.566369	0.566369	0.566369	0.566369	0.566369	0.566369	0.566369	0.566369	0.566369	0.566369	0.566369	0.566369	0.566369	0.566369	0.566369	0.566369	0.566369	0.566369	0.566369	0.566369	0.566369	0.566369	0.566369	0.566738	0.567237	0.567237	0.567237	0.567237	0.566369	0.566425	0.566913	0.566419	0.566685	0.566547	0.566474	0.566386	0.566377	0.572934	0.566369	0.566369	0.566369	0.566369	0.566369	0.566369	0.566369	0.673115	0.566369	0.566369	0.566369	0.566369	0.566369	0.566369	0.566369	0.566369	0.566369	0.566369	0.566369	0.566369	0.566369	0.566369	0.566369	0.566369	0.566369	0.566369	0.566369	0.566369	0.566369	0.566369	0.566369	0.566369	0.566369	0.566369	0.566369	0.566369
0.566369	0.566369	0.566369	0.566369	0.566369	0.566369	0.566369	0.566369	0.566369	0.566369	0.566369	0.566369	0.566369	0.566369	0.566369	0.566369	0.566369	0.566369	0.566369	0.566369	0.566369	0.566369	0.566369	0.566369	0.566369	0.567237	0.567237	0.566446	0.567217	0.567237	0.566695	0.567049	0.56699	0.56666	0.566419	0.566386	0.573216	0.566369	0.566369	0.566369	0.566369	0.566369	0.566369	0.566369	0.683345	0.566369	0.566369	0.569667	0.566369	0.566369	0.566369	0.566369	0.566369	0.566369	0.566369	0.566369	0.566369	1	0.566369	0.566369	0.566369	0.566369	0.566369	0.566369	0.566369	0.566369	0.566369	0.566369	0.566369	0.566369	0.566369	0.566369	0.566369	0.566369
0.566369	0.566369	0.566369	0.566369	0.566369	0.566369	0.566369	0.566369	0.566369	0.566369	0.566369	0.566369	0.566369	0.566369	0.566369	0.566369	0.566369	0.566369	0.566369	0.566369	0.566369	0.566369	0.566369	0.566369	0.566369	0.567237	0.567237	0.567237	0.567237	0.567237	0.567237	0.567237	0.566998	0.566434	0.566414	0.573717	0.566369	0.566369	0.566369	0.566369	0.566369	0.566369	0.566369	0.683782	0.566369	0.566369	0.566369	0.568323	0.566369	0.566369	0.566369	0.566369	0.566369	0.56637	0.566369	0.566369	0.566369	0.566369	0.566369	0.566369	0.566369	0.566369	0.566369	0.566369	0.566369	0.567237	0.566369	0.566369	0.566369	0.566369	0.566369	0.566369	0.566369	0.566369
0.566369	0.566369	0.566369	0.566369	0.566369	0.566369	0.566369	0.566369	0.566369	0.566369	0.566369	0.566369	0.566369	0.566369	0.566369	0.566369	0.566369	0.566369	0.566369	0.566369	0.566369	0.566369	0.566369	0.566369	0.566369	0.567237	0.567237	0.566369	0.567237	0.567237	0.567237	0.567237	0.567063	0.566369	0.573717	0.566369	0.566369	0.621435	0.61876	0.617596	0.678997	0.723675	0.719044	0.566369	0.566369	0.566369	0.566369	0.566853	0.566369	0.566369	0.566369	0.566369	0.566369	0.566372	0.566369	0.566369	0.566369	0.566369	0.566369	0.566369	0.567237	0.566369	0.566369	0.566369	0.567237	0.566369	0.566668	0.566369	0.566369	0.566369	0.566369	0.566369	0.566369	0.566369
0.566369	0.566369	0.566369	0.566369	0.566369	0.566369	0.566369	0.566369	0.566369	0.566369	0.566369	0.566369	0.566369	0.566369	0.566369	0.566369	0.566369	0.566369	0.566369	0.566369	0.566369	0.566369	0.566369	0.566369	0.566369	0.566369	0.566369	0.566369	0.566369	0.566369	0.567237	0.567237	0.567165	0.567237	0.566369	0.566369	0.567237	0.567237	0.567237	0.579755	0.566369	0.56864	0.566369	0.566369	0.566369	0.566369	0.566369	0.566369	0.566369	0.566369	0.566369	0.566369	0.566369	0.566369	0.566369	0.566369	0.566369	0.566369	0.566369	0.566369	0.566369	0.566369	0.566369	0.567237	0.566369	0.566369	0.566369	0.566369	0.566369	0.566369	0.566369	0.566369	0.566369	0.566369
0.566369	0.566369	0.566369	0.566369	0.566369	0.566369	0.566369	0.566369	0.566369	0.566369	0.566369	0.566369	0.566369	0.566369	0.566369	0.566369	0.566369	0.566369	0.566369	0.566369	0.566369	0.566369	0.566369	0.566369	0.566369	0.566369	0.566369	0.566369	0.566369	0.566369	0.567237	0.567237	0.567237	0.567237	0.566369	0.566369	0.567237	0.567237	0.621435	0.566369	0.572038	0.566369	0.566369	0.566369	0.566369	0.566956	0.566369	0.566369	0.566369	0.566369	0.566369	0.566373	0.566369	0.566369	0.566369	0.566369	0.566369	0.566369	0.566369	0.566369	0.566369	0.566369	1	0.566369	0.566369	0.566369	0.566369	0.566369	0.566369	0.566369	0.566369	0.566369	0.566369	0.566369
0.566369	0.566369	0.566369	0.566369	0.566369	0.566369	0.566369	0.566369	0.566369	0.566369	0.566369	0.566369	0.566369	0.566369	0.566369	0.566369	0.566369	0.566369	0.566369	0.566369	0.566369	0.566369	0.566369	0.566369	0.566369	0.566369	0.566369	0.566369	0.566369	0.566369	0.567237	0.566369	0.566369	0.566369	0.566369	0.566369	0.566369	0.567237	0.566369	0.566369	0.566369	0.566369	0.566369	0.566369	0.566369	0.566369	0.57269	0.566369	0.566369	0.566369	0.566369	0.566369	0.566369	0.566369	0.566369	0.566369	0.566369	0.566369	0.566369	0.566369	0.566369	0.566369	0.567237	0.566369	0.566369	0.566369	0.566369	0.566369	0.566369	0.566369	0.566369	0.566369	0.566369	0.566369
0.566369	0.566369	0.566369	0.566369	0.566369	0.566369	0.566369	0.566369	0.566369	0.566369	0.566369	0.566369	0.566369	0.566369	0.566369	0.566369	0.566369	0.566369	0.566369	0.566369	0.566369	0.566369	0.566369	0.566369	0.566369	0.566369	0.566369	0.566369	0.566369	0.566369	0.566369	0.566369	0.566369	0.566369	0.566369	0.566369	0.567237	0.566369	0.566369	0.573717	0.566369	0.566369	0.566369	0.566369	0.566369	0.570481	0.566369	0.566369	0.566369	0.566371	0.566369	0.566369	0.566369	0.566369	0.566369	0.566369	0.566369	0.566369	0.566369	0.566369	0.566369	0.566369	0.566369	0.566369	0.566369	0.566369	0.566369	0.566369	0.566369	0.566369	0.566369	0.566369	0.566369	0.566369
0.583051	0.566369	0.566369	0.566369	0.567237	0.566369	0.566369	0.566369	0.566369	0.566369	0.566369	0.566369	0.566369	0.566369	0.566369	0.566369	0.566369	0.566369	0.566369	0.566369	0.566369	0.566369	0.566369	0.566369	0.566369	0.566369	0.566369	0.566369	0.566369	0.566369	0.566369	0.566369	0.566369	0.566369	0.566369	0.566369	0.567237	0.566369	0.566369	0.573717	0.566369	0.566369	0.566369	0.566369	0.570679	0.566369	0.566369	0.566369	0.566369	0.566373	0.566369	0.566369	0.566369	0.566369	0.568939	0.566369	0.566369	0.566369	0.566517	0.566378	0.566369	0.566369	0.566369	0.566369	0.566369	0.566369	0.566369	0.566369	0.566369	0.566369	0.566369	0.566369	0.566369	0.566369
0.566369	0.583051	0.583051	0.583051	0.566369	0.566369	0.566369	0.566369	0.566369	0.566369	0.566369	0.566369	0.566369	0.566369	0.566369	0.566369	0.566369	0.566369	0.566369	0.566369	0.566369	0.566369	0.566369	0.566369	0.566369	0.566369	0.566369	0.566369	0.566369	0.566369	0.566369	0.566369	0.566369	0.566369	0.566369	0.566369	0.566369	0.566369	0.566369	0.566369	0.566369	0.566369	0.566369	0.572871	0.566369	0.566369	0.566369	0.566369	0.566369	0.566381	0.566369	0.566369	0.566369	0.566369	0.566369	0.566369	0.566369	0.566369	0.566369	0.566369	0.566369	0.566369	0.566369	0.566369	0.566369	0.566369	1	0.566369	0.566369	0.566369	0.566369	0.566369	0.566369	0.566369
0.566369	0.566369	0.566369	0.566369	1	0.566369	0.566369	0.566369	0.566369	0.566369	0.566369	0.566369	0.566369	0.566369	0.566369	0.566369	0.566369	0.566369	0.566369	0.566369	0.566369	0.566369	0.566369	0.566369	0.566369	0.566369	0.566369	0.566369	0.566369	0.566369	0.566369	0.566369	0.566369	0.566369	0.566369	0.566369	0.566369	0.566369	0.567054	0.567237	0.566369	0.566369	0.57302	0.566369	0.566369	0.566369	0.566369	0.566369	0.566369	0.566377	0.56638	0.566369	0.566369	0.566369	0.566369	0.566369	0.566369	0.566369	0.566369	0.566369	0.566369	0.566369	0.566369	0.566369	0.566369	0.566369	0.566369	0.567237	0.566369	0.566369	0.566369	0.566369	0.566369	0.566369
0.566369	0.566369	0.566369	0.567237	0.566369	0.566369	0.566369	0.566369	0.566369	0.566369	0.566369	0.566369	0.566369	0.566369	0.566369	0.566369	0.566369	0.566369	0.566369	0.566369	0.566369	0.566369	0.566369	0.566369	0.566369	0.566369	0.566369	0.566369	0.566369	0.566369	0.566369	0.566369	0.566369	0.566369	0.566369	0.566369	0.566369	0.567166	0.566369	0.567237	0.566369	0.573077	0.566369	0.566369	0.566369	0.566369	0.566369	0.566369	0.566369	0.56637	0.566369	0.566369	0.574904	0.566369	0.566369	0.56725	0.566369	0.566369	0.566369	0.566369	0.566369	0.566369	0.566369	0.566369	0.566369	0.566369	0.566369	0.567237	0.566369	0.566369	0.566369	0.566369	0.566369	0.566369
0.566369	0.566369	0.566369	0.567237	0.566369	0.566369	0.566369	0.566369	0.566369	0.566369	0.566369	0.566369	0.566369	0.566369	0.566369	0.566369	0.566369	0.566369	0.566369	0.566369	0.566369	0.566369	0.566369	0.566369	0.566369	0.566369	0.566369	0.566369	0.566369	0.566369	0.566369	0.566369	0.566369	0.566369	0.566369	0.566369	0.566369	0.567156	0.567237	0.567237	0.566568	0.573637	0.566369	0.566369	0.566369	0.566369	0.566369	0.566371	0.566379	0.566369	0.566369	0.571973	0.566369	0.566369	0.566576	0.566369	0.566369	0.566369	0.566369	0.566369	0.566369	0.566369	0.566369	0.566369	0.566369	0.566369	0.566369	0.566369	0.566369	0.566369	0.566369	0.566369	0.566369	0.566369
0.566369	0.566369	0.566369	0.566369	0.566369	0.566369	0.566369	0.566369	0.566369	0.566369	0.566369	0.566369	0.566369	0.566369	0.566369	0.566369	0.566369	0.566369	0.566369	0.566369	0.566369	0.566369	0.566369	0.566369	0.566369	0.566369	0.566369	0.566369	0.566369	0.566369	0.566369	0.566369	0.566369	0.566369	0.566369	0.566369	0.566369	0.566369	0.566369	0.567237	0.573774	0.566369	0.566369	0.566369	0.566369	0.566369	0.566376	0.566394	0.566369	0.566369	0.566369	0.574472	0.566369	0.566943	0.56637	0.566369	0.566369	0.566369	0.566369	0.566369	0.566369	0.566369	0.566369	0.566369	0.566369	0.566369	0.566369	0.567237	0.566369	0.566369	0.566369	0.566369	0.566369	0.566369
0.566369	0.566369	0.566369	0.904275	0.566369	0.566369	0.566369	0.566369	0.566369	0.566369	0.566369	0.566369	0.566369	0.566369	0.566369	0.566369	0.566369	0.566369	0.566369	0.566369	0.566369	0.566369	0.566369	0.566369	0.566369	0.566369	0.566369	0.566369	0.566369	0.566369	0.566369	0.566369	0.566369	0.566369	0.566369	0.566369	0.566369	0.566369	0.566369	0.579755	0.566369	0.567237	0.566369	0.566369	0.566369	0.56638	0.566371	0.566369	0.566393	0.566369	0.566369	0.578918	0.569271	0.566374	0.566369	0.566369	0.566369	0.566369	0.566369	0.566369	0.566369	0.566369	0.566369	0.566369	0.566369	0.566369	0.566369	0.566369	0.566369	0.566369	0.566369	0.566369	0.566369	0.566369
0.566369	0.566369	0.566369	0.566369	0.566369	0.567237	1	0.567237	0.566369	0.566369	0.566369	0.566369	0.566369	0.566369	0.566369	0.566369	0.566369	0.566369	0.566369	0.566369	0.566369	0.566369	0.566369	0.566369	0.566369	0.566369	0.566369	0.566369	0.566369	0.566369	0.566369	0.566369	0.566369	0.566369	0.566369	0.566369	0.566369	0.567237	0.566612	0.566369	0.567237	0.567237	0.566369	0.566369	0.566406	0.566409	0.566369	0.566395	0.566369	0.566369	0.598834	0.572002	0.566384	0.566369	0.566369	0.566369	0.566369	0.566369	0.566369	0.566369	0.566369	0.566369	0.566369	0.566369	0.566369	0.566369	0.566369	0.566369	0.566369	0.566369	0.566369	0.566369	0.566369	0.566369
0.567237	0.566369	0.566369	0.566369	0.566369	0.567237	0.566369	0.566369	0.566369	0.566369	0.566369	0.566369	0.566369	0.566369	0.566369	0.566369	0.566369	0.566369	0.566369	0.566369	0.566369	0.566369	0.566369	0.566369	0.566369	0.566369	0.566369	0.566369	0.566369	0.566369	0.566369	0.566369	0.566369	0.566369	0.566369	0.566369	0.566369	0.566369	0.566369	0.566369	0.567237	0.566369	0.566369	0.566409	0.566419	0.566369	0.566447	0.566369	0.566369	0.613429	0.572942	0.5664	0.566369	0.566369	0.566369	0.566369	0.566369	0.566369	0.566369	0.566369	0.566369	0.566369	0.566369	0.566369	0.566369	0.566369	0.566369	0.566369	0.566369	0.566369	0.566369	1	0.566369	0.566369
0.567051	0.566369	0.566369	0.566369	0.566369	0.566369	0.566369	0.566369	0.566369	0.566369	0.566369	0.566369	0.566369	0.566369	0.566369	0.566369	0.566369	0.566369	0.566369	0.566369	0.566369	0.566369	0.566369	0.566369	0.566369	0.566369	0.566369	0.566369	0.566369	0.566369	0.566369	0.566369	0.566369	0.566369	0.566369	0.566369	0.566369	0.566369	0.566369	0.566369	0.566369	0.566369	0.567237	0.567237	0.566369	0.566652	0.566369	0.566369	0.618139	0.573121	0.567237	0.566369	0.566369	0.566369	0.566369	0.566369	0.566369	0.566369	0.566369	0.566369	0.566369	0.566369	0.566369	0.566369	0.566369	0.566369	0.566369	0.566369	0.566369	0.566369	0.566369	0.566369	0.566369	0.566369
0.566369	0.566369	0.566369	0.566369	0.566369	0.566369	0.566369	0.566369	0.566369	0.566369	0.566369	0.566369	0.566369	0.566369	0.566369	0.566369	0.566369	0.566369	0.566369	0.566369	0.566369	0.566369	0.566369	0.566369	0.566369	0.566369	0.566369	0.566369	0.566369	0.566369	0.566369	0.566369	0.566369	0.566369	0.566369	0.566369	0.567237	0.566369	0.566369	0.566369	0.566369	0.567237	0.567237	0.567237	0.567237	0.567237	0.577707	0.618139	0.573717	0.566369	0.566369	0.566369	0.566369	0.566369	0.566369	0.566369	0.566369	0.566369	0.566369	0.566369	0.566369	0.566369	0.566369	0.566369	0.566369	0.566369	0.566369	0.566369	0.566369	0.566369	0.566369	0.566369	0.566369	0.566369
0.566369	0.566369	0.566369	0.566369	0.566369	0.566369	0.566369	0.566369	0.621435	0.567237	0.566369	0.566369	0.566369	0.566369	0.566369	0.566369	0.566369	0.566369	0.566369	0.566369	0.566369	0.566369	0.566369	0.566369	0.566369	0.566369	0.566369	0.566369	0.566369	0.566369	0.566369	0.566369	0.566369	0.566369	0.566369	0.566369	0.566369	0.566369	0.566369	0.566369	0.566369	0.566369	0.567237	0.566369	0.566369	0.566369	0.567237	0.567126	0.573717	0.566369	0.566369	0.566369	0.566369	0.566369	0.566369	0.566369	0.566369	0.566369	0.566369	0.566369	0.566369	0.566369	0.566369	0.566369	0.566369	0.566369	0.566369	0.566369	0.566369	0.566369	0.566369	0.566369	0.566369	0.566369
0.566369	0.566369	0.566369	0.566369	0.566369	0.566369	0.566369	1	0.566369	0.566369	0.6121	0.567237	0.567237	0.566369	0.566369	0.566369	0.566369	0.566369	0.566369	0.566369	0.566369	0.566369	0.566369	0.566369	0.566369	0.566369	0.566369	0.566369	0.566369	0.566369	0.566369	0.566369	0.566369	0.566369	0.566369	0.566369	0.566369	0.566369	0.566369	0.566369	0.566369	0.566369	0.567237	0.566369	0.566369	0.566369	0.567237	0.567237	0.567237	0.566369	0.566369	0.566369	0.566369	0.566369	0.566369	0.566369	0.566369	0.566369	0.566369	0.566369	0.566369	0.56637	0.566369	0.566369	0.566369	0.566369	0.566369	0.566369	0.566369	0.566369	0.566369	0.566369	0.566369	0.566369
0.566369	0.566369	0.566369	0.566369	0.566369	0.566369	0.566369	0.566369	0.566369	0.566369	0.566369	0.569335	0.566369	0.566369	0.566369	0.566369	0.566369	0.566369	0.566369	0.566369	0.566369	0.566369	0.566369	0.566369	0.566369	0.566369	0.566369	0.566369	0.566369	0.566369	0.566369	0.566369	0.566369	0.566369	0.566369	0.566369	0.566369	0.566369	0.566369	0.566369	0.566369	0.566369	0.567237	0.566369	0.566369	0.567237	0.566369	0.566369	0.566369	0.566369	0.566369	0.566369	0.566369	0.566369	0.566369	0.566369	0.566369	0.566369	0.566369	0.566369	0.566369	0.566369	0.566369	0.566369	0.566369	0.566369	0.566369	0.566369	0.566369	0.566369	0.566369	0.566369	0.566369	0.566369
0.566369	0.566369	0.566369	0.566369	0.566369	0.566369	0.566369	1	0.566369	0.566369	0.566369	0.566369	0.621096	0.621435	0.583051	0.566369	0.566369	0.566369	0.566369	0.566369	0.566369	0.566369	0.566369	0.566369	0.566369	0.566369	0.566369	0.566369	0.566369	0.566369	0.566369	0.566369	0.566369	0.566369	0.566369	0.566369	0.566369	0.566369	0.566369	0.566369	0.566369	0.566369	0.566369	0.566369	0.566369	0.567237	0.567237	0.566519	0.566369	0.566369	0.566369	0.566369	0.566369	0.566369	0.566369	0.566369	0.566369	0.566369	0.566369	0.566369	0.566369	0.566369	0.566369	0.566369	0.566369	0.566369	0.566369	0.566369	0.566369	0.566369	0.566369	0.566369	0.566369	0.566369
0.566369	0.566369	0.566369	0.566369	0.566369	0.566369	0.566369	0.566369	0.566928	0.566369	0.566369	0.566369	0.566369	0.566369	0.566369	0.566369	0.566369	0.566369	0.566369	0.566369	0.566369	0.566369	0.566369	0.566369	0.566369	0.566369	0.566369	0.566369	0.566369	0.566369	0.566369	0.566369	0.566369	0.566369	0.566369	0.566369	0.566369	0.566369	0.566369	0.566369	0.566369	0.566369	0.566369	0.566369	0.566369	0.567237	0.567237	0.566369	0.566369	0.566369	0.566369	0.566369	0.566369	0.566369	0.566369	0.566369	0.566369	0.566369	0.566374	0.566369	0.566369	0.566369	0.566369	0.566369	0.566369	0.566369	0.566369	0.566369	0.566369	0.566369	0.566369	0.566369	0.566369	0.566369
0.566369	0.566369	0.566369	0.566369	0.566369	0.566369	0.566369	0.566369	0.566369	0.566369	0.567237	0.566369	0.566369	0.566369	0.566369	0.566369	0.566369	0.566369	0.566369	0.566369	0.566369	0.566369	0.566369	0.566369	0.566369	0.566369	0.566369	0.566369	0.566369	0.566369	0.566369	0.566369	0.566369	0.566369	0.566369	0.566369	0.566369	0.566369	0.566369	0.566369	0.566369	0.566369	0.566369	0.566369	0.566369	0.567237	0.567237	0.566369	0.566369	0.566369	0.566369	0.566369	0.566369	0.566369	0.566369	0.566369	0.566369	0.566371	0.566369	0.566369	0.566369	0.566369	0.566369	0.566369	0.566369	0.566369	0.566369	0.566369	0.566369	0.566369	0.566369	0.566369	0.566369	0.566369
0.566369	0.566369	0.566369	0.566369	0.566369	0.566369	0.566369	0.566369	0.566369	0.566369	0.566369	1	0.566369	0.566369	0.566369	0.566369	0.566369	0.583051	0.566369	0.566369	0.566369	0.566369	0.566369	0.566369	0.566369	0.566369	0.566369	0.566369	0.566369	0.566369	0.566369	0.566369	0.566369	0.566369	0.566369	0.566369	0.566369	0.566369	0.566369	0.566369	0.566369	0.566369	0.566369	0.566369	0.566369	0.566369	0.566369	0.566369	0.566369	0.566369	0.566369	0.566369	0.566369	0.566369	0.566369	0.566369	0.566379	0.566369	0.566369	0.566369	0.566369	0.566369	0.566369	0.566369	0.566369	0.566369	0.566369	0.566369	0.566369	0.566369	0.566369	0.566369	0.566369	0.566369
0.566369	0.566369	0.566369	0.566369	0.566369	0.566369	0.566369	0.566369	0.566369	0.566369	0.566369	0.566369	0.567237	0.566369	0.566369	0.566369	0.579755	0.621435	0.566369	0.566369	0.566369	0.566369	0.566369	0.566369	0.566369	0.566369	0.566369	0.566369	0.566369	0.566369	0.566369	0.566369	0.566369	0.566369	0.566369	0.566369	0.566369	0.566369	0.566369	0.566369	0.566369	0.566369	0.566369	0.566369	0.566369	0.566369	0.566369	0.566369	0.566369	0.566369	0.566369	0.566369	0.566369	0.566369	0.566369	0.566369	0.566369	0.566369	0.566369	0.566369	0.566369	0.566369	0.566369	0.566369	0.566369	0.566369	0.566369	0.566369	0.566369	0.566369	0.566369	0.566369	0.566369	0.566369
0.566369	0.566369	0.566369	0.566369	0.566369	0.566369	0.566369	0.566369	0.566369	0.566369	0.566369	0.566369	0.566369	0.566369	0.566369	0.566369	0.573717	0.566369	0.566369	0.566369	0.566369	0.566369	0.566369	0.566369	0.566369	0.566369	0.566369	0.566369	0.566369	0.566369	0.566369	0.566369	0.566369	0.566369	0.566369	0.566369	0.566369	0.566369	0.566369	0.566369	0.566369	0.566369	0.566369	0.566369	0.566369	0.566369	0.566369	0.566369	0.566369	0.566369	0.566369	0.566369	0.566369	0.566369	0.566369	0.566369	0.566369	0.566369	0.566369	0.566369	0.566369	0.566369	0.566369	0.566369	0.566369	0.566369	0.566369	0.566369	0.566369	0.566369	0.566369	0.566369	0.566369	0.566369
0.566369	0.566369	0.566369	0.566369	0.566369	0.566369	0.566369	0.566369	0.566369	0.566369	0.566369	0.566369	0.566369	0.566369	0.579755	0.580825	0.566369	0.566369	0.566369	0.566369	0.566369	0.566369	0.566369	0.566369	0.566369	0.566369	0.566369	0.566369	0.566369	0.566369	0.566369	0.566369	0.566369	0.566369	0.566369	0.566369	0.566369	0.566369	0.566369	0.566369	0.566369	0.566369	0.566369	0.566369	0.566369	0.566369	0.566369	0.566369	0.566369	0.566369	0.566369	0.566369	0.566369	0.56637	0.566369	0.566369	0.566369	0.566369	0.566369	0.566369	0.566369	0.566369	0.566369	0.566369	0.566369	0.566369	0.566369	0.566369	0.566369	0.566369	0.566369	0.566369	0.566369	0.566369
0.566369	0.566369	0.566369	0.566369	0.566369	0.566369	0.566369	0.566369	0.566369	0.566369	0.566369	0.566369	0.566369	0.566369	1	0.573717	0.566369	0.566369	0.566369	0.566369	0.566369	0.566369	0.566369	0.566369	0.566369	0.566369	0.566369	0.566369	0.566369	0.566369	0.566369	0.566369	0.566369	0.566369	0.566369	0.566369	0.566369	0.566369	0.566369	0.566369	0.566369	0.566369	0.566369	0.566369	0.566369	0.566369	0.566369	0.566369	0.566369	0.566369	0.566369	0.566369	0.566858	0.566369	0.566369	0.566369	0.566369	0.566369	0.566369	0.566369	0.566369	0.566369	0.566369	0.566369	0.566369	0.566369	0.566369	0.566369	0.566369	0.566369	0.566369	0.566369	0.566369	0.566369
0.566369	0.566369	0.566369	0.566369	0.566369	0.566369	0.566369	0.566369	0.566369	0.566369	0.566369	0.566369	0.566369	0.566369	0.566369	0.566369	0.566369	0.566369	0.567237	0.566369	0.566369	0.566369	0.566369	0.566369	0.566369	0.566369	0.566369	0.566369	0.566369	0.566369	0.566369	0.566369	0.566369	0.566369	0.566369	0.566369	0.566369	0.566369	0.566369	0.566369	0.566369	0.566369	0.566369	0.566369	0.566369	0.566369	0.566369	0.566369	0.566369	0.566369	0.566369	0.567237	0.566369	0.566392	0.566369	0.566369	0.566369	0.566369	0.566369	0.566369	0.566369	0.566369	0.566369	0.566369	0.566369	0.566369	0.566369	0.566369	0.566369	0.566369	0.566369	0.566369	0.566369	0.566369
0.566369	0.566369	0.566369	0.566369	0.566369	0.566369	0.566369	0.566369	0.566369	0.566369	0.566369	0.566369	0.566369	0.566369	0.566369	0.566369	0.566369	0.566369	0.567237	1	0.566369	0.566369	0.566369	0.566369	0.566369	0.566369	0.566369	0.566369	0.566369	0.566369	0.566369	0.566369	0.566369	0.566369	0.566369	0.566369	0.566369	0.566369	0.566369	0.566369	0.566369	0.566369	0.566369	0.566369	0.566369	0.566369	0.566369	0.566369	0.566369	0.566369	0.566369	0.566369	0.566369	0.566369	0.566369	0.566369	0.566369	0.566369	0.566369	0.566369	0.566369	0.566369	0.566369	0.566369	0.566369	0.566369	0.566369	0.566369	0.566369	0.566369	0.566369	0.566369	0.566369	0.566369
0.566369	0.566369	0.566369	0.566369	0.566369	0.567237	0.567237	0.566369	0.566369	0.566369	0.566369	0.566369	0.566369	0.566369	0.566369	0.566369	0.566369	0.566369	0.566369	0.566369	0.567237	0.566369	0.566369	0.566369	0.566369	0.566369	0.566369	0.566369	0.566369	0.566369	0.566369	0.566369	0.566369	0.566369	0.566369	0.566369	0.566369	0.566369	0.566369	0.566369	0.566369	0.566369	0.566369	0.566369	0.566369	0.566369	0.566369	0.566369	0.566369	0.566369	0.566369	0.566369	0.566369	0.566369	0.566369	0.566369	0.566369	0.566369	0.566369	0.566369	0.566369	0.566369	0.566369	0.566369	0.566369	0.566369	0.566369	0.566369	0.566369	0.566369	0.566369	0.566369	0.566369	0.566369
0.566369	0.566369	0.566369	0.566369	0.566369	0.566369	0.566369	0.566369	0.566369	0.566369	0.566369	0.566369	0.566369	0.566369	0.566369	0.566594	0.566369	0.566369	0.566369	0.566369	0.566369	0.566369	0.566369	0.566369	0.566369	0.566369	0.566369	0.566369	0.566369	0.566369	0.566369	0.566369	0.566369	0.566369	0.566369	0.566369	0.566369	0.566369	0.566369	0.566369	0.566369	0.566369	0.566369	0.566369	0.566369	0.566369	0.566369	0.566369	0.566369	0.566369	0.566369	0.566369	0.566369	0.566369	0.566369	0.566369	0.566369	0.566369	0.566369	0.566369	0.566369	0.566369	0.566369	0.566369	0.566369	0.566369	0.566369	0.566369	0.566369	0.566369	0.566369	0.566369	0.566369	0.566369
0.566369	0.566369	0.566369	0.566369	0.566369	0.566369	0.566369	0.566369	0.566369	0.566369	0.566369	0.566369	0.566369	0.566369	0.566369	0.566369	0.566369	0.566369	0.566369	0.566369	0.566369	0.566369	1	0.566369	0.566369	0.566369	0.566369	0.566369	0.566369	0.566369	0.566369	0.566369	0.566369	0.566369	0.566369	0.566369	0.566369	0.566369	0.566369	0.566369	0.566369	0.566369	0.566369	0.566369	0.566369	0.566369	0.566369	0.566369	0.566369	0.566369	0.566369	0.566369	0.566369	0.566369	0.566369	0.566369	0.566369	0.566369	0.566369	0.566369	0.566369	0.566369	0.566369	0.566369	0.566369	0.566369	0.566369	0.566369	0.566369	0.566369	0.566369	0.566369	0.566369	0.566369
0.566369	0.566369	0.566369	0.566369	0.566369	0.566369	0.566369	0.566369	0.566369	0.566369	0.566369	0.566369	0.566369	0.567237	0.567237	0.566369	0.566369	0.566369	0.566369	0.566369	0.566369	0.566369	0.566369	0.567237	0.566369	0.566369	0.566369	0.566369	0.566369	0.566369	0.566369	0.566369	0.566369	0.566369	0.566369	0.566369	0.566369	0.566369	0.566369	0.566369	0.566369	0.566369	0.566369	0.566369	0.566369	0.566369	0.566369	0.566369	0.566369	0.566369	0.566369	0.566369	0.566369	0.566369	0.566369	0.566369	0.566369	0.566369	0.566369	0.566369	0.566369	0.566369	0.566369	0.566369	0.566369	0.566369	0.566369	0.566369	0.566369	0.566369	0.566369	0.566369	0.566369	0.566369
