Crust moisture [-]
0.504745	0.504998	0.504745	0.504745	0.504745	0.504745	0.504745	0.504511	0.504511	0.504511	0.504511	0.504511	0.504511	0.533078	0.504745	0.504511	0.504511	0.504511	0.504511	0.504511	0.504511	0.504511	0.504511	0.504511	0.504511	0.504511	0.504511	0.504511	0.504511	0.504511	0.504511	0.504511	0.504511	0.504511	0.504511	0.504511	0.504511	0.504511	0.504511	0.504511	0.504511	0.504511	0.504511	0.504511	0.504511	0.504511	0.504511	0.504511	0.504511	0.504511	0.504511	0.504511	0.504511	0.504511	0.504511	0.504511	0.504511	0.504511	0.504511	0.504511	0.504511	0.504511	0.504511	0.504511	0.504511	0.504511	0.504511	0.504511	0.504511	0.504511	0.504511	0.504511	0.504511	0.504511
0.504511	0.504511	0.504511	0.504511	0.504511	0.504511	0.504511	0.504511	0.504511	0.504511	0.504511	0.504511	0.504511	0.533078	0.504511	0.504511	0.504511	0.504511	0.504511	0.504511	0.504511	0.504511	0.504511	0.504511	0.504511	0.504511	0.504511	0.504511	0.504745	0.504511	0.504511	0.504511	0.504511	0.504511	0.504511	0.504511	0.504511	0.504511	0.504511	0.504511	0.504511	0.504511	0.504511	0.504511	0.504511	0.504511	0.504511	0.504511	0.504511	0.504511	0.504511	0.504511	0.504511	0.504511	0.504511	0.504511	0.504511	0.504511	0.504511	0.504511	0.504511	0.504511	0.504511	0.504511	0.504511	0.504511	0.504511	0.504511	0.504511	0.504511	0.504511	0.504511	0.504511	0.504511
0.504511	0.504511	0.504511	0.504511	0.504511	0.504511	0.504745	0.504511	0.504511	0.504511	0.504511	0.504511	0.504511	0.504511	0.533078	0.504511	0.504511	0.504511	0.504511	0.504511	0.504511	0.504511	0.504511	0.504745	0.504511	0.504511	0.504511	0.504511	0.504511	0.504511	0.504511	0.504511	0.504511	0.504511	0.504511	0.504511	0.504511	0.504511	0.504511	0.504511	0.504511	0.504511	0.504511	0.504511	0.504511	0.504511	0.504511	0.504511	0.504511	0.504511	0.504511	0.504511	0.504511	0.504511	0.504511	0.504511	0.504511	0.504511	0.504511	0.504511	0.504511	0.504511	0.504511	0.504511	0.504511	0.504511	0.504511	0.504511	0.504511	0.504511	0.504511	0.504511	0.504511	0.504511
0.504511	0.504511	0.504511	0.504511	0.504511	0.504511	0.504511	0.504511	0.504511	0.504511	0.504511	0.504511	0.504511	0.504998	0.504998	0.504998	0.504511	0.504511	0.504511	0.504511	0.504745	0.504511	0.504511	0.504511	0.504745	0.504511	0.504511	0.504511	0.504511	0.504511	0.504511	0.504511	0.504511	0.504511	0.504511	0.504511	0.504511	0.504511	0.504511	0.504511	0.504511	0.504511	0.504511	0.504511	0.504511	0.504511	0.504511	0.504511	0.504511	0.504511	0.504511	0.504511	0.504511	0.504511	0.504511	0.504511	0.504511	0.504511	0.504511	0.504511	0.504511	0.504511	0.504511	0.504511	0.504511	0.504511	0.504511	0.504511	0.504511	0.504511	0.504511	0.504511	0.504511	0.504511
0.504511	0.504511	0.504511	0.504511	0.504745	0.504511	0.504511	0.504511	0.504511	0.504511	0.504511	0.504511	0.504823	0.504511	0.504745	0.509612	0.504998	0.504998	0.504745	0.504745	0.504511	0.504511	0.504511	0.504511	0.504745	0.504511	0.504511	0.504511	0.504511	0.504511	0.622454	0.504511	0.504511	0.504511	0.504511	0.504511	0.504511	0.504511	0.504511	0.504511	0.504511	0.504511	0.504511	0.504511	0.504511	0.504511	0.504511	0.504511	0.504511	0.504511	0.504511	0.504511	0.504511	0.504511	0.504511	0.504511	0.504511	0.504511	0.504511	0.504511	0.504511	0.504511	0.504511	0.504511	0.504745	0.504745	0.504511	0.504511	0.504511	0.504511	0.504511	0.504511	0.504511	0.504511
0.504801	0.504511	0.504745	0.504511	0.504511	0.504511	0.504511	0.504511	0.504511	0.504511	0.504511	0.504745	0.504511	0.504511	0.504511	0.504511	0.53318	0.504511	0.504511	0.504745	0.504511	0.504511	0.504511	0.504511	0.504511	0.504511	0.504511	0.504511	0.504511	0.504511	0.504511	0.504511	0.504511	1	0.504745	0.504511	0.504511	0.504511	0.504511	0.504511	0.504511	0.504511	0.504511	0.504511	0.504511	0.504511	0.504511	0.533078	0.504745	0.504511	0.504511	0.504511	0.504511	0.504511	0.504511	0.504511	0.504511	0.504511	0.504511	0.504511	0.504511	0.504511	0.533078	0.504998	0.504511	0.504511	0.504511	0.504511	0.504511	0.504511	0.504511	0.504511	0.504511	0.504511
0.504511	0.504745	0.504511	0.504511	0.504511	0.504511	0.504511	0.504511	0.504511	0.504511	0.532993	0.504511	0.504511	0.504511	0.504511	0.504745	0.504511	0.504511	0.504511	0.504511	0.504635	0.504511	0.504511	0.504511	0.504511	0.504511	0.504511	0.504511	0.504511	0.504511	0.504511	0.504511	0.504511	0.504511	0.504511	0.504745	0.504745	0.504511	0.504511	0.504511	0.504745	0.504745	0.504511	0.504511	0.504511	0.533078	0.533078	0.504511	0.504511	0.533078	0.504511	0.504511	0.504511	0.504511	0.504511	0.504745	0.504511	0.504511	0.504511	0.504511	0.533078	0.533078	0.504511	0.504511	0.504511	0.504511	0.504511	0.504511	0.504511	0.504511	0.504511	0.504511	0.504511	0.504511
0.504511	0.504998	0.504745	0.504511	0.504511	0.504511	0.504511	0.504511	0.504511	0.504511	0.504998	0.504511	0.504511	0.504511	0.504511	0.504745	0.504511	0.504511	0.504511	0.504511	0.504511	0.504624	0.504511	0.504511	0.504745	0.504511	0.504511	0.504511	0.504511	0.504511	0.504511	0.504511	0.504511	0.504511	0.504511	0.504511	0.504511	0.504511	0.807938	0.504511	0.504745	0.504511	0.504511	0.533078	0.533078	0.504511	0.504511	0.504511	0.504511	0.504511	0.533078	0.533078	0.533078	0.533145	0.504745	0.504511	0.504745	0.506117	0.504511	0.504511	0.504511	0.504511	0.504511	0.504511	0.504511	0.504511	0.504511	0.504511	0.504511	0.504511	0.504511	0.504511	0.504511	0.504511
0.504745	0.504511	0.504511	0.504511	0.504511	0.504511	0.504511	0.504511	0.504511	0.504511	0.504998	0.504511	0.504511	0.504511	0.504511	0.504745	0.504511	0.504511	0.504511	0.504511	0.504511	0.504745	0.504745	0.504511	0.504511	0.504511	0.504511	0.504511	0.504511	0.504511	0.504511	0.504511	0.504511	0.504511	0.504511	0.504511	0.504511	0.504511	0.504511	0.504511	0.504511	0.504745	1	0.504511	0.504511	0.504511	0.504511	0.504511	0.504511	0.504511	0.504511	0.504511	0.504511	0.504511	0.533684	0.533078	0.504745	0.504511	0.504511	0.504511	0.504511	0.504511	0.504511	0.504511	0.504511	0.504511	0.504511	0.504511	0.504511	0.504511	0.504511	0.504511	0.504511	0.504511
0.504745	0.504511	0.504511	0.504511	0.504511	0.504511	0.504511	0.504511	0.504511	0.504511	0.504998	0.504511	0.504511	0.504511	0.504511	0.504511	0.504745	0.504511	0.504511	0.504511	0.504511	0.504745	0.504511	0.504745	0.504511	0.504511	0.504511	0.504511	0.504511	0.504511	0.504511	0.504524	0.504511	0.504511	0.504511	0.504511	0.504511	0.504511	0.504511	0.504511	0.504511	0.504511	0.504511	0.504511	0.504511	0.504511	0.504511	0.504511	0.504511	0.504511	0.504511	0.504511	0.504511	0.504511	0.504511	0.504511	0.504745	0.504511	0.504511	0.504511	0.504511	0.504511	0.504511	0.504511	0.504511	0.504745	0.504511	0.504511	0.504511	0.504511	0.504511	0.504511	0.504511	0.504511
0.504745	0.504511	0.504511	0.504511	0.504511	0.504511	0.504511	0.504511	0.504745	0.50647	0.504511	0.504511	0.504511	0.504511	0.504511	0.504511	0.504511	0.504511	0.504511	0.504511	0.50472	0.504745	0.504511	0.504511	0.504745	0.504511	0.504511	0.504511	0.504511	0.504511	0.504745	0.504511	0.504511	0.504511	0.504511	0.504511	0.504511	0.504511	0.504511	0.504511	0.504511	0.504511	0.504511	0.504511	0.504511	0.504511	0.504511	0.504511	0.504511	0.504511	0.504511	0.504511	0.504511	0.504511	0.504511	0.504511	0.504511	0.504745	0.504511	0.504511	0.504511	0.504511	0.504745	0.504745	0.504745	0.504511	0.504511	0.504511	0.504511	0.504511	0.504511	0.504511	0.504511	0.504511
0.504511	0.504511	0.504511	0.504511	0.504511	0.504511	0.504511	0.504511	0.504511	0.504511	0.504998	0.504511	0.504511	0.504511	0.504511	0.504511	0.504511	0.504745	0.538638	0.504998	0.504511	0.504511	0.504511	0.504511	0.504511	0.504745	0.504511	0.504511	0.504511	0.504511	0.504745	0.504511	0.504511	0.504511	0.504511	0.504511	0.504511	0.504511	0.504511	0.504511	0.504511	0.504511	0.504511	1	0.504511	0.504511	0.504511	0.504511	0.504511	0.504511	0.504511	0.504511	0.504511	0.504511	0.504511	0.504511	0.504511	0.504511	0.504745	0.504511	0.504745	0.504745	0.504511	0.504511	0.504511	0.504511	0.504511	0.504511	0.504511	0.504511	0.504511	0.504511	0.504511	0.504511
0.504511	0.504511	0.504511	0.504511	0.504511	0.504511	0.504521	0.504542	0.504745	0.504745	0.504998	0.504511	0.504511	0.504511	0.504511	0.504511	0.504511	0.504511	0.504511	0.504745	0.504745	0.504511	0.504511	0.504511	0.504511	0.504511	0.504745	0.504511	0.504511	0.504511	0.504511	0.504511	0.504511	0.504511	0.504511	0.504511	0.504511	0.504511	0.504511	0.504511	0.504511	0.504511	0.504511	0.504998	0.504511	0.504511	0.504511	0.504511	0.504511	0.504511	0.504511	0.504511	0.504511	0.504511	0.504511	0.504511	0.504511	0.504511	0.504511	0.504745	0.504511	0.504745	0.504511	0.504511	0.504511	0.504511	0.504511	0.504511	0.504511	0.504745	0.504511	0.504511	0.504511	0.504511
0.504511	0.504511	0.504511	0.504511	0.504511	0.504511	0.504573	0.504722	0.504745	0.504745	0.504511	0.504764	0.504511	0.504511	0.504511	0.504511	0.504511	0.504511	0.504998	0.504745	0.504511	0.504645	0.504511	0.504511	0.504511	0.504511	0.504745	0.504511	0.504511	0.504511	0.504511	0.504745	0.504511	0.504511	0.504511	0.504511	0.504511	0.504511	0.504511	0.504511	0.504511	0.504511	0.504511	0.504511	0.504511	0.504511	0.504511	0.504511	0.504511	0.504511	0.504511	0.504511	0.504511	0.504511	0.504511	0.504511	0.504511	0.504511	0.504511	0.504511	0.504511	0.504511	0.504745	0.504745	0.504511	0.504511	0.504511	0.504511	0.504511	0.504745	0.504511	0.504511	0.504511	0.504511
0.504511	0.504511	0.504511	0.504511	0.504511	0.504511	0.504511	0.504745	0.504745	0.504745	0.504511	0.504511	0.504998	0.504511	0.504511	0.504745	0.504511	0.504745	0.504511	0.504511	0.504745	0.504511	0.504511	0.504511	0.504511	0.504511	0.504511	0.504745	0.504511	0.504511	0.504511	0.504511	0.504511	0.504511	0.504511	0.504511	0.504511	0.504511	0.504511	0.504511	0.504511	0.504511	0.504511	0.504511	0.504511	0.504511	0.504511	0.504511	0.504511	0.504511	0.504511	0.504511	0.504511	0.504511	0.504511	0.504511	0.504511	0.504511	0.504511	0.504511	0.504511	0.504511	0.504511	0.504511	0.504745	0.504745	0.504745	0.504511	0.504511	0.504511	0.504511	0.504511	0.504511	0.504511
0.504745	0.504511	0.504511	0.504511	0.504511	0.504511	0.504511	0.504511	0.504745	0.504511	0.504511	0.504511	0.504511	0.533078	0.504511	0.504511	0.504511	0.504745	0.504511	0.504511	0.504745	0.504511	0.504511	0.504511	0.504511	0.504511	0.504511	0.504511	0.504745	0.504511	0.504511	0.504511	0.504511	0.504511	0.504745	0.504511	0.504511	0.504511	0.504511	0.504511	0.504511	0.504511	0.504511	0.504511	0.504511	0.504511	0.504511	0.504511	0.504511	0.504511	0.504511	0.504511	0.504511	0.504511	0.504511	0.504511	0.504511	0.504511	0.504511	0.504511	0.504511	0.504511	0.504511	0.504511	0.504511	0.504511	0.504511	0.504745	0.504511	0.504511	0.504511	0.504511	0.504511	0.504511
0.504511	0.504511	0.504511	0.504511	0.504511	0.504511	0.504511	0.504511	0.504745	0.504511	0.504511	0.504511	0.504511	0.533078	0.504511	0.504511	0.504745	0.504511	0.504511	0.504511	0.504511	0.504511	0.504511	0.504511	0.504511	0.504511	0.504511	0.504511	0.504511	0.504745	0.504511	0.504511	0.504511	0.504745	0.504511	0.504511	0.504511	0.504511	0.504511	0.504511	0.504511	0.504511	0.504511	0.504511	0.504511	0.6568	0.504511	0.504511	0.504511	0.504511	0.504511	0.504511	0.504511	0.504511	0.504511	0.504511	0.504511	0.504511	0.504511	0.504511	0.504511	0.504511	0.504511	0.504511	0.504511	0.504511	0.504511	0.504511	0.504745	0.504511	0.504511	0.504511	0.504511	0.504511
0.504704	0.504511	0.504511	0.504511	0.504511	0.504511	0.504511	0.504511	0.504511	0.504745	0.504511	0.504511	0.504511	0.504745	0.533078	0.504511	0.504511	0.504511	0.504511	0.504511	0.504511	0.504511	0.504511	0.504511	0.504511	0.504511	0.504511	0.504511	0.504511	0.504745	0.504511	0.504511	0.504511	0.504745	0.504511	0.504511	0.504511	0.504511	0.504511	0.504511	0.504511	0.504511	0.504511	0.504511	0.504511	0.504511	0.504511	0.504511	0.504511	0.504511	0.504511	0.504511	0.504511	0.504511	0.504511	0.504511	0.504511	0.504511	0.504511	0.504511	0.504511	0.504511	0.504511	0.504511	0.504511	0.504532	0.504745	0.504745	0.504745	0.504511	0.504511	0.504511	0.504511	0.504511
0.504745	0.504511	0.504511	0.504745	0.504511	0.504511	0.504511	0.504511	0.504511	0.504511	0.504511	0.504511	0.504745	0.504511	0.504511	0.504745	0.504511	0.504511	0.504511	0.504511	0.504511	0.504511	0.504511	0.504511	0.504511	0.504511	0.504511	0.504511	0.504745	0.504745	0.504511	0.504511	0.504511	0.504511	0.504511	0.504511	0.504511	0.504511	0.504511	0.504511	0.504511	0.504511	0.504511	0.504511	0.504511	0.504511	0.504745	0.504511	0.504511	0.504511	0.504511	0.504511	0.504511	0.504511	0.504511	0.504511	0.504511	0.504511	0.504511	0.504511	0.504511	0.504511	0.504511	0.504511	0.504511	0.504511	0.504745	0.504511	0.504511	0.504511	0.504511	0.504511	0.504511	0.504511
0.504745	0.504511	0.504511	0.504511	0.504511	0.504511	0.504511	0.504511	0.504511	0.504511	0.504511	0.504511	0.504745	0.504511	0.504511	0.504511	0.504745	0.504511	0.504511	0.504511	0.504511	0.504511	0.504511	0.504511	0.504511	0.504511	0.504511	0.504745	0.504511	0.504745	0.504511	0.504511	0.504511	0.504511	0.504511	0.504511	0.504511	0.504511	0.504511	0.504511	0.504511	0.504511	0.504511	0.504511	0.504511	1	0.504511	0.504511	0.504511	0.504511	0.504511	0.504511	0.504511	0.504511	0.504511	0.504511	0.504511	0.504511	0.504511	0.504511	0.504511	0.504511	0.504511	0.504511	0.504511	0.504511	0.504511	0.504511	0.504511	0.504511	0.504511	0.504511	0.504511	0.504511
0.504745	0.504511	0.504511	0.504511	0.504511	0.504511	0.504745	0.504511	0.504657	0.504511	0.504511	0.504511	0.504511	0.504511	0.504511	0.504511	0.504511	0.504745	0.504511	0.504714	0.504745	0.504511	0.504511	0.504511	0.504511	0.504511	0.504511	0.504745	0.504745	0.504511	0.504511	0.504511	0.504511	0.504511	0.538638	0.504511	0.504511	0.504511	0.504511	0.504511	0.504511	0.504511	0.504511	0.504511	0.504511	0.504511	0.504511	0.504511	0.504511	0.504511	0.504511	0.504511	0.504511	0.504511	0.504511	0.504511	0.504511	0.504511	0.504511	0.504511	0.504511	0.504511	0.504511	0.504511	0.504511	0.504511	0.504511	0.504511	0.504745	0.504745	0.504511	0.504511	0.504511	0.504511
0.504745	0.504511	0.504511	0.504745	0.504694	0.504691	0.504745	0.504511	0.504511	0.504745	0.504511	0.504511	0.504511	0.504511	0.504511	0.504511	0.504745	0.504511	0.504511	0.504511	0.504511	0.504511	0.504511	0.504511	0.504511	0.504511	0.504511	0.504511	0.504745	0.504511	0.504511	0.504511	0.504511	0.504511	0.504745	0.504511	0.504511	0.504511	0.504511	0.504511	0.504511	0.504511	0.504511	0.504511	0.504511	0.504511	0.504511	0.504511	0.504511	0.504511	0.504511	0.504511	0.504511	0.504511	0.504511	0.504511	0.504511	0.504511	0.504511	0.504511	0.504511	0.504511	0.504511	0.504511	0.504511	0.504511	0.504511	0.504511	0.504511	0.504511	0.504511	0.504511	0.504511	0.504511
0.504745	0.504511	0.504511	0.504745	0.504745	0.504745	0.504745	0.504511	0.504511	0.504553	0.504511	0.504511	0.504511	0.504511	0.504511	0.504511	0.504511	0.504511	0.504511	0.504511	0.504511	0.504511	0.504511	0.504511	0.504511	0.504511	0.504511	0.504511	0.504745	0.504511	0.504511	0.504511	0.504511	0.504511	0.504745	0.504511	0.504511	0.504511	0.504511	0.504511	0.504511	0.504511	0.504511	0.504511	0.504511	0.504511	1	0.504511	0.504511	0.504511	0.504511	0.504511	0.504511	0.504511	0.504511	0.504511	0.504511	0.504511	0.504511	0.504511	0.504511	0.504511	0.504511	0.504511	0.504511	0.504511	0.504511	0.504511	0.504511	0.504511	0.504511	0.504511	0.504511	0.504511
0.504511	0.504511	0.504511	0.504745	0.504745	0.504745	0.504745	0.504745	0.504745	0.504511	0.504511	0.504511	0.504511	0.504511	0.504511	0.504511	0.504511	0.504511	0.504511	0.504511	0.504511	0.504511	0.504511	0.504511	0.504511	0.504511	0.504511	0.504511	0.504648	0.504511	0.504511	0.504511	0.504511	0.504511	0.504511	0.504511	0.504511	0.504511	0.504511	0.504511	0.504511	0.504511	0.504511	0.504511	0.504511	0.504511	0.504998	0.504511	0.504511	0.504511	0.504511	0.504511	0.504511	0.504511	0.504511	0.504511	0.504511	0.504511	0.504511	0.504511	0.504511	0.504511	0.504511	0.504511	0.504511	0.504511	0.504511	0.504511	0.504511	0.504511	0.504511	0.504511	0.504511	0.504511
0.504745	0.504511	0.504511	0.504511	0.504745	0.504745	0.504511	0.504511	0.504511	0.504511	0.504511	0.504511	0.504511	0.504511	0.504511	0.504511	0.504511	0.504511	0.504511	0.504511	0.504511	0.504511	0.504511	0.504511	0.504511	0.504511	0.504511	0.504745	0.504511	0.504511	0.504511	0.504511	0.504511	0.504511	0.504511	0.542829	0.504511	0.504511	0.504511	0.504511	0.504511	0.504511	0.504511	0.504511	0.504511	0.504511	0.504745	0.504511	0.504511	0.504511	0.504511	0.504511	0.504511	0.504511	0.504511	0.504511	0.504511	0.504511	0.504511	0.504745	0.504511	0.504511	0.504511	0.504511	0.504511	0.504511	0.504511	0.504511	0.504511	0.504511	0.504511	0.504511	0.504511	0.504511
0.504745	0.504511	0.504511	0.504511	0.504511	0.504745	0.504511	0.504511	0.504511	0.504511	0.504511	0.504511	0.504511	0.504511	0.504511	0.504511	0.504511	0.504511	0.504511	0.504511	0.504511	0.504511	0.504511	0.504511	0.504511	0.504511	0.504511	0.504511	0.504511	0.504511	0.504511	0.504511	0.504511	0.504511	0.504511	0.504511	0.504511	0.504511	0.504511	0.504511	0.504511	0.504511	0.504511	0.504511	0.504511	0.504511	0.504511	0.504745	0.504511	0.504511	0.504511	0.504511	0.504511	0.504511	0.504511	0.504511	0.504511	0.504511	0.504511	0.504745	0.504511	0.504511	0.504511	0.504511	0.504511	0.504511	0.504511	0.504511	0.504511	0.504511	0.504511	0.504511	0.504511	0.504511
0.504745	0.504511	0.504511	0.504511	0.504511	0.504511	0.504511	0.504511	0.504511	0.504511	0.504511	0.504511	0.504511	0.504511	0.504511	0.504511	0.504511	0.504511	0.504511	0.504511	0.504511	0.504511	0.504511	0.504511	0.504511	0.504745	0.504511	0.504511	0.504511	0.504511	0.504511	0.504511	0.504511	0.504732	0.504511	0.504511	0.504511	0.504511	0.504511	0.504511	0.504511	0.504511	0.504511	0.504511	0.504511	0.504511	0.504511	0.504511	0.504745	0.504511	0.504511	0.504511	0.504511	0.504511	0.504511	0.504511	0.504511	0.504511	0.504511	0.504653	0.504511	0.504511	0.504511	0.504511	0.504511	0.504511	0.504511	0.504511	0.504511	0.504511	0.504511	0.504511	0.504511	0.504511
0.504511	0.504511	0.504511	0.504511	0.504511	0.504511	0.504511	0.504511	0.504511	0.504511	0.504511	0.504511	0.504511	0.504511	0.504511	0.504511	0.504511	0.504511	0.504511	0.504511	0.504511	0.504745	0.504511	0.504511	0.504511	0.504745	0.504511	0.504511	0.504511	0.504511	0.504511	0.504511	0.504511	0.504511	0.504511	0.504511	0.504511	0.504511	0.504511	0.504511	0.504511	0.504511	0.504511	0.504511	0.504511	0.504511	0.504511	0.504511	0.504511	0.504511	0.504511	0.504511	0.504511	0.504511	0.504511	0.504511	0.504511	0.504511	0.504511	0.504511	0.504511	0.504511	0.504511	0.504511	0.504511	0.504511	0.504511	0.504511	0.504511	0.504511	0.504511	0.504511	0.504511	0.504511
0.504511	0.504511	0.504511	0.504511	0.504511	0.504511	0.504511	0.504511	0.504511	0.504511	0.504511	0.504511	0.504511	0.504511	0.504511	0.504511	0.504511	0.504511	0.504511	0.504511	0.504511	0.504745	0.504511	0.504511	0.504511	0.504511	0.504511	0.504511	0.504511	0.504511	0.504511	0.504511	0.504511	0.504511	0.504511	0.504511	0.504511	0.504511	0.504511	0.504511	0.504511	0.504511	0.504511	0.504511	0.504511	0.504511	0.504511	0.504511	0.504511	0.504511	0.504511	0.504511	0.504511	0.504511	0.504511	0.504511	0.504511	0.504511	0.504511	0.504511	0.504511	0.504511	0.504511	0.504511	0.504511	0.504511	0.504511	0.504511	0.504511	0.504511	0.504511	0.504511	0.504511	0.504511
0.504511	0.504511	0.504511	0.504511	0.504511	0.504511	0.504511	0.504511	0.504511	0.504511	0.504511	0.504511	0.504511	0.504511	0.504511	0.504511	0.504511	0.504511	0.504511	0.504511	0.504511	0.504511	0.504511	0.504511	0.504511	0.504511	0.504511	0.504511	0.504511	0.504511	0.504511	0.504556	0.504511	0.504511	0.504511	0.504511	0.504511	0.504511	0.504511	0.504511	0.504511	0.504511	0.504511	0.504511	0.504511	0.504511	0.504511	0.504511	0.504511	1	0.504511	0.504511	0.504511	0.504511	0.504511	0.504511	0.504511	0.504511	0.504511	0.504511	0.504511	0.504511	0.504511	0.504511	0.504511	0.504511	0.504511	0.504511	0.504511	0.504511	0.504511	0.504511	0.504511	0.504511
0.504511	0.504511	0.504511	0.504511	0.504511	0.504511	0.504511	0.504511	0.504511	0.504511	0.504511	0.504511	0.504511	0.504511	0.504511	0.504511	0.504511	0.504511	0.504511	0.504511	0.504511	0.504511	0.504511	0.504511	0.504718	0.504511	0.504581	0.504511	0.504511	0.504511	0.504668	0.504511	0.504511	0.504511	0.504511	0.504511	0.504511	0.504511	0.504511	0.504511	0.504511	0.504511	0.504511	0.504511	0.504511	0.504511	0.504511	0.504511	0.504511	0.504511	0.504998	0.504511	0.504511	0.504511	0.504511	0.504511	0.504511	0.504511	0.504511	0.504511	0.504511	0.504511	0.504511	0.504511	0.504511	0.504511	0.504511	0.504511	0.504511	0.504511	0.504511	0.504511	0.504511	0.504511
0.504511	0.504511	0.504511	0.504511	0.504511	0.504511	0.504511	0.504511	0.504511	0.504511	0.504511	0.504511	0.504511	0.504511	0.504511	0.504511	0.504511	0.504511	0.504511	0.504511	0.504511	0.504511	0.504511	0.504745	0.504511	0.504745	0.504511	0.504511	0.504511	0.504576	0.504511	0.504511	0.504511	0.504511	0.504511	0.504511	0.504511	0.504511	0.504511	0.504511	0.504511	0.504511	0.504511	0.504511	0.504511	0.505113	0.504511	0.504511	0.504511	0.504511	0.504998	0.504511	0.504511	0.504511	0.504511	0.504511	0.504511	0.504511	0.504511	0.504511	0.504511	0.504511	0.504511	0.504511	0.504511	0.504511	0.504511	0.504511	0.504511	0.504511	0.504511	0.504511	0.504511	0.504511
0.504511	0.504511	0.504511	0.504511	0.504511	0.504511	0.504511	0.504511	0.504511	0.504511	0.504511	0.504511	0.504511	0.504511	0.504511	0.504511	0.504511	0.504511	0.504511	0.504511	0.504511	0.504511	0.504511	0.504511	0.504511	0.504511	0.504511	0.504511	0.50476	0.504511	0.504511	0.504511	0.504511	0.504511	0.504511	0.504511	0.504511	0.504511	0.504511	0.504511	0.504511	0.504511	0.504511	0.504511	0.504511	0.505712	0.504511	0.504511	0.504511	0.504511	0.504511	0.504745	0.504511	0.504511	0.504511	0.504511	0.504511	0.504511	0.504511	0.504511	0.504511	0.504511	0.504511	0.504511	0.504511	0.504511	0.504511	0.504511	0.504511	0.504511	0.504511	0.504511	0.504511	0.504511
0.504511	0.504511	0.504511	0.504511	0.504511	0.504511	0.504511	0.504511	0.504511	0.504511	0.504511	0.504511	0.504511	0.504511	0.504511	0.504511	0.504511	0.504511	0.504511	0.504511	0.504511	0.504511	0.504511	0.504511	0.504511	0.504511	0.504511	0.504689	0.504511	0.504511	0.504511	0.504511	0.504511	0.504511	0.504511	0.504511	0.504511	0.504511	0.504511	0.504511	0.504511	0.504511	0.504511	0.504511	0.504511	0.504511	0.504511	0.504511	0.504511	0.504511	0.504511	0.504511	0.504745	0.504511	0.504511	0.504511	0.504745	0.504511	0.504511	0.504511	0.504511	0.504511	0.504511	0.504511	0.504511	0.504511	0.504511	0.504511	0.504511	0.504511	0.504511	0.504511	0.504511	0.504511
0.504511	0.504511	0.504511	0.504511	0.504511	0.504511	0.504511	0.504511	0.504511	0.504511	0.504511	0.504511	0.504511	0.504511	0.504511	0.504511	0.504511	0.504511	0.504511	0.504511	0.504511	0.504511	0.504511	0.504511	0.504511	0.533078	0.506103	0.504511	0.504511	0.504511	0.504511	0.504511	0.504511	0.504511	0.504511	0.504511	0.504511	0.504511	0.504511	0.504511	0.504511	0.504511	0.504511	0.504531	0.504511	0.504511	0.504511	0.504511	0.504511	0.504511	0.504511	0.504511	0.504511	0.504745	0.504745	0.504745	0.504511	0.504511	0.504511	0.504511	0.504511	0.504511	0.504511	0.504511	0.504511	0.504511	0.504511	0.504511	0.504511	0.504511	0.504511	0.504511	0.504511	0.504511
0.504511	0.504745	0.504511	0.504511	0.504511	0.504511	0.504511	0.504511	0.504511	0.504511	0.504511	0.504511	0.504511	0.504511	0.504511	0.504511	0.504511	0.504511	0.504511	0.504745	0.504511	0.504511	0.504998	0.504998	0.504745	0.504745	0.504511	0.504511	0.504511	0.504511	0.504511	0.504511	0.504511	0.504511	0.504511	0.504511	0.504511	0.504511	0.504511	0.504511	0.504511	0.504511	0.504511	0.504511	0.504511	0.504511	0.504511	0.504511	0.504511	0.504511	0.504511	0.504511	0.504511	0.504511	1	0.504511	0.504511	0.504511	0.504511	0.504511	0.504511	0.504511	0.504511	0.504511	0.504511	0.504511	0.504511	0.504511	0.504511	0.504511	0.504511	0.504511	0.504511	0.504511
0.504745	0.504511	0.504511	0.504511	0.504511	0.504511	0.504511	0.504511	0.504511	0.504511	0.504511	0.504511	0.504511	0.504511	0.504511	0.504511	0.504511	0.504511	0.504511	0.504511	0.504511	0.504511	0.504511	0.504511	0.504745	0.504745	0.504745	0.504511	0.504511	0.504511	0.504511	0.504511	0.504511	0.504511	0.504511	0.504511	0.504511	0.504511	0.504511	0.504511	0.504511	0.504511	0.504511	0.505098	0.504511	0.504511	0.504511	0.504511	0.504511	0.504511	0.504511	0.504511	0.504511	0.504511	0.504511	0.504745	0.504511	0.504511	0.504511	0.504511	0.504511	0.504511	0.504511	0.504511	0.504511	0.504511	0.504511	0.504511	0.504511	0.504511	0.504511	0.504511	0.504511	0.504511
0.504511	0.504511	0.504511	0.504511	0.504511	0.504511	0.504511	0.504511	0.504511	0.504511	0.504511	0.504511	0.504511	0.504511	0.504511	0.504511	0.504511	0.504511	0.504511	0.504511	0.504511	0.504511	0.504511	0.504511	0.504745	0.504745	0.504745	0.504745	0.504552	0.504511	0.504511	0.504511	0.504511	0.504511	0.504511	0.504511	0.504511	0.504511	0.504511	0.504511	0.504511	0.504511	0.504511	0.504511	0.509038	0.504511	0.504511	0.504511	0.504511	0.504511	0.504511	0.504511	0.504511	0.504511	0.504511	0.504511	0.504511	0.504511	0.504511	0.504511	0.504511	0.504511	0.504511	0.504511	0.504511	0.504511	0.504511	0.504511	0.504511	0.504511	0.504511	0.504511	0.504511	0.504511
0.504511	0.504511	0.504511	0.504511	0.504511	0.504511	0.504511	0.504511	0.504511	0.504511	0.504511	0.504511	0.504511	0.504511	0.504511	0.504511	0.504511	0.504511	0.504511	0.504511	0.504511	0.504745	0.504745	0.504745	0.504745	0.504745	0.504745	0.504745	0.504511	0.504511	0.50471	0.504511	0.504511	0.504511	0.504511	0.504511	0.504511	0.504511	0.504511	0.504736	0.504511	0.504511	0.504511	0.504511	0.504511	0.512836	0.504511	0.504511	0.504511	0.504511	0.504511	0.504511	0.504511	0.504511	0.504511	0.504511	0.504511	0.504511	0.504511	0.504511	0.504511	0.504511	0.504511	0.504511	0.504511	0.504511	0.504511	0.504511	0.504511	0.504511	0.504511	0.504511	0.504511	0.504511
0.504511	0.504511	0.504511	0.504511	0.504511	0.504511	0.504511	0.504511	0.504511	0.504511	0.504511	0.504511	0.504511	0.504511	0.504511	0.504511	0.504511	0.504511	0.504511	0.504511	0.504511	0.504511	0.504511	0.504511	0.504511	0.504745	0.504745	0.504745	0.504745	0.504745	0.504728	0.504745	0.504745	0.504511	0.504511	0.504511	0.504511	0.504511	0.504511	0.504511	0.504511	0.504511	0.504511	0.504511	0.530225	0.504511	0.504511	0.504511	0.504511	0.504511	0.504511	0.504511	0.504511	0.504511	0.504511	0.504511	0.504511	1	0.504511	0.504511	0.504511	0.504511	0.504511	0.504511	0.504511	0.504511	0.504511	0.504511	0.504511	0.504511	0.504511	0.504511	0.504511	0.504511
0.504511	0.504511	0.504511	0.504511	0.504511	0.504511	0.504511	0.504511	0.504511	0.504511	0.504511	0.504511	0.504511	0.504511	0.504511	0.504511	0.504511	0.504511	0.504511	0.504511	0.504511	0.504511	0.504511	0.504511	0.504511	0.504745	0.504745	0.504745	0.504745	0.504745	0.504745	0.504745	0.504743	0.504511	0.504511	0.504745	0.504511	0.504511	0.504511	0.504511	0.504511	0.504511	0.504511	0.531123	0.504511	0.504511	0.504511	0.504511	0.504511	0.504511	0.504511	0.504511	0.504511	0.504511	0.504511	0.504511	0.504511	0.504511	0.504745	0.504511	0.504511	0.504511	0.504511	0.504511	0.504511	0.504745	0.504511	0.504511	0.504511	0.504511	0.504511	0.504511	0.504511	0.504511
0.504511	0.504511	0.504511	0.504511	0.504511	0.504511	0.504511	0.504511	0.504511	0.504511	0.504511	0.504511	0.504511	0.504511	0.504511	0.504511	0.504511	0.504511	0.504511	0.504511	0.504511	0.504511	0.504511	0.504511	0.504511	0.504745	0.504745	0.504511	0.504745	0.504745	0.504745	0.504745	0.504745	0.504511	0.504745	0.504511	0.504745	0.533078	0.516288	0.508364	0.533078	0.533078	0.532647	0.504511	0.504511	0.504511	0.504511	0.504511	0.504511	0.504511	0.504511	0.504511	0.504511	0.504511	0.504511	0.504511	0.504511	0.504511	0.504511	0.504511	0.504745	0.504511	0.504511	0.504511	0.504745	0.504511	0.504745	0.504745	0.504511	0.504511	0.504511	0.504511	0.504511	0.504511
0.504511	0.504511	0.504511	0.504511	0.504511	0.504511	0.504511	0.504511	0.504511	0.504511	0.504511	0.504511	0.504511	0.504511	0.504511	0.504511	0.504511	0.504511	0.504511	0.504511	0.504511	0.504511	0.504511	0.504511	0.504511	0.504511	0.504511	0.504511	0.504511	0.504511	0.504745	0.504745	0.504745	0.504745	0.504745	0.504511	0.504745	0.504745	0.504745	0.504998	0.504745	0.504745	0.504511	0.504511	0.504511	0.504511	0.504511	0.504511	0.504511	0.504511	0.504511	0.504511	0.504511	0.504511	0.504511	0.504511	0.504511	0.504511	0.504511	0.504511	0.504511	0.504745	0.504511	0.504745	0.504511	0.504511	0.504511	0.504511	0.504511	0.504511	0.504511	0.504511	0.504511	0.504511
0.504511	0.504511	0.504511	0.504511	0.504511	0.504511	0.504511	0.504511	0.504511	0.504511	0.504511	0.504511	0.504511	0.504511	0.504511	0.504511	0.504511	0.504511	0.504511	0.504511	0.504511	0.504511	0.504511	0.504511	0.504511	0.504511	0.504511	0.504511	0.504511	0.504511	0.504745	0.504745	0.504745	0.504745	0.504511	0.504511	0.504745	0.504745	0.504998	0.504511	0.504745	0.504511	0.504511	0.504511	0.504511	0.504511	0.504511	0.504511	0.504511	0.504511	0.504511	0.504511	0.504511	0.504511	0.504511	0.504511	0.504511	0.504511	0.504511	0.504511	0.504511	0.504511	1	0.504511	0.504511	0.504511	0.504511	0.504511	0.504511	0.504511	0.504511	0.504511	0.504511	0.504511
0.504745	0.504511	0.504511	0.504511	0.504511	0.504511	0.504745	0.504745	0.504511	0.504511	0.504511	0.504511	0.504511	0.504511	0.504511	0.504511	0.504511	0.504511	0.504511	0.504511	0.504511	0.504511	0.504511	0.504511	0.504511	0.504511	0.504511	0.504511	0.504511	0.504511	0.504745	0.504511	0.504511	0.504511	0.504511	0.504511	0.504511	0.504745	0.504511	0.504511	0.504511	0.504511	0.504511	0.504511	0.504511	0.504511	0.504511	0.504511	0.504511	0.504511	0.504511	0.504511	0.504511	0.504511	0.504511	0.504511	0.504511	0.504511	0.504511	0.504511	0.504511	0.504511	0.504745	0.504511	0.504511	0.504511	0.504511	0.504511	0.504511	0.504511	0.504511	0.504511	0.504511	0.504511
0.504745	0.504511	0.504511	0.504511	0.504511	0.504745	0.504511	0.504511	0.504511	0.504511	0.504511	0.504511	0.504511	0.504511	0.504511	0.504511	0.504511	0.504511	0.504511	0.504511	0.504511	0.504511	0.504511	0.504511	0.504511	0.504511	0.504511	0.504511	0.504511	0.504511	0.504511	0.504511	0.504511	0.504511	0.504511	0.504511	0.504745	0.504511	0.504511	0.504745	0.504511	0.504511	0.504511	0.504511	0.504511	0.504511	0.504511	0.504511	0.504511	0.504511	0.504511	0.504511	0.504511	0.504511	0.504511	0.504511	0.504511	0.504511	0.504511	0.504511	0.504511	0.504511	0.504511	0.504511	0.504511	0.504511	0.504511	0.504511	0.504511	0.504511	0.504511	0.504511	0.504511	0.504511
0.504998	0.504511	0.504511	0.504511	0.504745	0.504511	0.504511	0.504511	0.504511	0.504511	0.504511	0.504511	0.504511	0.504511	0.504511	0.504511	0.504511	0.504511	0.504511	0.504511	0.504511	0.504511	0.504511	0.504511	0.504511	0.504511	0.504511	0.504511	0.504511	0.504511	0.504511	0.504511	0.504511	0.504511	0.504511	0.504511	0.504745	0.504511	0.504511	0.504745	0.504511	0.504511	0.504511	0.504511	0.504511	0.504511	0.504511	0.504511	0.504511	0.504511	0.504511	0.504511	0.504511	0.504511	0.504511	0.504511	0.504511	0.504511	0.504511	0.504511	0.504511	0.504511	0.504511	0.504511	0.504511	0.504511	0.504511	0.504511	0.504511	0.504511	0.504511	0.504511	0.504511	0.504511
0.504511	0.504998	0.504998	0.504998	0.504511	0.504511	0.504511	0.504511	0.504511	0.504511	0.504511	0.504511	0.504511	0.504511	0.504511	0.504511	0.504511	0.504511	0.504511	0.504511	0.504511	0.504511	0.504511	0.504511	0.504511	0.504511	0.504511	0.504511	0.504511	0.504511	0.504511	0.504511	0.504511	0.504511	0.504511	0.504745	0.504511	0.504511	0.504511	0.504511	0.504511	0.504511	0.504511	0.504511	0.504511	0.504511	0.504511	0.504511	0.504511	0.504511	0.504511	0.504511	0.504511	0.504511	0.504511	0.504511	0.504511	0.504511	0.504511	0.504511	0.504511	0.504511	0.504511	0.504511	0.504511	0.504511	1	0.504511	0.504511	0.504511	0.504511	0.504511	0.504511	0.504511
0.504511	0.504511	0.504511	0.504511	1	0.504511	0.504511	0.504511	0.504511	0.504511	0.504511	0.504511	0.504511	0.504511	0.504511	0.504511	0.504511	0.504511	0.504511	0.504511	0.504511	0.504511	0.504511	0.504511	0.504511	0.504511	0.504511	0.504511	0.504511	0.504511	0.504511	0.504511	0.504511	0.504511	0.504511	0.504511	0.504511	0.504511	0.504745	0.504745	0.504511	0.504511	0.504511	0.504511	0.504511	0.504511	0.504511	0.504511	0.504511	0.504511	0.504511	0.504511	0.504511	0.504511	0.504511	0.504511	0.504511	0.504511	0.504511	0.504511	0.504511	0.504511	0.504511	0.504511	0.504511	0.504511	0.504511	0.504745	0.504511	0.504511	0.504511	0.504511	0.504511	0.504511
0.504511	0.504511	0.504511	0.504745	0.504745	0.504511	0.504511	0.504511	0.504511	0.504511	0.504511	0.504511	0.504511	0.504511	0.504511	0.504511	0.504511	0.504511	0.504511	0.504511	0.504511	0.504511	0.504511	0.504511	0.504511	0.504511	0.504511	0.504511	0.504511	0.504511	0.504511	0.504511	0.504511	0.504511	0.504511	0.504511	0.504511	0.504745	0.504715	0.504745	0.504511	0.504511	0.504511	0.504511	0.504511	0.504511	0.504511	0.504511	0.504511	0.504511	0.504511	0.504511	0.504511	0.504511	0.504511	0.504511	0.504511	0.504511	0.504511	0.504511	0.504511	0.504511	0.504511	0.504511	0.504511	0.504511	0.504511	0.504745	0.504511	0.504511	0.504511	0.504511	0.504511	0.504511
0.504511	0.504511	0.504511	0.504745	0.504511	0.504511	0.504511	0.504511	0.504511	0.504511	0.504511	0.504511	0.504511	0.504511	0.504511	0.504511	0.504511	0.504511	0.504511	0.504511	0.504511	0.504511	0.504511	0.504511	0.504511	0.504511	0.504511	0.504511	0.504511	0.504511	0.504511	0.504511	0.504511	0.504511	0.504511	0.504511	0.504511	0.504745	0.504745	0.504745	0.504745	0.504881	0.504511	0.504511	0.504511	0.504511	0.504511	0.504511	0.504511	0.504511	0.504511	0.504511	0.504511	0.504511	0.504511	0.504511	0.504511	0.504511	0.504511	0.504511	0.504511	0.504511	0.504511	0.504511	0.504511	0.504511	0.504511	0.504745	0.504511	0.504511	0.504511	0.504511	0.504511	0.504511
0.504511	0.504511	0.504511	0.504511	0.504511	0.504511	0.504511	0.504511	0.504511	0.504511	0.504511	0.504511	0.504511	0.504511	0.504511	0.504511	0.504511	0.504511	0.504511	0.504511	0.504511	0.504511	0.504511	0.504511	0.504511	0.504511	0.504511	0.504511	0.504745	0.504511	0.504511	0.504511	0.504511	0.504511	0.504511	0.504511	0.504511	0.504511	0.504511	0.504745	0.504998	0.504511	0.504649	0.504511	0.504511	0.504511	0.504511	0.504511	0.504511	0.504511	0.504511	0.504511	0.504511	0.504511	0.504511	0.504511	0.504511	0.504511	0.504511	0.504511	0.504511	0.504511	0.504511	0.504511	0.504511	0.504511	0.504511	0.504745	0.504511	0.504511	0.504511	0.504511	0.504511	0.504511
0.504511	0.504511	0.504511	0.56121	0.504511	0.504511	0.504511	0.504511	0.504511	0.504511	0.504511	0.504511	0.504511	0.504511	0.504511	0.504511	0.504511	0.504511	0.504511	0.504511	0.504511	0.504511	0.504511	0.504511	0.504511	0.504511	0.504511	0.504511	0.504511	0.504511	0.504511	0.504511	0.504511	0.504511	0.504511	0.504511	0.504511	0.504511	0.504511	0.504998	0.504511	0.504745	0.504681	0.504511	0.504511	0.504511	0.504511	0.504511	0.504511	0.504511	0.504511	0.504511	0.504511	0.504511	0.504511	0.504511	0.504511	0.504511	0.504511	0.504511	0.504511	0.504511	0.504511	0.504511	0.504511	0.504511	0.504511	0.504511	0.504745	0.504511	0.504511	0.504511	0.504511	0.504511
0.504511	0.504511	0.504511	0.504511	0.504745	0.504745	1	0.504745	0.504745	0.504511	0.504511	0.504511	0.504511	0.504511	0.504511	0.504511	0.504511	0.504511	0.504511	0.504511	0.504511	0.504511	0.504511	0.504511	0.504511	0.504511	0.504511	0.504511	0.504511	0.504511	0.504511	0.504511	0.504511	0.504511	0.504745	0.504745	0.504511	0.504745	0.504745	0.504511	0.504745	0.504745	0.504568	0.504511	0.504511	0.504511	0.504511	0.504511	0.504511	0.504511	0.504511	0.504511	0.504511	0.504511	0.504511	0.504511	0.504511	0.504511	0.504511	0.504511	0.504511	0.504511	0.504511	0.504511	0.504511	0.504511	0.504511	0.504511	0.504511	0.504511	0.504511	0.504511	0.504511	0.504511
0.504745	0.504511	0.504511	0.504511	0.504511	0.504745	0.504511	0.504511	0.504511	0.504511	0.504511	0.504511	0.504511	0.504511	0.504511	0.504511	0.504511	0.504511	0.504511	0.504511	0.504511	0.504511	0.504511	0.504511	0.504511	0.504511	0.504511	0.504511	0.504511	0.504511	0.504511	0.504511	0.504511	0.504511	0.504511	0.504511	0.504511	0.504511	0.504511	0.504511	0.504745	0.504745	0.504547	0.504701	0.504691	0.504511	0.504511	0.504511	0.504511	0.504733	0.504511	0.504745	0.504511	0.504511	0.504511	0.504511	0.504511	0.504511	0.504511	0.504511	0.504511	0.504511	0.504511	0.504511	0.504511	0.504511	0.504511	0.504511	0.504511	0.504511	0.504511	1	0.504511	0.504511
0.504745	0.504511	0.504511	0.504511	0.504511	0.504511	0.504745	0.504511	0.504511	0.504511	0.504511	0.504511	0.504511	0.504511	0.504511	0.504511	0.504511	0.504511	0.504511	0.504511	0.504511	0.504511	0.504511	0.504511	0.504511	0.504511	0.504511	0.504511	0.504511	0.504511	0.504511	0.504511	0.504511	0.504511	0.504511	0.504511	0.504511	0.504511	0.504511	0.504511	0.504745	0.504745	0.504745	0.504745	0.50461	0.504745	0.504511	0.504511	0.504998	0.504511	0.504745	0.504511	0.504511	0.504511	0.504511	0.504511	0.504511	0.504511	0.504511	0.504511	0.504511	0.504511	0.504511	0.504511	0.504511	0.504511	0.504511	0.504511	0.504511	0.504511	0.504511	0.504511	0.504745	0.504511
0.504511	0.504511	0.504511	0.504511	0.504511	0.504745	0.504511	0.504511	0.504511	0.504529	0.504511	0.504511	0.504511	0.504511	0.504511	0.504511	0.504511	0.504511	0.504511	0.504511	0.504511	0.504511	0.504511	0.504511	0.504511	0.504511	0.504511	0.504511	0.504511	0.504511	0.504511	0.504511	0.504511	0.504511	0.504511	0.504511	0.504745	0.504511	0.504511	0.504511	0.504745	0.504745	0.504745	0.504745	0.504745	0.504745	0.504998	0.504998	0.504745	0.504511	0.504511	0.504511	0.504511	0.504511	0.504511	0.504511	0.504511	0.504511	0.504511	0.504511	0.504511	0.504511	0.504511	0.504511	0.504511	0.504511	0.504511	0.504511	0.504511	0.504511	0.504511	0.504511	0.504511	0.504511
0.504511	0.504511	0.504511	0.504511	0.504511	0.504511	0.504511	0.504511	0.512917	0.504745	0.504511	0.504511	0.504511	0.504511	0.504511	0.504511	0.504511	0.504511	0.504511	0.504511	0.504511	0.504511	0.504511	0.504511	0.504511	0.504511	0.504511	0.504511	0.504511	0.504511	0.504511	0.504511	0.504511	0.504511	0.504511	0.504511	0.504511	0.504511	0.504511	0.504511	0.504511	0.504511	0.504745	0.504511	0.504511	0.504511	0.504745	0.504745	0.504745	0.504511	0.504511	0.504511	0.504511	0.504511	0.504511	0.504511	0.504511	0.504511	0.504511	0.504511	0.504511	0.504511	0.504511	0.504511	0.504511	0.504511	0.504511	0.504511	0.504511	0.504511	0.504511	0.504511	0.504511	0.504511
0.504511	0.504511	0.504511	0.504511	0.504511	0.504511	0.504511	1	0.504511	0.504511	0.504753	0.504745	0.504745	0.504745	0.504511	0.504511	0.504511	0.504511	0.504511	0.504511	0.504511	0.504511	0.504511	0.504511	0.504511	0.504511	0.504511	0.504511	0.504511	0.504511	0.504511	0.504511	0.504511	0.504511	0.504511	0.504511	0.504511	0.504511	0.504511	0.504511	0.504511	0.504511	0.504745	0.504511	0.504511	0.504511	0.504745	0.504745	0.504745	0.504511	0.504511	0.504511	0.504511	0.504511	0.504511	0.504511	0.504511	0.504511	0.504511	0.504511	0.504511	0.504511	0.504511	0.504511	0.504511	0.504511	0.504511	0.504511	0.504511	0.504511	0.504511	0.504511	0.504511	0.504511
0.504511	0.504511	0.504511	0.504511	0.504511	0.504511	0.504511	0.504511	0.504511	0.504511	0.504511	0.504511	0.504511	0.504511	0.504511	0.504511	0.504511	0.504511	0.504511	0.504511	0.504511	0.504511	0.504511	0.504511	0.504511	0.504511	0.504511	0.504511	0.504511	0.504511	0.504511	0.504511	0.504511	0.504511	0.504511	0.504511	0.504511	0.504511	0.504511	0.504511	0.504511	0.504511	0.504745	0.504511	0.504511	0.504745	0.504511	0.504511	0.504511	0.504511	0.504511	0.504511	0.504511	0.504511	0.504511	0.504511	0.504511	0.504511	0.504511	0.504511	0.504511	0.504511	0.504511	0.504511	0.504511	0.504511	0.504511	0.504511	0.504511	0.504511	0.504511	0.504511	0.504511	0.504511
0.504511	0.504511	0.504511	0.504511	0.504511	0.504511	0.504511	1	0.504511	0.504511	0.504511	0.504511	0.533078	0.504998	0.504998	0.504511	0.504511	0.504511	0.504511	0.504511	0.504511	0.504511	0.504511	0.504745	0.504511	0.504511	0.504511	0.504511	0.504511	0.504511	0.504511	0.504511	0.504511	0.504511	0.504511	0.504511	0.504511	0.504511	0.504511	0.504511	0.504511	0.504511	0.504511	0.504511	0.504511	0.504745	0.504745	0.504726	0.504513	0.504511	0.504511	0.504511	0.504511	0.504511	0.504511	0.504511	0.504511	0.504511	0.504511	0.504511	0.504511	0.504511	0.504511	0.504511	0.504511	0.504511	0.504511	0.504511	0.504511	0.504511	0.504511	0.504511	0.504511	0.504511
0.504511	0.504511	0.504511	0.504511	0.504511	0.504511	0.504511	0.504511	0.504745	0.504511	0.504511	0.504511	0.504511	0.504511	0.504511	0.504511	0.504511	0.504511	0.504511	0.504511	0.504511	0.504511	0.504745	0.504511	0.504511	0.504511	0.504511	0.504511	0.504511	0.504511	0.504511	0.504511	0.504511	0.504511	0.504511	0.504511	0.504511	0.504511	0.504511	0.504511	0.504511	0.504511	0.504511	0.504511	0.504511	0.504745	0.504745	0.504745	0.504511	0.504511	0.504511	0.504511	0.504511	0.504511	0.504511	0.504511	0.504511	0.504511	0.504511	0.504511	0.504511	0.504511	0.504511	0.504511	0.504511	0.504511	0.504511	0.504511	0.504511	0.504511	0.504511	0.504511	0.504511	0.504511
0.504511	0.504511	0.504511	0.504511	0.504511	0.504511	0.504511	0.504511	0.504511	0.504511	0.504745	0.504511	0.504511	0.504511	0.504511	0.504511	0.504511	0.504511	0.504511	0.504745	0.504745	0.504745	0.504511	0.504511	0.504511	0.504511	0.504511	0.504511	0.504511	0.504511	0.504511	0.504511	0.504511	0.504511	0.504511	0.504511	0.504511	0.504511	0.504745	0.504511	0.504511	0.504511	0.504511	0.504511	0.504511	0.504745	0.504745	0.504511	0.504511	0.504511	0.504511	0.504511	0.504511	0.504511	0.504511	0.504511	0.504511	0.504511	0.504511	0.504511	0.504511	0.504511	0.504511	0.504511	0.504511	0.504511	0.504511	0.504511	0.504511	0.504511	0.504511	0.504511	0.504511	0.504511
0.504511	0.504511	0.504511	0.504511	0.504511	0.504511	0.504511	0.504511	0.504511	0.504511	0.504511	1	0.504511	0.504511	0.504511	0.504511	0.504511	0.504998	0.504745	0.504511	0.504511	0.504511	0.504511	0.504511	0.504511	0.504511	0.504511	0.504511	0.504511	0.504511	0.504511	0.504511	0.504511	0.504511	0.504511	0.504511	0.504511	0.504511	0.504511	0.504511	0.504511	0.504511	0.504511	0.504511	0.504511	0.504511	0.504511	0.504511	0.504511	0.504511	0.504511	0.504511	0.504511	0.504511	0.504511	0.504511	0.504511	0.504511	0.504511	0.504511	0.504511	0.504511	0.504511	0.504511	0.504511	0.504511	0.504511	0.504511	0.504511	0.504511	0.504511	0.504511	0.504511	0.504511
0.504511	0.504511	0.504511	0.504511	0.504511	0.504511	0.504511	0.504511	0.504511	0.504511	0.504511	0.504511	0.504745	0.504511	0.504511	0.504511	0.504998	0.504998	0.504511	0.504511	0.504511	0.504511	0.504511	0.504511	0.504511	0.504511	0.504511	0.504511	0.504511	0.504511	0.504511	0.504511	0.504511	0.504511	0.504511	0.504511	0.504511	0.504511	0.504511	0.504511	0.504511	0.504511	0.504511	0.504511	0.504511	0.504511	0.504511	0.504511	0.504511	0.504511	0.504511	0.504511	0.504511	0.504511	0.504511	0.504511	0.504511	0.504511	0.504511	0.504511	0.504511	0.504511	0.504511	0.504511	0.504511	0.504511	0.504511	0.504511	0.504511	0.504511	0.504511	0.504511	0.504511	0.504511
0.504511	0.504511	0.504511	0.504511	0.504511	0.504511	0.504511	0.504511	0.504511	0.504511	0.504511	0.504511	0.504511	0.504511	0.504511	0.504511	0.50484	0.504511	0.504511	0.504511	0.504511	0.504511	0.504511	0.504511	0.504511	0.504511	0.504511	0.504511	0.504511	0.504511	0.504511	0.504511	0.504511	0.504511	0.504511	0.504511	0.504511	0.504511	0.504511	0.504511	0.504511	0.504511	0.504511	0.504745	0.504511	0.504511	0.504511	0.504511	0.504511	0.504511	0.504511	0.504511	0.504511	0.504511	0.504511	0.504511	0.504511	0.504511	0.504511	0.504511	0.504511	0.504511	0.504511	0.504511	0.504511	0.504511	0.504511	0.504511	0.504511	0.504511	0.504511	0.504511	0.504511	0.504511
0.504511	0.504511	0.504511	0.504511	0.504511	0.504511	0.504511	0.504511	0.504511	0.504511	0.504511	0.504511	0.504511	0.504511	0.504998	0.504998	0.504511	0.504511	0.504511	0.504511	0.504511	0.504511	0.504511	0.504511	0.504511	0.504511	0.504511	0.504511	0.504511	0.504511	0.504511	0.504511	0.504511	0.504511	0.504511	0.504511	0.504511	0.504511	0.504511	0.504511	0.504511	0.504511	0.504511	0.504511	0.504511	0.504511	0.504511	0.504511	0.504511	0.504511	0.504511	0.504511	0.504511	0.504582	0.504511	0.504524	0.504511	0.504511	0.504511	0.504511	0.504511	0.504511	0.504511	0.504511	0.504511	0.504511	0.504511	0.504511	0.504511	0.504511	0.504511	0.504511	0.504511	0.504511
0.504511	0.504511	0.504511	0.504511	0.504511	0.504511	0.504511	0.504511	0.504511	0.504511	0.504511	0.504511	0.504511	0.504511	1	0.504745	0.504511	0.504511	0.504511	0.504511	0.504511	0.504511	0.504511	0.504511	0.504511	0.504511	0.504511	0.504511	0.504511	0.504511	0.504511	0.504511	0.504511	0.504511	0.504511	0.504511	0.504511	0.504511	0.504511	0.504511	0.504511	0.504511	0.504511	0.504511	0.504511	0.504511	0.504511	0.504511	0.504511	0.504511	0.504511	0.504511	0.504745	0.504511	0.504567	0.504745	0.504511	0.504511	0.504511	0.504511	0.504511	0.504511	0.504511	0.504511	0.504511	0.504511	0.504511	0.504511	0.504511	0.504511	0.504511	0.504511	0.504511	0.504511
0.504511	0.504511	0.504511	0.504511	0.504511	0.504511	0.504511	0.504511	0.504511	0.504511	0.504511	0.504511	0.504511	0.504511	0.504511	0.504745	0.504511	0.504511	0.504745	0.504511	0.504511	0.504511	0.504511	0.504511	0.504511	0.504511	0.504511	0.504511	0.504511	0.504511	0.504511	0.504511	0.504511	0.504511	0.504511	0.504511	0.504511	0.504511	0.504511	0.504511	0.504511	0.504511	0.504511	0.504511	0.504511	0.504511	0.504511	0.504511	0.504511	0.504511	0.504511	0.504745	0.504745	0.504745	0.504745	0.504511	0.504511	0.504511	0.504511	0.504511	0.504511	0.504511	0.504511	0.504511	0.504511	0.504511	0.504511	0.504511	0.504511	0.504511	0.504511	0.504511	0.504511	0.504511
0.504511	0.504511	0.504511	0.504511	0.504593	0.504511	0.504745	0.504511	0.504511	0.504511	0.504511	0.504511	0.504511	0.504511	0.504511	0.504511	0.504511	0.504511	0.504745	1	0.504511	0.504511	0.504511	0.504511	0.504511	0.504511	0.504511	0.504511	0.504511	0.504511	0.504511	0.504511	0.504511	0.504511	0.504511	0.504511	0.504511	0.504511	0.504511	0.504511	0.504511	0.504511	0.504511	0.504511	0.504511	0.504511	0.504511	0.504511	0.504511	0.504511	0.504511	0.504745	0.504511	0.504511	0.504745	0.504511	0.504542	0.504511	0.504511	0.504511	0.504511	0.504511	0.504511	0.504511	0.504511	0.504511	0.504511	0.504511	0.504511	0.504511	0.504511	0.504511	0.504511	0.504511
0.504511	0.504511	0.504589	0.504745	0.504511	0.504745	0.504745	0.504511	0.504511	0.504511	0.504511	0.504511	0.504511	0.504511	0.504511	0.504511	0.504511	0.504511	0.504511	0.504511	0.504745	0.504511	0.504511	0.504511	0.504511	0.504511	0.504511	0.504511	0.504511	0.504511	0.504511	0.504511	0.504511	0.504511	0.504511	0.504511	0.504511	0.504511	0.504511	0.504511	0.504511	0.504511	0.504511	0.504511	0.504511	0.504511	0.504511	0.504511	0.504511	0.504511	0.504511	0.504511	0.504511	0.504511	0.504511	0.504745	0.504511	0.504511	0.504511	0.504511	0.504511	0.504511	0.504511	0.504511	0.504511	0.504511	0.504511	0.504511	0.504511	0.504511	0.504511	0.504511	0.504511	0.504511
0.504511	0.504511	0.504511	0.504511	0.504511	0.504511	0.504745	0.504511	0.504511	0.504511	0.504511	0.504511	0.504511	0.504511	0.504511	0.504745	0.504511	0.504511	0.504511	0.504511	0.504511	0.504511	0.504511	0.504511	0.504511	0.504511	0.504511	0.504511	0.504511	0.504511	0.504511	0.504511	0.504511	0.504511	0.504511	0.504511	0.504511	0.504511	0.504511	0.504511	0.504511	0.504511	0.504511	0.504511	0.504511	0.504511	0.504511	0.504511	0.504511	0.504511	0.504511	0.504511	0.504511	0.504511	0.504511	0.504511	0.504511	0.504511	0.504511	0.504511	0.504511	0.504511	0.504511	0.504511	0.504511	0.504511	0.504511	0.504511	0.504511	0.504511	0.504511	0.504511	0.504511	0.504511
0.504511	0.504511	0.504511	0.504511	0.504511	0.504511	0.504511	0.504511	0.504511	0.504511	0.504511	0.504511	0.504511	0.504511	0.504511	0.504511	0.504511	0.504511	0.504511	0.504511	0.504511	0.504511	1	0.504511	0.504511	0.504511	0.504511	0.504511	0.504511	0.504511	0.504511	0.504511	0.504511	0.504511	0.504511	0.504511	0.504511	0.504511	0.504511	0.504511	0.504511	0.504511	0.504511	0.504511	0.504511	0.504511	0.504511	0.504511	0.504511	0.504511	0.504511	0.504511	0.504511	0.504511	0.504511	0.504511	0.504511	0.504511	0.504511	0.504511	0.504511	0.504511	0.504511	0.504511	0.504511	0.504511	0.504511	0.504511	0.504511	0.504511	0.504511	0.504511	0.504511	0.504511
0.504511	0.504511	0.504511	0.504511	0.504511	0.504511	0.504511	0.504511	0.504511	0.504511	0.504511	0.504511	0.504511	0.504745	0.504745	0.504511	0.504511	0.504511	0.504511	0.504511	0.504511	0.504511	0.504511	0.504745	0.504745	0.504511	0.504511	0.504511	0.504511	0.504511	0.504511	0.504511	0.504511	0.504511	0.504511	0.504511	0.504511	0.504511	0.504511	0.504511	0.504511	0.504511	0.504511	0.504511	0.504511	0.504511	0.504511	0.504511	0.504511	0.504511	0.504511	0.504511	0.504511	0.504511	0.504511	0.504511	0.504511	0.504511	0.504511	0.504511	0.504511	0.504511	0.504511	0.504511	0.504511	0.504511	0.504511	0.504511	0.504511	0.504511	0.504511	0.504511	0.504511	0.504511
