Crust moisture [-]
0.470572	0.48413	0.470701	0.459772	0.470701	0.466827	0.459776	0.459647	0.459505	0.459505	0.459505	0.459505	0.459505	0.495611	0.459647	0.459647	0.459505	0.459647	0.459647	0.459505	0.459505	0.459505	0.459505	0.459505	0.459505	0.459505	0.459505	0.459647	0.459647	0.459505	0.459505	0.459505	0.459505	0.459505	0.459505	0.459505	0.459647	0.459505	0.459505	0.459505	0.459505	0.459505	0.459647	0.459505	0.459505	0.459505	0.459505	0.459505	0.459647	0.459505	0.459505	0.459505	0.459505	0.459505	0.459505	0.459505	0.459505	0.459505	0.459505	0.459505	0.459505	0.459505	0.459505	0.459505	0.459505	0.459505	0.459505	0.459505	0.459505	0.459505	0.459505	0.459505	0.459505	0.459505
0.459505	0.459647	0.459505	0.459505	0.459505	0.459505	0.459505	0.459505	0.459505	0.459505	0.459505	0.459505	0.459505	0.494009	0.459505	0.459505	0.459647	0.459505	0.459505	0.459505	0.459505	0.459505	0.459505	0.459505	0.459505	0.459505	0.459505	0.459505	0.459776	0.459505	0.459505	0.459505	0.459505	0.459505	0.459505	0.459505	0.459647	0.459505	0.459505	0.459505	0.459505	0.459505	0.459647	0.459505	0.459505	0.459505	0.459505	0.459505	0.459647	0.459505	0.459505	0.459505	0.459505	0.459505	0.459505	0.459505	0.459505	0.459505	0.459505	0.459505	0.459505	0.459505	0.459505	0.459505	0.459505	0.459505	0.459505	0.459505	0.459505	0.459505	0.459505	0.459505	0.459505	0.459505
0.459505	0.459647	0.459505	0.459505	0.459505	0.459505	0.459647	0.459505	0.459505	0.459505	0.459505	0.459505	0.459505	0.459505	0.500665	0.459505	0.459505	0.459505	0.459505	0.459505	0.459505	0.459505	0.459647	0.470572	0.45957	0.459505	0.459505	0.459505	0.459505	0.459647	0.459505	0.459505	0.459505	0.459505	0.459505	0.459505	0.459505	0.459505	0.459505	0.459505	0.459647	0.459647	0.459505	0.459505	0.459505	0.459505	0.459505	0.459505	0.459505	0.459505	0.459505	0.459505	0.459505	0.459505	0.459505	0.459647	0.459647	0.459505	0.459505	0.459505	0.459505	0.459505	0.459505	0.459505	0.459505	0.459505	0.459505	0.459505	0.459505	0.459647	0.459647	0.459505	0.459505	0.459505
0.459505	0.459647	0.459505	0.459505	0.459647	0.459647	0.459647	0.459505	0.45961	0.459505	0.459505	0.459505	0.459505	0.490835	0.500011	0.48413	0.459505	0.459505	0.459505	0.459505	0.459647	0.459647	0.459505	0.459505	0.470701	0.459505	0.459505	0.459505	0.459505	0.459647	0.459647	0.459505	0.459505	0.459505	0.459505	0.459505	0.459505	0.459505	0.459505	0.459505	0.459505	0.459505	0.459505	0.459505	0.459505	0.459505	0.459505	0.459505	0.459505	0.459505	0.459505	0.459505	0.459505	0.459505	0.459505	0.459505	0.459505	0.459505	0.459505	0.459505	0.459505	0.459647	0.459647	0.459505	0.459505	0.459505	0.459505	0.459505	0.459647	0.459505	0.459505	0.459505	0.459505	0.459505
0.459505	0.459505	0.459505	0.459505	0.470701	0.459647	0.459647	0.459647	0.459647	0.459505	0.459505	0.459505	0.490835	0.459505	0.459647	0.500872	0.48413	0.495611	0.473875	0.459647	0.459505	0.459647	0.459505	0.459505	0.470701	0.459505	0.459505	0.459505	0.459505	0.459505	0.50629	0.459505	0.459505	0.459505	0.459505	0.459505	0.459505	0.459505	0.459505	0.459505	0.459505	0.459505	0.459505	0.459505	0.459505	0.459505	0.459505	0.459505	0.459505	0.459505	0.459505	0.459505	0.459505	0.459505	0.459505	0.459505	0.459505	0.459505	0.459505	0.459505	0.459505	0.459647	0.459647	0.459647	0.459647	0.459647	0.459647	0.459647	0.459505	0.459505	0.459505	0.459505	0.459505	0.459505
0.490835	0.470572	0.459647	0.459647	0.459505	0.459647	0.459647	0.459505	0.459505	0.459505	0.459505	0.480828	0.459505	0.459505	0.459647	0.459505	0.502674	0.459647	0.459505	0.470701	0.459647	0.459505	0.459647	0.459505	0.459505	0.459647	0.459505	0.459647	0.459581	0.459647	0.459505	0.459505	0.459647	0.50629	0.470701	0.459546	0.459505	0.459505	0.459505	0.459505	0.459505	0.459505	0.459505	0.459505	0.459505	0.459505	0.459647	0.500207	0.500207	0.459647	0.459505	0.459505	0.459505	0.459505	0.459505	0.459505	0.459505	0.459505	0.459505	0.459505	0.459505	0.459647	0.494009	0.48413	0.459505	0.459505	0.459505	0.459505	0.459505	0.459505	0.459505	0.459505	0.459505	0.459505
0.459505	0.480828	0.470572	0.459507	0.459647	0.459505	0.459647	0.459505	0.459505	0.459505	0.494009	0.459505	0.459505	0.459505	0.459505	0.490157	0.459647	0.459505	0.459505	0.459505	0.470572	0.459647	0.459505	0.459647	0.459647	0.459505	0.459505	0.459647	0.459647	0.459647	0.459647	0.459647	0.459647	0.459505	0.459505	0.473875	0.459647	0.459647	0.459505	0.459505	0.459776	0.459647	0.459505	0.459505	0.459505	0.500207	0.500207	0.459505	0.459505	0.500207	0.459505	0.459505	0.459505	0.459647	0.459505	0.490706	0.459505	0.459505	0.459505	0.459505	0.494009	0.494009	0.459647	0.459505	0.459505	0.459505	0.459505	0.459505	0.459505	0.459505	0.459647	0.459505	0.459505	0.459505
0.459606	0.490835	0.480957	0.459647	0.459647	0.459505	0.459505	0.459505	0.459505	0.459505	0.490835	0.459505	0.459505	0.459505	0.459505	0.491666	0.459505	0.459505	0.459505	0.459505	0.459505	0.470572	0.459647	0.459505	0.459647	0.459647	0.459505	0.459647	0.459647	0.459647	0.459647	0.459575	0.459647	0.459505	0.459505	0.459505	0.459505	0.459647	0.50629	0.459505	0.480957	0.459647	0.459505	0.500207	0.500207	0.459505	0.459505	0.459505	0.459505	0.459505	0.500207	0.500207	0.501449	0.504139	0.490646	0.459505	0.490706	0.490706	0.480751	0.459505	0.459647	0.459647	0.459647	0.459505	0.459505	0.459505	0.459505	0.459505	0.459505	0.459647	0.459505	0.459505	0.459505	0.459505
0.470682	0.459647	0.459505	0.461447	0.470572	0.459647	0.459505	0.459647	0.459647	0.459647	0.490743	0.459505	0.459505	0.459505	0.459505	0.476623	0.459505	0.459505	0.459505	0.459505	0.459505	0.459647	0.470572	0.459647	0.459505	0.459647	0.459505	0.459505	0.459647	0.459647	0.459647	0.459647	0.470572	0.459647	0.459505	0.459505	0.459505	0.459505	0.459505	0.459505	0.459525	0.476257	1	0.459505	0.459505	0.459505	0.459505	0.459505	0.459558	0.459647	0.459647	0.459647	0.459647	0.459647	0.504303	0.503147	0.459647	0.459505	0.459505	0.459505	0.459505	0.459617	0.459647	0.459505	0.459505	0.459505	0.459505	0.459647	0.459647	0.459505	0.459505	0.459505	0.459505	0.459505
0.470701	0.459647	0.459505	0.459647	0.459505	0.459505	0.459647	0.459505	0.459505	0.459505	0.490706	0.459505	0.459505	0.459505	0.459505	0.459505	0.481453	0.459505	0.459505	0.459647	0.459505	0.467953	0.459591	0.473875	0.459647	0.459505	0.459647	0.459505	0.459647	0.459647	0.459647	0.470572	0.459647	0.459647	0.459643	0.459598	0.459647	0.459647	0.459647	0.459505	0.459505	0.459505	0.459647	0.459505	0.459505	0.459505	0.459505	0.459505	0.459647	0.459647	0.459647	0.459537	0.459581	0.459647	0.459647	0.459505	0.473875	0.459505	0.459505	0.459505	0.459505	0.459505	0.459505	0.459505	0.459505	0.459647	0.459647	0.459505	0.459505	0.459505	0.459505	0.459505	0.459505	0.459505
0.470572	0.459505	0.459505	0.459647	0.459505	0.459505	0.470572	0.459505	0.459705	0.494009	0.459647	0.459505	0.459505	0.459505	0.459505	0.459505	0.459647	0.459505	0.459505	0.459505	0.459647	0.459776	0.459647	0.459505	0.470701	0.459505	0.459505	0.459505	0.459647	0.459647	0.470635	0.459647	0.459647	0.459647	0.4599	0.459647	0.459647	0.459647	0.459647	0.459505	0.459505	0.459505	0.459647	0.459505	0.459505	0.459505	0.459505	0.459505	0.459647	0.459647	0.459647	0.459647	0.459647	0.459647	0.459558	0.459505	0.459647	0.473875	0.459505	0.459505	0.459505	0.459505	0.459647	0.459647	0.459647	0.459505	0.459505	0.459505	0.459505	0.459505	0.459505	0.459505	0.459505	0.459505
0.459505	0.459647	0.459647	0.459505	0.459505	0.459505	0.459505	0.459505	0.459505	0.459647	0.49373	0.459505	0.459505	0.459505	0.459505	0.459505	0.459505	0.459776	0.504401	0.48413	0.459647	0.459505	0.459505	0.459505	0.459505	0.470701	0.459505	0.459505	0.459647	0.459647	0.470701	0.459647	0.459647	0.459647	0.470559	0.459647	0.459647	0.459647	0.459647	0.459647	0.459647	0.459647	0.459647	0.50629	0.459505	0.459505	0.459568	0.459587	0.459647	0.459647	0.459647	0.459647	0.459647	0.459647	0.459647	0.459607	0.459647	0.459505	0.470572	0.459505	0.473875	0.459776	0.459505	0.459505	0.459505	0.459505	0.459505	0.459505	0.459505	0.459505	0.459505	0.459505	0.459505	0.459505
0.459505	0.459647	0.459647	0.459505	0.459505	0.459505	0.480828	0.470572	0.470572	0.459647	0.493879	0.459505	0.459505	0.459505	0.459505	0.459505	0.459505	0.459505	0.459647	0.470701	0.459647	0.459505	0.459505	0.459629	0.459647	0.459505	0.470701	0.459505	0.459505	0.459505	0.459647	0.459647	0.459647	0.459647	0.459647	0.460667	0.459647	0.459647	0.459647	0.459647	0.459505	0.459505	0.459647	0.48413	0.459505	0.459505	0.459505	0.459505	0.459647	0.459647	0.459647	0.459647	0.459647	0.459647	0.459647	0.459647	0.459647	0.459647	0.459505	0.473875	0.459647	0.470572	0.459505	0.459505	0.459505	0.459505	0.459505	0.459505	0.459505	0.459647	0.459505	0.459505	0.459647	0.459647
0.459647	0.459647	0.459647	0.459505	0.459505	0.459505	0.480828	0.470572	0.470671	0.470612	0.459505	0.480828	0.459505	0.459505	0.459505	0.459647	0.459505	0.459505	0.48413	0.459647	0.459647	0.459647	0.459647	0.459647	0.459505	0.459578	0.470701	0.459505	0.459505	0.459505	0.459505	0.468073	0.459647	0.459647	0.459647	0.459647	0.470572	0.459647	0.459647	0.459647	0.459505	0.459505	0.459505	0.459647	0.459505	0.459505	0.459505	0.459505	0.459647	0.459647	0.459647	0.459647	0.459647	0.459647	0.459647	0.459647	0.459647	0.459647	0.459505	0.459505	0.459505	0.459505	0.470572	0.470701	0.459505	0.459505	0.459505	0.459505	0.459505	0.470701	0.459505	0.459505	0.459647	0.459647
0.459647	0.459505	0.459505	0.459647	0.459647	0.459647	0.459647	0.480957	0.470701	0.470701	0.459539	0.459505	0.493879	0.459505	0.459505	0.459716	0.459505	0.459647	0.459505	0.459505	0.470572	0.459505	0.459647	0.459505	0.459505	0.459505	0.459505	0.470701	0.459505	0.459505	0.459505	0.459647	0.459647	0.459647	0.459647	0.459647	0.459647	0.459647	0.459647	0.459647	0.459647	0.459647	0.459647	0.459505	0.459505	0.459505	0.459505	0.459505	0.459505	0.459647	0.459647	0.459647	0.459647	0.459647	0.459647	0.459647	0.459647	0.459647	0.459647	0.459647	0.459505	0.459647	0.459505	0.459505	0.470572	0.470572	0.470572	0.459647	0.459505	0.459647	0.459647	0.459647	0.459647	0.459647
0.480828	0.459505	0.459505	0.459505	0.459505	0.459505	0.459505	0.459647	0.480957	0.459647	0.459647	0.459505	0.459505	0.494009	0.459647	0.459505	0.459505	0.459647	0.459505	0.459647	0.470701	0.459505	0.459505	0.459505	0.459505	0.459505	0.459505	0.459505	0.470701	0.459505	0.459505	0.459647	0.459647	0.459647	0.497033	0.459647	0.459647	0.459647	0.459647	0.459647	0.459575	0.459647	0.459647	0.459505	0.459505	0.459505	0.459505	0.459505	0.459505	0.459505	0.459505	0.459505	0.459505	0.459505	0.459505	0.459647	0.459647	0.459647	0.459647	0.459647	0.459647	0.459505	0.459505	0.459505	0.459505	0.459505	0.459505	0.470701	0.459647	0.459647	0.459647	0.459647	0.459647	0.459647
0.459505	0.459505	0.459505	0.459505	0.459505	0.459505	0.459505	0.459647	0.480957	0.459647	0.459647	0.459647	0.459647	0.496949	0.459647	0.459647	0.459647	0.459647	0.459505	0.459647	0.459647	0.459647	0.459505	0.459505	0.459505	0.459505	0.459505	0.459505	0.459505	0.470701	0.459505	0.459647	0.459647	0.470701	0.459647	0.459647	0.459647	0.459647	0.459647	0.459647	0.459647	0.459647	0.459647	0.459505	0.459505	0.50629	0.459505	0.459505	0.459505	0.459505	0.459505	0.459647	0.459647	0.459505	0.459505	0.459647	0.459647	0.459647	0.459647	0.459647	0.459647	0.459505	0.459505	0.459505	0.459505	0.459505	0.459505	0.459647	0.470701	0.459647	0.459647	0.459647	0.459647	0.459647
0.480828	0.459505	0.459505	0.459647	0.459647	0.459647	0.459647	0.459531	0.459647	0.470701	0.459647	0.459647	0.459647	0.459647	0.496949	0.459575	0.459505	0.459647	0.459647	0.459505	0.459505	0.459505	0.459505	0.459505	0.459505	0.459505	0.459505	0.459505	0.459505	0.470701	0.459505	0.459505	0.459505	0.470701	0.459647	0.459647	0.459647	0.459647	0.459647	0.459647	0.459647	0.459647	0.459647	0.459647	0.459647	0.459505	0.459505	0.459647	0.459647	0.459647	0.459647	0.459505	0.459505	0.459505	0.459505	0.459647	0.459647	0.459647	0.459647	0.459647	0.459647	0.459647	0.459647	0.459647	0.459647	0.459647	0.470701	0.459647	0.459647	0.459647	0.459647	0.459505	0.459505	0.459505
0.480957	0.470572	0.470572	0.470701	0.459505	0.459505	0.459647	0.459647	0.459647	0.459505	0.459647	0.459647	0.459647	0.459505	0.459505	0.459776	0.459505	0.459505	0.459647	0.459505	0.459505	0.459505	0.459505	0.459505	0.459505	0.459505	0.459505	0.459505	0.459647	0.470578	0.459647	0.459505	0.459647	0.459505	0.459647	0.459647	0.459647	0.459647	0.459647	0.459647	0.459647	0.459647	0.459647	0.459647	0.459647	0.459505	0.459647	0.459505	0.459505	0.459505	0.459505	0.459505	0.459505	0.459505	0.459505	0.459647	0.459647	0.459647	0.459647	0.459647	0.459647	0.459647	0.459647	0.459647	0.459647	0.459647	0.459647	0.459505	0.459505	0.459505	0.459505	0.459505	0.459505	0.459505
0.480957	0.470572	0.459647	0.459647	0.459505	0.459505	0.459647	0.459647	0.459647	0.459505	0.459505	0.459505	0.459647	0.459505	0.459505	0.459505	0.459647	0.459505	0.459647	0.459647	0.459505	0.459505	0.459505	0.459505	0.459505	0.459505	0.459505	0.459647	0.459505	0.470366	0.459647	0.459505	0.459505	0.459647	0.459647	0.459647	0.459647	0.459647	0.459647	0.459647	0.459647	0.459647	0.459647	0.459647	0.459647	0.50629	0.459505	0.459505	0.459505	0.459505	0.459505	0.459505	0.459505	0.459505	0.459505	0.459647	0.459647	0.459647	0.459647	0.459647	0.459647	0.459647	0.459647	0.459647	0.459647	0.459647	0.459647	0.459505	0.459505	0.459505	0.459505	0.459505	0.459505	0.459505
0.480957	0.459505	0.459505	0.459505	0.459505	0.459505	0.459647	0.459647	0.459647	0.459505	0.459647	0.459647	0.459505	0.459505	0.459505	0.459505	0.459505	0.459647	0.459505	0.459647	0.459647	0.459505	0.459505	0.459505	0.459505	0.459505	0.459505	0.459647	0.470395	0.459505	0.459647	0.459505	0.459505	0.459505	0.503063	0.459505	0.459647	0.459647	0.459647	0.459647	0.459647	0.459647	0.459647	0.459647	0.459647	0.459647	0.459505	0.459505	0.459505	0.459505	0.459505	0.459505	0.459505	0.459505	0.459505	0.459598	0.459647	0.459647	0.459647	0.459647	0.459647	0.459647	0.459647	0.459647	0.459647	0.459647	0.459647	0.459647	0.459647	0.470701	0.459505	0.459505	0.459505	0.459505
0.470701	0.459505	0.459505	0.459647	0.459647	0.459647	0.459745	0.459505	0.459505	0.459647	0.459647	0.459647	0.459647	0.459505	0.459505	0.459505	0.459647	0.459647	0.459505	0.459505	0.459505	0.459505	0.459505	0.459505	0.459505	0.459505	0.459647	0.459647	0.47616	0.459647	0.462468	0.459647	0.459647	0.459505	0.470575	0.459647	0.459647	0.459647	0.459647	0.459647	0.459647	0.459647	0.459647	0.459505	0.459505	0.459505	0.459505	0.459505	0.459505	0.459505	0.459505	0.459505	0.459505	0.459505	0.459505	0.459505	0.459505	0.459505	0.459505	0.459505	0.459647	0.459647	0.459647	0.459647	0.459647	0.459647	0.459647	0.459647	0.459647	0.459505	0.459647	0.459505	0.459505	0.459505
0.470654	0.459505	0.459505	0.470572	0.459647	0.459647	0.459647	0.459505	0.459505	0.459647	0.459647	0.459647	0.459647	0.459505	0.459505	0.459647	0.459505	0.459647	0.459505	0.459505	0.459505	0.459505	0.459505	0.459505	0.459505	0.459647	0.459647	0.459647	0.470701	0.470474	0.459647	0.459647	0.459647	0.459505	0.470701	0.459647	0.459647	0.459647	0.459647	0.459647	0.459647	0.459647	0.459647	0.459505	0.459505	0.459647	0.50629	0.459505	0.459505	0.459505	0.459505	0.459505	0.459505	0.459505	0.459505	0.459505	0.459505	0.459505	0.459505	0.459505	0.459647	0.459647	0.459647	0.459647	0.459647	0.459647	0.459647	0.459647	0.459647	0.459505	0.459505	0.459647	0.45951	0.459505
0.459505	0.459647	0.459647	0.459647	0.459733	0.459647	0.459647	0.459647	0.459647	0.459647	0.459505	0.459505	0.459647	0.459505	0.459505	0.459647	0.459505	0.459647	0.459505	0.459505	0.459505	0.459505	0.459505	0.459505	0.459647	0.459647	0.459647	0.459647	0.470572	0.459647	0.459647	0.459647	0.459647	0.459505	0.459647	0.459505	0.459505	0.459647	0.459647	0.459647	0.459647	0.459647	0.459647	0.459647	0.459647	0.459647	0.48413	0.459647	0.459505	0.459505	0.459505	0.459505	0.459505	0.459505	0.459505	0.459505	0.459505	0.459505	0.459505	0.459505	0.459647	0.459633	0.45962	0.459647	0.459647	0.459647	0.459647	0.459647	0.459647	0.459647	0.459505	0.459505	0.459505	0.459505
0.470608	0.459647	0.459647	0.459647	0.459647	0.459647	0.459505	0.459505	0.459505	0.459505	0.459505	0.459505	0.459505	0.459505	0.459505	0.459647	0.459505	0.459505	0.459647	0.459505	0.459505	0.459505	0.459505	0.459647	0.459505	0.459647	0.459647	0.459647	0.459647	0.459647	0.459647	0.459647	0.459647	0.459505	0.459647	0.504401	0.459647	0.459647	0.459647	0.459647	0.459647	0.459647	0.459647	0.459647	0.459647	0.459505	0.470701	0.459647	0.459505	0.459505	0.459505	0.459505	0.459505	0.459505	0.459505	0.459505	0.459505	0.459505	0.459647	0.459647	0.459647	0.459647	0.459647	0.459647	0.459647	0.459647	0.459617	0.459647	0.459647	0.459647	0.459647	0.459647	0.459647	0.459647
0.470701	0.459647	0.459647	0.459647	0.459647	0.459647	0.459505	0.459505	0.459505	0.459505	0.459505	0.459505	0.459505	0.459505	0.459505	0.459505	0.459647	0.459505	0.459505	0.459647	0.459505	0.459505	0.459647	0.459647	0.459647	0.459647	0.459505	0.459647	0.459647	0.459647	0.459647	0.459647	0.459647	0.459505	0.459505	0.459647	0.459647	0.459647	0.459647	0.459647	0.459647	0.459647	0.459647	0.459647	0.459647	0.459505	0.459505	0.473875	0.459505	0.459505	0.459505	0.459505	0.459505	0.459505	0.459505	0.459505	0.459505	0.459505	0.459647	0.459647	0.459647	0.459647	0.459647	0.459647	0.459647	0.459647	0.460864	0.464339	0.459647	0.459647	0.459647	0.459647	0.459647	0.459647
0.459757	0.459647	0.459647	0.459505	0.459647	0.459647	0.459505	0.459505	0.459505	0.459505	0.459505	0.459505	0.459505	0.459505	0.459505	0.459505	0.459647	0.459505	0.459505	0.459505	0.459647	0.459647	0.459505	0.459647	0.459647	0.459647	0.459647	0.459647	0.459647	0.459647	0.459647	0.459647	0.459647	0.484551	0.459505	0.459505	0.459647	0.459647	0.459647	0.459647	0.459647	0.460795	0.459647	0.461172	0.459885	0.459558	0.459505	0.459505	0.459647	0.459505	0.459505	0.459505	0.459505	0.459505	0.459505	0.459505	0.459505	0.459505	0.459647	0.470572	0.459647	0.459505	0.459505	0.459505	0.460027	0.460453	0.459647	0.459647	0.470572	0.470572	0.459647	0.459647	0.459647	0.459647
0.459505	0.459647	0.459647	0.459505	0.459647	0.459647	0.459505	0.459505	0.459505	0.459505	0.459505	0.459505	0.459505	0.459505	0.459505	0.459505	0.459647	0.459505	0.459505	0.459647	0.459647	0.459776	0.459505	0.459505	0.459581	0.459647	0.459647	0.459647	0.459647	0.459647	0.459647	0.459647	0.459647	0.459505	0.462394	0.459647	0.459647	0.459647	0.459647	0.459647	0.459647	0.461647	0.460702	0.459647	0.460271	0.459647	0.459647	0.459647	0.459647	0.459505	0.459505	0.459505	0.459505	0.459505	0.459505	0.459505	0.459505	0.459505	0.459505	0.459505	0.459505	0.459505	0.459505	0.45964	0.459647	0.459647	0.459647	0.459647	0.459647	0.459647	0.470572	0.459647	0.459647	0.459647
0.459505	0.459647	0.459647	0.459505	0.459647	0.459647	0.459505	0.459505	0.459505	0.459505	0.459505	0.459505	0.459505	0.459505	0.459505	0.459505	0.459505	0.459505	0.459647	0.459647	0.459647	0.459679	0.459505	0.459505	0.459505	0.459647	0.459647	0.459647	0.459647	0.459647	0.459647	0.459647	0.459647	0.459505	0.459647	0.459647	0.459647	0.46731	0.474559	0.459647	0.459647	0.460993	0.459647	0.459647	0.459834	0.459647	0.459647	0.459647	0.459505	0.459505	0.459505	0.459505	0.459505	0.459505	0.459505	0.459505	0.459505	0.459505	0.459505	0.459505	0.459505	0.459647	0.459505	0.459505	0.459605	0.459647	0.459647	0.459647	0.459647	0.459647	0.459647	0.459647	0.459647	0.459647
0.459505	0.459647	0.459647	0.459505	0.459505	0.459505	0.459505	0.459505	0.459505	0.459505	0.459505	0.459505	0.459505	0.459505	0.459505	0.459505	0.459505	0.459505	0.459647	0.459647	0.459505	0.459505	0.459505	0.459505	0.459505	0.459647	0.459647	0.459647	0.459647	0.459647	0.459647	0.478529	0.461095	0.459647	0.459647	0.459647	0.459701	0.459647	0.459647	0.46012	0.46019	0.459647	0.459647	0.459647	0.460727	0.462414	0.459647	0.459647	0.459505	0.50629	0.459505	0.459505	0.459505	0.459505	0.459505	0.459505	0.459505	0.459505	0.459505	0.459505	0.459647	0.459505	0.459505	0.459505	0.459505	0.459505	0.459609	0.459625	0.459647	0.459647	0.459647	0.459647	0.459505	0.459505
0.459505	0.459505	0.459505	0.459505	0.459505	0.459505	0.459505	0.459505	0.459505	0.459505	0.459505	0.459505	0.459505	0.459505	0.459505	0.459505	0.459505	0.459505	0.459505	0.459505	0.459505	0.459647	0.459647	0.459647	0.459647	0.459647	0.459647	0.459647	0.459647	0.459647	0.489275	0.463415	0.459647	0.459647	0.459647	0.463263	0.46214	0.459647	0.461936	0.462082	0.459647	0.459647	0.459647	0.459948	0.463089	0.459647	0.459647	0.459647	0.459647	0.459505	0.48413	0.459505	0.459505	0.459505	0.459505	0.459505	0.459505	0.459647	0.459505	0.459647	0.459505	0.459505	0.459505	0.459505	0.459647	0.459647	0.459645	0.459647	0.459647	0.459647	0.459647	0.459647	0.459505	0.459505
0.459505	0.459505	0.459505	0.459505	0.459505	0.459505	0.459505	0.459505	0.459505	0.459505	0.459505	0.459505	0.459505	0.459505	0.459505	0.459505	0.459505	0.459505	0.459505	0.459505	0.459505	0.459647	0.459647	0.459647	0.459647	0.459647	0.459647	0.459647	0.459647	0.490685	0.467592	0.459647	0.459647	0.459647	0.462402	0.459647	0.459647	0.461838	0.463922	0.459647	0.459647	0.459647	0.459847	0.461657	0.459647	0.46343	0.459647	0.459647	0.459647	0.459505	0.48413	0.459647	0.459505	0.459505	0.459505	0.459505	0.459505	0.459647	0.459647	0.459647	0.459505	0.459505	0.459505	0.459505	0.459566	0.459557	0.459647	0.459647	0.459559	0.459636	0.459647	0.459647	0.459505	0.459505
0.459505	0.459505	0.459505	0.459505	0.459505	0.459647	0.459647	0.459629	0.459505	0.459505	0.459505	0.459505	0.459505	0.459505	0.459505	0.459505	0.459505	0.459505	0.459505	0.459505	0.459505	0.459505	0.459505	0.459505	0.459505	0.459647	0.459647	0.459647	0.494926	0.470065	0.459647	0.459647	0.459647	0.465197	0.459647	0.459647	0.459647	0.460537	0.468377	0.459647	0.459647	0.45971	0.461995	0.459647	0.459647	0.467293	0.459647	0.459647	0.459647	0.459647	0.459647	0.470701	0.459505	0.459505	0.459505	0.459505	0.459647	0.459647	0.459505	0.459505	0.459505	0.459505	0.459505	0.459505	0.459505	0.459505	0.459505	0.459647	0.459647	0.459647	0.459505	0.459505	0.459505	0.459505
0.459505	0.459505	0.459505	0.459647	0.459647	0.459505	0.459505	0.459505	0.459505	0.459505	0.459505	0.459505	0.459505	0.459505	0.459505	0.459505	0.459505	0.459505	0.459505	0.459647	0.459505	0.459505	0.459505	0.459505	0.459505	0.459647	0.459647	0.496163	0.470349	0.459647	0.459647	0.459647	0.471892	0.462347	0.463267	0.467824	0.459647	0.462444	0.466827	0.459647	0.459647	0.464518	0.459647	0.459647	0.461911	0.459647	0.459647	0.459647	0.459647	0.459647	0.459647	0.459545	0.470701	0.459505	0.459505	0.459647	0.459647	0.459505	0.459505	0.459505	0.459505	0.459505	0.459505	0.459505	0.459505	0.459505	0.459505	0.459647	0.459647	0.459647	0.459647	0.459647	0.459505	0.459505
0.459505	0.459505	0.459647	0.459505	0.459505	0.459505	0.459505	0.459505	0.459505	0.459505	0.459505	0.459505	0.459505	0.459505	0.459505	0.459505	0.459505	0.459505	0.459505	0.459505	0.459647	0.459647	0.459505	0.459505	0.475228	0.499331	0.496952	0.470572	0.459647	0.459647	0.459647	0.472088	0.461222	0.462345	0.465339	0.462486	0.466824	0.463199	0.465589	0.463228	0.470997	0.459647	0.459647	0.464511	0.459647	0.459647	0.459647	0.459647	0.459647	0.459647	0.459647	0.459505	0.459647	0.459647	0.459647	0.459647	0.459505	0.459505	0.459505	0.459505	0.459505	0.459505	0.459505	0.459505	0.459505	0.459505	0.459505	0.459647	0.459647	0.459647	0.459647	0.459647	0.459505	0.459505
0.459647	0.459647	0.459505	0.459505	0.459505	0.459505	0.459505	0.459505	0.459505	0.459505	0.459505	0.459505	0.459505	0.459505	0.459505	0.459505	0.459505	0.459505	0.459505	0.459647	0.459647	0.459647	0.48413	0.48413	0.470674	0.470572	0.470572	0.459647	0.459647	0.459647	0.474878	0.466325	0.465874	0.465544	0.459714	0.467876	0.469023	0.462033	0.459987	0.47099	0.459647	0.459647	0.460145	0.459647	0.459647	0.459647	0.459647	0.459647	0.459647	0.459647	0.459647	0.459647	0.459505	0.459505	0.50629	0.459505	0.459505	0.459505	0.459505	0.459505	0.459505	0.459505	0.459505	0.459505	0.459505	0.459505	0.459505	0.459505	0.459505	0.459647	0.459505	0.459505	0.459505	0.459505
0.459647	0.459505	0.459505	0.459505	0.459505	0.459505	0.459505	0.459505	0.459505	0.459505	0.459505	0.459505	0.459505	0.459505	0.459505	0.459647	0.459505	0.459505	0.459505	0.459647	0.459647	0.459647	0.459505	0.459505	0.459647	0.470572	0.470572	0.459647	0.459647	0.480138	0.470297	0.470309	0.470563	0.466024	0.470254	0.470275	0.467643	0.463501	0.475772	0.459647	0.459647	0.459647	0.459647	0.474271	0.459647	0.459647	0.459647	0.459647	0.470008	0.459647	0.459647	0.459647	0.459647	0.459647	0.459647	0.459647	0.459505	0.459505	0.459505	0.459505	0.459505	0.459505	0.459505	0.459505	0.459505	0.459647	0.459647	0.459505	0.459505	0.459505	0.459505	0.459505	0.459505	0.459505
0.459647	0.459505	0.459505	0.459505	0.459505	0.459505	0.459505	0.459505	0.459505	0.459505	0.459505	0.459505	0.459505	0.459505	0.459505	0.459647	0.459505	0.459505	0.459505	0.459647	0.459647	0.459647	0.459505	0.459505	0.459647	0.470701	0.470701	0.480957	0.480598	0.470572	0.470572	0.470572	0.470451	0.470572	0.470563	0.470199	0.462404	0.464901	0.480154	0.459647	0.459647	0.459647	0.459647	0.459647	0.49212	0.459647	0.459647	0.459647	0.47025	0.459647	0.459647	0.459647	0.459647	0.459647	0.459647	0.459647	0.459647	0.459505	0.459505	0.459505	0.459505	0.459505	0.459505	0.459505	0.459505	0.459647	0.459647	0.459505	0.459505	0.459505	0.459505	0.459505	0.459505	0.459505
0.459505	0.459505	0.459505	0.459505	0.459505	0.459505	0.459505	0.459505	0.459505	0.459505	0.459505	0.459505	0.459505	0.459505	0.459505	0.459505	0.459647	0.459647	0.459505	0.459647	0.459647	0.459647	0.459647	0.459647	0.459647	0.459776	0.470701	0.470701	0.470572	0.470572	0.470572	0.470572	0.470572	0.470572	0.470572	0.470217	0.470468	0.480685	0.459647	0.459647	0.459647	0.459647	0.459647	0.459647	0.459647	0.495758	0.459647	0.459647	0.470413	0.459647	0.459647	0.459792	0.459647	0.459647	0.459647	0.459505	0.459505	0.459505	0.459505	0.459505	0.459505	0.459505	0.459505	0.459505	0.459505	0.459647	0.459505	0.459505	0.459505	0.459505	0.459505	0.459505	0.459505	0.459505
0.459505	0.459505	0.459505	0.459505	0.459505	0.459505	0.459505	0.459505	0.459505	0.459505	0.459505	0.459505	0.459505	0.459505	0.459505	0.459505	0.459505	0.459505	0.459505	0.459505	0.459505	0.459505	0.459505	0.459505	0.459505	0.459647	0.470701	0.470572	0.470625	0.470701	0.470572	0.470586	0.470573	0.470572	0.470572	0.470572	0.480828	0.459505	0.459505	0.459647	0.459647	0.459647	0.459647	0.459647	0.499834	0.459647	0.459647	0.474015	0.459647	0.459647	0.459647	0.459647	0.459647	0.459647	0.459647	0.459647	0.459647	0.50629	0.459647	0.459505	0.459505	0.459505	0.459505	0.459505	0.459505	0.459647	0.459505	0.459505	0.459505	0.459505	0.459571	0.459505	0.459505	0.459505
0.459505	0.459505	0.459505	0.459505	0.459505	0.459505	0.459505	0.459505	0.459505	0.459505	0.459505	0.459505	0.459505	0.459505	0.459505	0.459505	0.459505	0.459505	0.459505	0.459505	0.459505	0.459505	0.459505	0.459505	0.459505	0.459746	0.459689	0.470701	0.470701	0.470701	0.470701	0.470701	0.470572	0.470572	0.470572	0.480957	0.459647	0.459505	0.459505	0.459647	0.459647	0.459647	0.459647	0.49913	0.459647	0.459647	0.459647	0.467071	0.459647	0.460102	0.459647	0.459647	0.459647	0.460038	0.459647	0.459647	0.459647	0.459505	0.459647	0.459505	0.459505	0.459505	0.459505	0.459505	0.459505	0.459647	0.459559	0.459505	0.459505	0.459647	0.459505	0.459505	0.459505	0.459505
0.459505	0.459505	0.459505	0.459505	0.459505	0.459505	0.459505	0.459505	0.459505	0.459505	0.459505	0.459505	0.459505	0.459505	0.459505	0.459505	0.459505	0.459505	0.459505	0.459505	0.459505	0.459505	0.459505	0.459505	0.459505	0.459647	0.459727	0.459505	0.459647	0.470701	0.470701	0.470701	0.470634	0.459505	0.480957	0.459647	0.459647	0.494009	0.494009	0.493728	0.501809	0.50287	0.501021	0.459647	0.466938	0.459647	0.459647	0.463351	0.459647	0.459647	0.460049	0.459647	0.459647	0.460366	0.459647	0.459647	0.459647	0.459647	0.459647	0.459647	0.470701	0.459647	0.459505	0.459505	0.459647	0.459505	0.459647	0.459647	0.459647	0.459505	0.459505	0.459505	0.459505	0.459505
0.459505	0.459505	0.459505	0.459505	0.459505	0.459505	0.459505	0.459505	0.459505	0.459505	0.459505	0.459505	0.459505	0.459505	0.459505	0.459505	0.459505	0.459505	0.459505	0.459505	0.459505	0.459505	0.459505	0.459505	0.459505	0.459505	0.459505	0.459505	0.459647	0.459505	0.459776	0.470701	0.470572	0.470701	0.459647	0.459647	0.470701	0.470701	0.470701	0.484051	0.459647	0.480957	0.459647	0.459647	0.459647	0.459647	0.459689	0.459647	0.459647	0.459647	0.460332	0.459647	0.459697	0.459647	0.459647	0.459647	0.459647	0.459647	0.459647	0.459647	0.459647	0.470322	0.459505	0.459647	0.459505	0.459505	0.459505	0.459505	0.459505	0.459505	0.459505	0.459505	0.459505	0.459505
0.459647	0.459505	0.459505	0.459505	0.459505	0.459505	0.459505	0.459505	0.459505	0.459505	0.459505	0.459505	0.459505	0.459505	0.459505	0.459505	0.459505	0.459505	0.459505	0.459505	0.459505	0.459505	0.459505	0.459505	0.459505	0.459505	0.459505	0.459505	0.459505	0.459647	0.459776	0.470701	0.470701	0.470701	0.459647	0.459647	0.470701	0.470701	0.494009	0.459505	0.480957	0.459647	0.459647	0.459647	0.459647	0.465412	0.459647	0.459647	0.459647	0.459647	0.459647	0.460779	0.459647	0.459748	0.459647	0.459647	0.459647	0.459647	0.459647	0.459647	0.459647	0.459505	0.50629	0.459505	0.459505	0.459505	0.459505	0.459505	0.459505	0.459505	0.459505	0.459505	0.459505	0.459505
0.459647	0.459576	0.459505	0.459505	0.459505	0.459505	0.459647	0.459647	0.459647	0.459647	0.459647	0.459647	0.459647	0.459505	0.459505	0.459505	0.459505	0.459505	0.459505	0.459505	0.459505	0.459505	0.459505	0.459505	0.459505	0.459505	0.459505	0.459505	0.459505	0.459505	0.459776	0.459647	0.459647	0.459647	0.459647	0.459647	0.459647	0.459776	0.459505	0.459647	0.459505	0.459505	0.459647	0.459647	0.459647	0.459647	0.477949	0.459647	0.459934	0.459647	0.459707	0.459647	0.459647	0.459647	0.459647	0.459647	0.459647	0.459647	0.459647	0.459647	0.459647	0.459505	0.473875	0.459505	0.459505	0.459505	0.459505	0.459505	0.459505	0.459505	0.459505	0.459505	0.459505	0.459505
0.459647	0.459505	0.459505	0.459647	0.459505	0.459647	0.459505	0.459505	0.459505	0.459505	0.459505	0.459505	0.459505	0.459505	0.459505	0.459505	0.459505	0.459505	0.459505	0.459505	0.459505	0.459505	0.459505	0.459505	0.459505	0.459505	0.459505	0.459505	0.459505	0.459505	0.459647	0.459647	0.459647	0.459647	0.459647	0.459647	0.470701	0.459505	0.459505	0.480957	0.459647	0.459647	0.459647	0.459647	0.459647	0.476686	0.459647	0.461365	0.459647	0.470572	0.459647	0.459647	0.459647	0.459736	0.459647	0.459647	0.459647	0.459647	0.459647	0.459647	0.470402	0.459647	0.459647	0.459647	0.459505	0.459505	0.459505	0.459505	0.459505	0.459505	0.459505	0.459505	0.459505	0.459505
0.48413	0.459647	0.459647	0.459647	0.459647	0.459505	0.459505	0.459505	0.459505	0.459505	0.459505	0.459505	0.459505	0.459505	0.459505	0.459505	0.459505	0.459505	0.459505	0.459505	0.459505	0.459505	0.459505	0.459505	0.459505	0.459505	0.459505	0.459505	0.459505	0.459505	0.459647	0.459647	0.459647	0.459647	0.459505	0.459647	0.459776	0.459505	0.459505	0.480957	0.459647	0.459647	0.459647	0.459647	0.479232	0.459647	0.460457	0.459647	0.460072	0.460232	0.459647	0.459647	0.459647	0.459647	0.466653	0.459647	0.459647	0.459647	0.463136	0.470572	0.459647	0.459592	0.459647	0.459505	0.459647	0.459647	0.459505	0.459505	0.459505	0.459505	0.459505	0.459505	0.459505	0.459505
0.459505	0.48413	0.48413	0.48413	0.459505	0.459505	0.459505	0.459505	0.459505	0.459505	0.459505	0.459505	0.459505	0.459505	0.459505	0.459505	0.459505	0.459505	0.459505	0.459505	0.459505	0.459505	0.459505	0.459505	0.459505	0.459505	0.459505	0.459505	0.459505	0.459505	0.459505	0.459505	0.459505	0.459647	0.459505	0.459647	0.459647	0.459505	0.459505	0.459647	0.459505	0.459505	0.459647	0.480328	0.459647	0.460091	0.459647	0.45989	0.459647	0.461532	0.459647	0.459647	0.459647	0.460141	0.459647	0.459647	0.459647	0.459692	0.459647	0.459647	0.459647	0.459647	0.459647	0.459647	0.459505	0.459505	0.50629	0.459505	0.459505	0.459505	0.459505	0.459505	0.459505	0.459505
0.459647	0.459505	0.459505	0.459505	0.50629	0.459505	0.459505	0.459505	0.459505	0.459505	0.459505	0.459505	0.459505	0.459505	0.459505	0.459505	0.459505	0.459505	0.459505	0.459505	0.459505	0.459505	0.459505	0.459505	0.459505	0.459505	0.459505	0.459505	0.459505	0.459505	0.459505	0.459505	0.459505	0.459647	0.459647	0.459505	0.459505	0.459647	0.459647	0.470701	0.459647	0.459647	0.480828	0.459647	0.463111	0.459647	0.459919	0.459647	0.459647	0.461072	0.462691	0.459647	0.461828	0.459647	0.459647	0.459647	0.459647	0.459647	0.459647	0.459647	0.459647	0.459647	0.459647	0.459647	0.459647	0.459647	0.459505	0.473875	0.459505	0.459505	0.459505	0.459505	0.459505	0.459505
0.459647	0.459505	0.459505	0.470701	0.459647	0.459505	0.459505	0.459505	0.459505	0.459505	0.459505	0.459505	0.459505	0.459505	0.459505	0.459505	0.459505	0.459505	0.459505	0.459505	0.459505	0.459505	0.459505	0.459505	0.459505	0.459505	0.459505	0.459505	0.459505	0.459505	0.459505	0.459505	0.459505	0.459647	0.459505	0.459505	0.459505	0.459647	0.459647	0.470701	0.459647	0.480828	0.459647	0.459647	0.470312	0.461081	0.459647	0.459647	0.460629	0.461315	0.459647	0.459647	0.480774	0.459647	0.459647	0.470786	0.459647	0.459647	0.459647	0.459647	0.459647	0.459647	0.459647	0.459647	0.459647	0.459647	0.459505	0.459776	0.459647	0.459505	0.459505	0.459505	0.459505	0.459505
0.459505	0.459505	0.459647	0.459776	0.459505	0.459505	0.459505	0.459505	0.459505	0.459505	0.459505	0.459505	0.459505	0.459505	0.459505	0.459505	0.459505	0.459505	0.459505	0.459505	0.459505	0.459505	0.459505	0.459505	0.459505	0.459505	0.459505	0.459505	0.459505	0.459505	0.459505	0.459505	0.459505	0.459505	0.459647	0.459505	0.459505	0.459647	0.459941	0.470701	0.470572	0.480864	0.459647	0.47055	0.463962	0.459647	0.459647	0.46193	0.465802	0.459647	0.459647	0.476588	0.459647	0.459647	0.470127	0.459647	0.459647	0.459647	0.459647	0.459647	0.459647	0.459647	0.459647	0.459647	0.459505	0.459505	0.459505	0.459647	0.459505	0.459505	0.459505	0.459505	0.459505	0.459505
0.459505	0.459505	0.459505	0.459505	0.459505	0.459505	0.459505	0.459505	0.459505	0.459505	0.459505	0.459505	0.459505	0.459505	0.459505	0.459505	0.459505	0.459505	0.459505	0.459505	0.459505	0.459505	0.459505	0.459505	0.459505	0.459505	0.459505	0.459505	0.459647	0.459647	0.459505	0.459505	0.459505	0.459505	0.459505	0.459505	0.459505	0.459505	0.459647	0.470701	0.480957	0.459647	0.470572	0.470572	0.459647	0.459647	0.466451	0.470411	0.459647	0.459647	0.459647	0.480726	0.459647	0.477495	0.459647	0.459647	0.459647	0.459647	0.459647	0.459647	0.459647	0.459647	0.459647	0.459647	0.459647	0.459647	0.459647	0.459776	0.459505	0.459505	0.459505	0.459505	0.459505	0.459505
0.459505	0.459505	0.459505	0.505456	0.459505	0.459505	0.459505	0.459505	0.459505	0.459505	0.459505	0.459505	0.459505	0.459505	0.459505	0.459505	0.459505	0.459505	0.459505	0.459505	0.459505	0.459505	0.459505	0.459505	0.459505	0.459505	0.459505	0.459505	0.459647	0.459647	0.459505	0.459505	0.459505	0.459505	0.459505	0.459505	0.459505	0.459505	0.459505	0.480957	0.459647	0.470581	0.470572	0.459647	0.459647	0.47055	0.470513	0.4648	0.47045	0.459647	0.459647	0.482802	0.479992	0.459647	0.459647	0.459647	0.459647	0.459647	0.459647	0.459647	0.459647	0.459647	0.459647	0.459647	0.459647	0.459647	0.459647	0.459505	0.459647	0.459505	0.459505	0.459505	0.459505	0.459505
0.459647	0.459505	0.459505	0.459505	0.459776	0.459776	0.50629	0.473875	0.459647	0.459505	0.459505	0.459505	0.459505	0.459505	0.459505	0.459505	0.459505	0.459505	0.459505	0.459505	0.459505	0.459505	0.459505	0.459505	0.459505	0.459505	0.459505	0.459505	0.459505	0.459505	0.459505	0.459505	0.459505	0.459505	0.459647	0.459647	0.459505	0.459647	0.459647	0.459647	0.459656	0.465703	0.459647	0.459647	0.470572	0.470572	0.470485	0.470572	0.459647	0.459647	0.48825	0.480513	0.470572	0.459647	0.459647	0.459647	0.459647	0.459647	0.459647	0.459647	0.459647	0.459647	0.459647	0.459647	0.459647	0.459647	0.459505	0.459647	0.459647	0.459647	0.459647	0.459505	0.459505	0.459505
0.470592	0.459505	0.459505	0.459505	0.459505	0.459647	0.459505	0.459505	0.459505	0.459647	0.459505	0.459505	0.459505	0.459505	0.459505	0.459505	0.459505	0.459505	0.459505	0.459505	0.459505	0.459505	0.459505	0.459505	0.459505	0.459505	0.459505	0.459505	0.459505	0.459505	0.459505	0.459505	0.459505	0.459505	0.459505	0.459505	0.459505	0.459505	0.459505	0.459505	0.459647	0.459647	0.459647	0.470572	0.470572	0.470572	0.470572	0.459647	0.459647	0.490706	0.480828	0.470572	0.459647	0.459647	0.459647	0.459647	0.459647	0.459647	0.459647	0.459647	0.459647	0.459647	0.459647	0.459647	0.459647	0.459647	0.459647	0.459647	0.459647	0.459647	0.459505	0.50629	0.459505	0.459505
0.459647	0.459505	0.459505	0.459505	0.459505	0.459505	0.459647	0.459505	0.459505	0.459505	0.459505	0.459505	0.459505	0.459505	0.459505	0.459505	0.459505	0.459505	0.459505	0.459505	0.459505	0.459505	0.459505	0.459505	0.459505	0.459505	0.459505	0.459505	0.459505	0.459505	0.459505	0.459505	0.459505	0.459505	0.459505	0.459505	0.459505	0.459505	0.459505	0.459505	0.459647	0.459647	0.470689	0.470701	0.470572	0.470572	0.459647	0.459647	0.490835	0.480828	0.461099	0.459647	0.459647	0.459647	0.459647	0.459647	0.459647	0.459647	0.459647	0.459647	0.459647	0.459647	0.459647	0.459647	0.459647	0.459647	0.459647	0.459647	0.459647	0.459647	0.459505	0.459505	0.459647	0.459505
0.459505	0.459505	0.459505	0.459505	0.459505	0.459647	0.459505	0.459505	0.459647	0.459647	0.459647	0.459537	0.459505	0.459505	0.459505	0.459505	0.459505	0.459505	0.459505	0.459505	0.459505	0.459505	0.459505	0.459505	0.459505	0.459505	0.459505	0.459505	0.459505	0.459505	0.459505	0.459505	0.459505	0.459647	0.459505	0.459505	0.470701	0.459505	0.459505	0.459505	0.459647	0.459776	0.459776	0.470572	0.470701	0.470701	0.480957	0.480957	0.480957	0.459505	0.459582	0.459647	0.459647	0.459647	0.459505	0.459647	0.459647	0.459647	0.459647	0.459647	0.459647	0.459647	0.459647	0.459733	0.459647	0.459647	0.459647	0.459647	0.459647	0.459647	0.459505	0.459505	0.459505	0.459647
0.459505	0.459505	0.459505	0.459505	0.459647	0.459505	0.459505	0.459505	0.494009	0.470701	0.459505	0.459647	0.459647	0.459505	0.459505	0.459505	0.459505	0.459505	0.459505	0.459505	0.459505	0.459505	0.459505	0.459505	0.459505	0.459505	0.459505	0.459505	0.459505	0.459505	0.459505	0.459505	0.459505	0.459505	0.459505	0.459647	0.459505	0.459505	0.459505	0.459505	0.459505	0.459505	0.459647	0.459505	0.459505	0.459647	0.470701	0.47069	0.480957	0.459505	0.459505	0.459647	0.459647	0.459647	0.459647	0.459647	0.459647	0.459647	0.459647	0.459647	0.459647	0.459647	0.459647	0.459647	0.459647	0.459647	0.459647	0.459647	0.459647	0.459647	0.459647	0.459647	0.459505	0.459505
0.459505	0.459505	0.459505	0.459505	0.459647	0.459505	0.459647	0.50629	0.459505	0.459505	0.493652	0.459776	0.459647	0.459647	0.459647	0.459505	0.459505	0.459505	0.459505	0.459505	0.459505	0.459505	0.459505	0.459505	0.459505	0.459505	0.459505	0.459505	0.459505	0.459505	0.459505	0.459505	0.459505	0.459505	0.459647	0.459505	0.459505	0.459505	0.459505	0.459505	0.459505	0.459505	0.459755	0.459505	0.459647	0.459647	0.470701	0.470701	0.470701	0.459505	0.459505	0.459647	0.459647	0.459647	0.459647	0.459647	0.459647	0.459647	0.459647	0.459647	0.459647	0.460871	0.459647	0.459647	0.459647	0.459647	0.459647	0.459647	0.459647	0.459647	0.459647	0.459647	0.459505	0.459505
0.459505	0.459505	0.459505	0.459647	0.459505	0.459505	0.459505	0.459505	0.459505	0.459505	0.459505	0.480033	0.459505	0.459505	0.459505	0.459505	0.459505	0.459505	0.459505	0.459505	0.459505	0.459505	0.459505	0.459505	0.459647	0.459647	0.459647	0.459647	0.459505	0.459505	0.459505	0.459505	0.459505	0.459505	0.459647	0.459505	0.459505	0.459505	0.459505	0.459505	0.459505	0.459505	0.464351	0.459647	0.459647	0.470701	0.459505	0.459505	0.459647	0.470572	0.459647	0.459647	0.459647	0.459647	0.459647	0.459647	0.459647	0.459647	0.459647	0.459647	0.461936	0.459647	0.459647	0.459647	0.459647	0.459647	0.459647	0.459647	0.459647	0.459647	0.459647	0.459647	0.459647	0.459647
0.459505	0.459505	0.459505	0.459647	0.459505	0.459505	0.459505	0.50629	0.459505	0.459505	0.459505	0.459505	0.494009	0.494009	0.48413	0.459647	0.459505	0.459505	0.459505	0.459505	0.459505	0.459505	0.459505	0.459647	0.459505	0.459505	0.459505	0.459505	0.459505	0.459505	0.459505	0.459647	0.459647	0.459505	0.459505	0.459647	0.459505	0.459505	0.459505	0.459505	0.459505	0.459505	0.459505	0.459647	0.459647	0.470701	0.470701	0.470572	0.470572	0.459647	0.459647	0.459647	0.459647	0.459647	0.459647	0.459647	0.459647	0.459647	0.459647	0.462452	0.459647	0.459647	0.459647	0.459647	0.459647	0.459647	0.459647	0.459647	0.459647	0.459647	0.459647	0.459647	0.459647	0.459647
0.459505	0.459505	0.459505	0.459647	0.459505	0.459505	0.459505	0.459505	0.459647	0.459505	0.459505	0.459505	0.459647	0.459647	0.459647	0.459505	0.459505	0.459505	0.459505	0.459505	0.459505	0.459505	0.459647	0.459505	0.459505	0.459505	0.459505	0.459505	0.459505	0.459505	0.459505	0.459647	0.459647	0.459505	0.459647	0.459505	0.459505	0.459505	0.459505	0.459505	0.459505	0.459505	0.459505	0.459505	0.459647	0.470701	0.470701	0.470572	0.459647	0.459647	0.459647	0.459647	0.459647	0.459647	0.459647	0.459647	0.459647	0.459647	0.470572	0.459647	0.459647	0.459647	0.459647	0.459647	0.459647	0.459647	0.459647	0.459647	0.459647	0.459647	0.459647	0.459647	0.459647	0.470572
0.459505	0.459647	0.459647	0.459647	0.459505	0.459505	0.459505	0.459505	0.459647	0.459647	0.473875	0.459505	0.459505	0.459647	0.459647	0.459647	0.459647	0.459505	0.459505	0.459647	0.459647	0.459647	0.459505	0.459505	0.459505	0.459505	0.459505	0.459505	0.459505	0.459505	0.459505	0.459505	0.459505	0.459505	0.459647	0.459505	0.459505	0.459647	0.459647	0.459505	0.459505	0.459505	0.459505	0.459505	0.459647	0.460567	0.467171	0.459647	0.459647	0.459647	0.459647	0.459647	0.459647	0.459647	0.459647	0.459647	0.459647	0.470572	0.459647	0.459647	0.459647	0.459647	0.459647	0.459647	0.459647	0.459647	0.459647	0.459647	0.459647	0.459647	0.459647	0.459647	0.459647	0.459776
0.459647	0.459647	0.459647	0.459647	0.459505	0.459505	0.459505	0.459647	0.459505	0.459647	0.459647	0.50629	0.459505	0.459505	0.459505	0.459505	0.459647	0.48413	0.459647	0.459505	0.459505	0.459505	0.459505	0.459505	0.459505	0.459505	0.459505	0.459505	0.459505	0.459505	0.459505	0.459505	0.459505	0.459505	0.459647	0.459647	0.459505	0.459505	0.459505	0.459505	0.459505	0.459505	0.459505	0.459505	0.459505	0.459505	0.459647	0.459647	0.459647	0.459647	0.459647	0.459647	0.459647	0.459647	0.459647	0.459647	0.470572	0.459647	0.459647	0.459647	0.459647	0.459647	0.459647	0.459647	0.459647	0.459647	0.459647	0.459647	0.459647	0.459647	0.459647	0.459647	0.459647	0.459804
0.459647	0.459647	0.459647	0.459647	0.459505	0.459505	0.459505	0.459505	0.459647	0.459647	0.459647	0.459647	0.459775	0.459505	0.459505	0.459505	0.48413	0.48413	0.459505	0.459505	0.459505	0.459505	0.459505	0.459505	0.459505	0.459505	0.459505	0.459505	0.459505	0.459505	0.459505	0.459505	0.459505	0.459505	0.459647	0.459647	0.459505	0.459505	0.459505	0.459505	0.459505	0.459505	0.459505	0.459505	0.459505	0.459505	0.459647	0.459647	0.459647	0.459647	0.459647	0.459647	0.459647	0.459647	0.459647	0.460435	0.459647	0.470572	0.459647	0.459647	0.459647	0.459647	0.459647	0.459647	0.459647	0.459647	0.459647	0.459647	0.459647	0.459647	0.459647	0.459647	0.459647	0.459881
0.459647	0.459647	0.459647	0.459505	0.459505	0.459505	0.459505	0.459505	0.459505	0.459647	0.459647	0.459647	0.459505	0.459505	0.459505	0.470179	0.48413	0.459505	0.459505	0.459505	0.459505	0.459505	0.459505	0.459505	0.459505	0.459505	0.459505	0.459505	0.459505	0.459505	0.459505	0.459505	0.459505	0.459505	0.459505	0.459505	0.459505	0.459505	0.459505	0.459505	0.459505	0.459505	0.459505	0.459647	0.459647	0.459647	0.459647	0.459647	0.459647	0.459647	0.459647	0.459647	0.459647	0.459647	0.465819	0.459647	0.470572	0.459647	0.459647	0.459647	0.459647	0.459647	0.459647	0.459647	0.459647	0.459647	0.459647	0.459647	0.459647	0.459647	0.459647	0.459647	0.459647	0.470572
0.459647	0.459647	0.459647	0.459647	0.459647	0.459647	0.459505	0.459505	0.459505	0.459505	0.459505	0.459611	0.459647	0.459647	0.484033	0.48413	0.459647	0.459505	0.459505	0.459505	0.459505	0.459505	0.459505	0.459505	0.459505	0.459505	0.459505	0.459505	0.459505	0.459505	0.459505	0.459505	0.459505	0.459505	0.459505	0.459505	0.459505	0.459505	0.459505	0.459505	0.459505	0.459505	0.459505	0.459647	0.459647	0.459647	0.459647	0.459647	0.459647	0.459647	0.459647	0.459647	0.459647	0.470572	0.459647	0.470572	0.459647	0.459647	0.459647	0.459647	0.459647	0.459647	0.459647	0.459647	0.459647	0.459647	0.459647	0.459647	0.459647	0.459647	0.459647	0.459647	0.466486	0.459647
0.459647	0.459647	0.459647	0.459647	0.459647	0.459647	0.459505	0.459505	0.459505	0.459505	0.459505	0.459505	0.459647	0.459505	0.50629	0.473875	0.459505	0.459516	0.459505	0.459505	0.459505	0.459505	0.459505	0.459505	0.459505	0.459505	0.459505	0.459505	0.459505	0.459505	0.459505	0.459505	0.459505	0.459505	0.459505	0.459505	0.459505	0.459505	0.459505	0.459505	0.459505	0.459505	0.459505	0.459647	0.459647	0.459647	0.459647	0.459647	0.459647	0.459647	0.459647	0.459647	0.470572	0.459647	0.459647	0.459647	0.459647	0.459647	0.459647	0.459647	0.459647	0.459647	0.459647	0.459647	0.459647	0.459647	0.459647	0.459647	0.459647	0.459647	0.459647	0.459647	0.470572	0.459647
0.459647	0.459647	0.459647	0.459647	0.459647	0.459647	0.459505	0.459505	0.459505	0.459505	0.459505	0.459505	0.459505	0.459505	0.459505	0.459647	0.459505	0.459647	0.470701	0.459505	0.459505	0.459505	0.459505	0.459505	0.459505	0.459505	0.459505	0.459505	0.459505	0.459505	0.459505	0.459505	0.459505	0.459505	0.459505	0.459505	0.459505	0.459505	0.459505	0.459647	0.459647	0.459647	0.459647	0.459647	0.459647	0.459647	0.459647	0.459647	0.459647	0.459647	0.459647	0.459752	0.459647	0.459647	0.459647	0.459647	0.459647	0.459647	0.459647	0.459647	0.459647	0.459647	0.459647	0.459647	0.459647	0.459647	0.459647	0.459647	0.459647	0.459647	0.459647	0.459647	0.459647	0.459647
0.459505	0.459647	0.459647	0.459647	0.459647	0.459647	0.470572	0.459647	0.459647	0.459505	0.459505	0.459505	0.459505	0.459505	0.459505	0.459505	0.459647	0.459505	0.459776	0.50629	0.459505	0.459505	0.459505	0.459505	0.459505	0.459505	0.459505	0.459505	0.459505	0.459505	0.459505	0.459505	0.459505	0.459505	0.459505	0.459505	0.459505	0.459505	0.459505	0.459505	0.459505	0.459505	0.459647	0.459647	0.459647	0.459647	0.459647	0.459647	0.459505	0.459505	0.459505	0.459647	0.459505	0.459505	0.459647	0.459647	0.459647	0.459647	0.459647	0.459647	0.459647	0.459647	0.459647	0.459647	0.459647	0.459647	0.459647	0.459647	0.459647	0.459647	0.459647	0.459647	0.459647	0.459647
0.459505	0.459647	0.459647	0.459647	0.459647	0.459655	0.468527	0.459647	0.459647	0.459505	0.459505	0.459505	0.459505	0.459505	0.459505	0.459583	0.459505	0.459505	0.459505	0.459647	0.459776	0.459505	0.459505	0.459505	0.459505	0.459505	0.459505	0.459505	0.459505	0.459505	0.459505	0.459505	0.459505	0.459505	0.459505	0.459505	0.459505	0.459505	0.459505	0.459505	0.459505	0.459505	0.459647	0.459647	0.459647	0.459647	0.459647	0.459647	0.459505	0.459505	0.459505	0.459647	0.459505	0.459505	0.459647	0.459647	0.459647	0.459647	0.459647	0.459647	0.459647	0.459647	0.459647	0.459647	0.459647	0.459647	0.459647	0.459647	0.459647	0.459647	0.459647	0.459647	0.459647	0.459647
0.459505	0.459505	0.459505	0.459647	0.459505	0.459647	0.459647	0.459647	0.459647	0.459647	0.459505	0.459505	0.459505	0.459505	0.459505	0.459735	0.459505	0.459505	0.459505	0.459505	0.459647	0.459647	0.459505	0.459505	0.459505	0.459505	0.459505	0.459505	0.459505	0.459505	0.459505	0.459505	0.459505	0.459505	0.459505	0.459505	0.459505	0.459647	0.459647	0.459647	0.459647	0.459647	0.459647	0.459647	0.459647	0.459647	0.459647	0.459647	0.459505	0.459505	0.459505	0.459647	0.459505	0.459505	0.459505	0.459647	0.459647	0.459647	0.459647	0.459647	0.459647	0.459647	0.459647	0.459647	0.459647	0.459647	0.459647	0.459647	0.459647	0.459647	0.459647	0.459647	0.459647	0.459647
0.459505	0.459505	0.459505	0.459505	0.459505	0.459505	0.459647	0.459647	0.459647	0.459647	0.459505	0.459505	0.459505	0.459505	0.459505	0.459505	0.459505	0.459505	0.459505	0.459647	0.459505	0.459505	0.50629	0.459505	0.459505	0.459505	0.459505	0.459505	0.459505	0.459505	0.459505	0.459505	0.459505	0.459505	0.459505	0.459505	0.459571	0.459647	0.459647	0.459647	0.459647	0.459647	0.459647	0.459647	0.459647	0.459505	0.459505	0.459505	0.459505	0.459505	0.459505	0.459647	0.459505	0.459505	0.459647	0.459647	0.459647	0.459647	0.459647	0.459647	0.459647	0.459647	0.459647	0.459647	0.459647	0.459647	0.459647	0.459647	0.459647	0.459647	0.459647	0.459647	0.459647	0.459647
0.459505	0.459505	0.459505	0.459505	0.459505	0.459505	0.459647	0.459647	0.459647	0.459647	0.459505	0.459505	0.459647	0.459776	0.473875	0.459505	0.459505	0.459505	0.459505	0.459505	0.459647	0.459505	0.459505	0.459647	0.459647	0.459647	0.459647	0.459647	0.459647	0.459647	0.459505	0.459505	0.459505	0.459505	0.459505	0.459505	0.459589	0.459647	0.459647	0.459647	0.459647	0.459647	0.459647	0.459647	0.459647	0.459505	0.459505	0.459505	0.459505	0.459505	0.459505	0.459647	0.459505	0.459505	0.459614	0.459647	0.459647	0.459647	0.459647	0.459647	0.459647	0.459647	0.459647	0.459647	0.459647	0.459647	0.459647	0.459647	0.459647	0.459647	0.459647	0.459647	0.459647	0.459647
