Crust moisture [-]
0.455837	0.473075	0.453771	0.432583	0.456051	0.447914	0.432647	0.432432	0.432198	0.432198	0.432198	0.432198	0.432198	0.492257	0.432432	0.432432	0.432198	0.432432	0.432432	0.432198	0.432198	0.432198	0.432198	0.432198	0.432198	0.432198	0.432198	0.432432	0.432432	0.432198	0.432198	0.432198	0.432198	0.432198	0.432198	0.432198	0.432432	0.432198	0.432198	0.432198	0.432198	0.432198	0.432432	0.432198	0.432198	0.432198	0.432198	0.432198	0.432432	0.432198	0.432198	0.432198	0.432198	0.432198	0.432198	0.432198	0.432198	0.432198	0.432198	0.432198	0.432198	0.432198	0.432198	0.432198	0.432198	0.432198	0.432198	0.432198	0.432198	0.432198	0.432198	0.432198	0.432198	0.432198
0.432198	0.432432	0.432198	0.432198	0.432198	0.432198	0.432198	0.432198	0.432198	0.432198	0.432198	0.432198	0.432198	0.491695	0.432198	0.432198	0.432432	0.432198	0.432198	0.432198	0.432198	0.432198	0.432198	0.432198	0.432198	0.432198	0.432198	0.432198	0.432647	0.432198	0.432198	0.432198	0.432198	0.432198	0.432198	0.432198	0.432432	0.432198	0.432198	0.432198	0.432198	0.432198	0.432432	0.432198	0.432198	0.432198	0.432198	0.432198	0.432432	0.432198	0.432198	0.432198	0.432198	0.432198	0.432198	0.432198	0.432198	0.432198	0.432198	0.432198	0.432198	0.432198	0.432198	0.432198	0.432198	0.432198	0.432198	0.432198	0.432198	0.432198	0.432198	0.432198	0.432198	0.432198
0.432198	0.432432	0.432198	0.432198	0.432198	0.432198	0.432432	0.432198	0.432198	0.432198	0.432198	0.432198	0.432198	0.432198	0.500348	0.432198	0.432198	0.432198	0.432198	0.432198	0.432198	0.432198	0.432432	0.450568	0.432302	0.432198	0.432198	0.432198	0.432198	0.432432	0.432198	0.432198	0.432198	0.432198	0.432198	0.432198	0.432198	0.432198	0.432198	0.432198	0.432432	0.432432	0.432198	0.432198	0.432198	0.432198	0.432198	0.432198	0.432198	0.432198	0.432198	0.432198	0.432198	0.432198	0.432198	0.432432	0.432432	0.432198	0.432198	0.432198	0.432198	0.432198	0.432198	0.432198	0.432198	0.432198	0.432198	0.432198	0.432198	0.432432	0.432432	0.432198	0.432198	0.432198
0.432198	0.432432	0.432198	0.432198	0.432432	0.432432	0.432432	0.432198	0.432365	0.432198	0.432198	0.432198	0.432198	0.489473	0.499194	0.473075	0.432198	0.432198	0.432198	0.432198	0.432432	0.432432	0.432198	0.432198	0.450783	0.432198	0.432198	0.432198	0.432198	0.432432	0.432432	0.432198	0.432198	0.432198	0.432198	0.432198	0.432198	0.432198	0.432198	0.432198	0.432198	0.432198	0.432198	0.432198	0.432198	0.432198	0.432198	0.432198	0.432198	0.432198	0.432198	0.432198	0.432198	0.432198	0.432198	0.432198	0.432198	0.432198	0.432198	0.432198	0.432198	0.432432	0.432432	0.432198	0.432198	0.432198	0.432198	0.432198	0.432432	0.432198	0.432198	0.432198	0.432198	0.432198
0.432198	0.432198	0.432198	0.432198	0.450783	0.432432	0.432432	0.432432	0.432432	0.432198	0.432198	0.432198	0.489473	0.432198	0.432432	0.499832	0.473075	0.494354	0.456051	0.432432	0.432198	0.432432	0.432198	0.432198	0.450783	0.432198	0.432198	0.432198	0.432198	0.432198	0.50986	0.432198	0.432198	0.432198	0.432198	0.432198	0.432198	0.432198	0.432198	0.432198	0.432198	0.432198	0.432198	0.432198	0.432198	0.432198	0.432198	0.432198	0.432198	0.432198	0.432198	0.432198	0.432198	0.432198	0.432198	0.432198	0.432198	0.432198	0.432198	0.432198	0.432198	0.432432	0.432432	0.432432	0.432432	0.432432	0.432432	0.432432	0.432198	0.432198	0.432198	0.432198	0.432198	0.432198
0.489422	0.450568	0.432432	0.432432	0.432198	0.432432	0.432432	0.432198	0.432198	0.432198	0.432198	0.467593	0.432198	0.432198	0.432432	0.432198	0.505068	0.432432	0.432198	0.456051	0.432432	0.432198	0.432432	0.432198	0.432198	0.432432	0.432198	0.432432	0.432304	0.432432	0.432198	0.432198	0.432432	0.50986	0.456051	0.432259	0.432198	0.432198	0.432198	0.432198	0.432198	0.432198	0.432198	0.432198	0.432198	0.432198	0.432432	0.499762	0.499762	0.432432	0.432198	0.432198	0.432198	0.432198	0.432198	0.432198	0.432198	0.432198	0.432198	0.432198	0.432198	0.432432	0.491695	0.473075	0.432198	0.432198	0.432198	0.432198	0.432198	0.432198	0.432198	0.432198	0.432198	0.432198
0.432198	0.467593	0.450568	0.432198	0.432432	0.432198	0.432432	0.432198	0.432198	0.432198	0.491674	0.432198	0.432198	0.432198	0.432198	0.483031	0.432432	0.432198	0.432198	0.432198	0.455837	0.432432	0.432198	0.432428	0.432432	0.432198	0.432198	0.432432	0.432432	0.432432	0.432432	0.432432	0.432432	0.432198	0.432198	0.456051	0.432432	0.432432	0.432198	0.432198	0.432647	0.432432	0.432198	0.432198	0.432198	0.499762	0.499762	0.432198	0.432198	0.501984	0.432198	0.432198	0.432198	0.432432	0.432198	0.48399	0.432198	0.432198	0.432198	0.432198	0.491695	0.491695	0.432432	0.432198	0.432198	0.432198	0.432198	0.432198	0.432198	0.432198	0.432432	0.432198	0.432198	0.432198
0.432362	0.473075	0.467807	0.432432	0.432432	0.432198	0.432198	0.432198	0.432198	0.432198	0.483319	0.432198	0.432198	0.432198	0.432198	0.483819	0.432198	0.432198	0.432198	0.432198	0.432198	0.455837	0.432432	0.432198	0.432432	0.432432	0.432198	0.432432	0.432432	0.432432	0.432432	0.432294	0.432432	0.432198	0.432198	0.432198	0.432198	0.432432	0.50986	0.432198	0.473075	0.432432	0.432198	0.499762	0.499762	0.432198	0.432198	0.432198	0.432198	0.432198	0.501984	0.501984	0.502325	0.506487	0.473813	0.432198	0.483663	0.48399	0.467446	0.432198	0.432432	0.432432	0.432432	0.432198	0.432198	0.432198	0.432198	0.432198	0.432198	0.432432	0.432198	0.432198	0.432198	0.432198
0.450736	0.432432	0.432198	0.433284	0.450568	0.432432	0.432198	0.432432	0.432432	0.432432	0.467633	0.432198	0.432198	0.432198	0.432198	0.45643	0.432198	0.432198	0.432198	0.432198	0.432198	0.432432	0.455837	0.432432	0.432198	0.432432	0.432198	0.432198	0.432432	0.432432	0.432432	0.432432	0.450568	0.432432	0.432198	0.432198	0.432198	0.432198	0.432198	0.432198	0.432217	0.455303	1	0.432198	0.432198	0.432198	0.432198	0.432198	0.432265	0.432432	0.432432	0.432432	0.432432	0.432432	0.508313	0.504643	0.432432	0.432198	0.432198	0.432198	0.432198	0.432362	0.432432	0.432198	0.432198	0.432198	0.432198	0.432432	0.432432	0.432198	0.432198	0.432198	0.432198	0.432198
0.450783	0.432432	0.432198	0.432432	0.432198	0.432198	0.432432	0.432198	0.432198	0.432198	0.48399	0.432198	0.432198	0.432198	0.432198	0.432198	0.46727	0.432198	0.432198	0.432432	0.432198	0.441844	0.432334	0.456051	0.432432	0.432198	0.432432	0.432198	0.432432	0.432432	0.432432	0.450568	0.432432	0.432432	0.4324	0.432329	0.432432	0.432432	0.432432	0.432198	0.432198	0.432198	0.432432	0.432198	0.432198	0.432198	0.432198	0.432198	0.432432	0.432432	0.432432	0.432232	0.432301	0.432432	0.432432	0.432198	0.456051	0.432198	0.432198	0.432198	0.432198	0.432198	0.432198	0.432198	0.432198	0.432432	0.432432	0.432198	0.432198	0.432198	0.432198	0.432198	0.432198	0.432198
0.450568	0.432198	0.432198	0.432432	0.432198	0.432198	0.450568	0.432198	0.432519	0.491575	0.432432	0.432198	0.432198	0.432198	0.432198	0.432198	0.432432	0.432198	0.432198	0.432198	0.432432	0.432647	0.432432	0.432198	0.456051	0.432198	0.432198	0.432198	0.432432	0.432432	0.450657	0.432432	0.432432	0.432432	0.432432	0.432432	0.432432	0.432432	0.432432	0.432198	0.432198	0.432198	0.432432	0.432198	0.432198	0.432198	0.432198	0.432198	0.432432	0.432432	0.432432	0.432432	0.432432	0.432432	0.432265	0.432198	0.432432	0.456051	0.432198	0.432198	0.432198	0.432198	0.432432	0.432432	0.432432	0.432198	0.432198	0.432198	0.432198	0.432198	0.432198	0.432198	0.432198	0.432198
0.432198	0.432432	0.432432	0.432198	0.432198	0.432198	0.432198	0.432198	0.432198	0.432432	0.490152	0.432198	0.432198	0.432198	0.432198	0.432198	0.432198	0.432647	0.508476	0.473075	0.432432	0.432198	0.432198	0.432198	0.432198	0.456051	0.432198	0.432198	0.432432	0.432432	0.450783	0.432432	0.432432	0.432432	0.432432	0.432432	0.432432	0.432432	0.432432	0.432432	0.432432	0.432432	0.432432	0.50986	0.432198	0.432198	0.432282	0.432313	0.432432	0.432432	0.432432	0.432432	0.432432	0.432432	0.432432	0.432344	0.432432	0.432198	0.455837	0.432198	0.456051	0.432501	0.432198	0.432198	0.432198	0.432198	0.432198	0.432198	0.432198	0.432198	0.432198	0.432198	0.432198	0.432198
0.432198	0.432432	0.432432	0.432198	0.432198	0.432198	0.467593	0.450568	0.450568	0.432432	0.491438	0.432198	0.432198	0.432198	0.432198	0.432198	0.432198	0.432198	0.432432	0.456051	0.432432	0.432198	0.432198	0.432396	0.432432	0.432198	0.456051	0.432198	0.432198	0.432198	0.432432	0.432432	0.432432	0.432432	0.432432	0.432432	0.432432	0.432432	0.432432	0.432432	0.432198	0.432198	0.432432	0.473075	0.432198	0.432198	0.432198	0.432198	0.432432	0.432432	0.432432	0.432432	0.432432	0.432432	0.432432	0.432432	0.432432	0.432432	0.432198	0.456051	0.432432	0.450568	0.432198	0.432198	0.432198	0.432198	0.432198	0.432198	0.432198	0.432432	0.432198	0.432198	0.432432	0.432432
0.432432	0.432432	0.432432	0.432198	0.432198	0.432198	0.467593	0.450568	0.450717	0.450617	0.432198	0.467593	0.432198	0.432198	0.432198	0.432432	0.432198	0.432198	0.473075	0.432432	0.432432	0.432432	0.432432	0.432432	0.432198	0.432314	0.456051	0.432198	0.432198	0.432198	0.432198	0.432432	0.432432	0.432432	0.432432	0.432432	0.450568	0.432432	0.432432	0.432432	0.432198	0.432198	0.432198	0.432432	0.432198	0.432198	0.432198	0.432198	0.432432	0.432432	0.432432	0.432432	0.432432	0.432432	0.432432	0.432432	0.432432	0.432432	0.432198	0.432198	0.432198	0.432198	0.450568	0.450783	0.432198	0.432198	0.432198	0.432198	0.432198	0.450783	0.432198	0.432198	0.432432	0.432432
0.432432	0.432198	0.432198	0.432432	0.432432	0.432432	0.432432	0.467807	0.450783	0.450783	0.432244	0.432198	0.490853	0.432198	0.432198	0.432526	0.432198	0.432432	0.432198	0.432198	0.450568	0.432198	0.432432	0.432198	0.432198	0.432198	0.432198	0.456051	0.432198	0.432198	0.432198	0.432432	0.432432	0.432432	0.432432	0.432432	0.432432	0.432432	0.432432	0.432432	0.432432	0.432432	0.432432	0.432198	0.432198	0.432198	0.432198	0.432198	0.432198	0.432432	0.432432	0.432432	0.432432	0.432432	0.432432	0.432432	0.432432	0.432432	0.432432	0.432432	0.432198	0.432432	0.432198	0.432198	0.450568	0.450568	0.450568	0.432432	0.432198	0.432432	0.432432	0.432432	0.432432	0.432432
0.467593	0.432198	0.432198	0.432198	0.432198	0.432198	0.432198	0.432432	0.467807	0.432432	0.432432	0.432198	0.432198	0.491695	0.432432	0.432198	0.432198	0.432432	0.432198	0.432432	0.456051	0.432198	0.432198	0.432198	0.432198	0.432198	0.432198	0.432198	0.450783	0.432198	0.432198	0.432432	0.432432	0.432432	0.484205	0.432432	0.432432	0.432432	0.432432	0.432432	0.432293	0.432432	0.432432	0.432198	0.432198	0.432198	0.432198	0.432198	0.432198	0.432198	0.432198	0.432198	0.432198	0.432198	0.432198	0.432432	0.432432	0.432432	0.432432	0.432432	0.432432	0.432198	0.432198	0.432198	0.432198	0.432198	0.432198	0.456051	0.432432	0.432432	0.432432	0.432432	0.432432	0.432432
0.432198	0.432198	0.432198	0.432198	0.432198	0.432198	0.432198	0.432432	0.467807	0.432432	0.432432	0.432432	0.432432	0.494354	0.432432	0.432432	0.432432	0.432432	0.432198	0.432432	0.432432	0.432432	0.432198	0.432198	0.432198	0.432198	0.432198	0.432198	0.432198	0.450783	0.432198	0.432432	0.432432	0.450783	0.432432	0.432432	0.432432	0.432432	0.432432	0.432432	0.432432	0.432432	0.432432	0.432198	0.432198	0.50986	0.432198	0.432198	0.432198	0.432198	0.432198	0.432432	0.432432	0.432198	0.432198	0.432432	0.432432	0.432432	0.432432	0.432432	0.432432	0.432198	0.432198	0.432198	0.432198	0.432198	0.432198	0.432432	0.456051	0.432432	0.432432	0.432432	0.432432	0.432432
0.467593	0.432198	0.432198	0.432432	0.432432	0.432432	0.432432	0.43223	0.432432	0.450783	0.432432	0.432432	0.432432	0.432432	0.494354	0.432309	0.432198	0.432432	0.432432	0.432198	0.432198	0.432198	0.432198	0.432198	0.432198	0.432198	0.432198	0.432198	0.432198	0.450783	0.432198	0.432198	0.432198	0.450783	0.432432	0.432432	0.432432	0.432432	0.432432	0.432432	0.432432	0.432432	0.432432	0.432432	0.432432	0.432198	0.432198	0.432432	0.432432	0.432432	0.432432	0.432198	0.432198	0.432198	0.432198	0.432432	0.432432	0.432432	0.432432	0.432432	0.432432	0.432432	0.432432	0.432432	0.432432	0.432432	0.450783	0.432432	0.432432	0.432432	0.432432	0.432198	0.432198	0.432198
0.467807	0.450568	0.450568	0.450783	0.432198	0.432198	0.432432	0.432432	0.432432	0.432198	0.432432	0.432432	0.432432	0.432198	0.432198	0.437915	0.432198	0.432198	0.432432	0.432198	0.432198	0.432198	0.432198	0.432198	0.432198	0.432198	0.432198	0.432198	0.432432	0.450568	0.432432	0.432198	0.432432	0.432198	0.432432	0.432432	0.432432	0.432432	0.432432	0.432432	0.432432	0.432432	0.432432	0.432432	0.432432	0.432198	0.432432	0.432198	0.432198	0.432198	0.432198	0.432198	0.432198	0.432198	0.432198	0.432432	0.432432	0.432432	0.432432	0.432432	0.432432	0.432432	0.432432	0.432432	0.432432	0.432432	0.432432	0.432198	0.432198	0.432198	0.432198	0.432198	0.432198	0.432198
0.467807	0.450568	0.432432	0.432432	0.432198	0.432198	0.432432	0.432432	0.432432	0.432198	0.432198	0.432198	0.432432	0.432198	0.432198	0.432198	0.432432	0.432198	0.432432	0.432432	0.432198	0.432198	0.432198	0.432198	0.432198	0.432198	0.432198	0.432432	0.432198	0.450207	0.432432	0.432198	0.432198	0.432432	0.432432	0.432432	0.432432	0.432432	0.432432	0.432432	0.432432	0.432432	0.432432	0.432432	0.432432	0.50986	0.432198	0.432198	0.432198	0.432198	0.432198	0.432198	0.432198	0.432198	0.432198	0.432432	0.432432	0.432432	0.432432	0.432432	0.432432	0.432432	0.432432	0.432432	0.432432	0.432432	0.432432	0.432198	0.432198	0.432198	0.432198	0.432198	0.432198	0.432198
0.467807	0.432198	0.432198	0.432198	0.432198	0.432198	0.432432	0.432432	0.432432	0.432198	0.432432	0.432432	0.432198	0.432198	0.432198	0.432198	0.432198	0.432432	0.432198	0.432432	0.432432	0.432198	0.432198	0.432198	0.432198	0.432198	0.432198	0.432432	0.450245	0.432198	0.432432	0.432198	0.432198	0.432198	0.506724	0.432198	0.432432	0.432432	0.432432	0.432432	0.432432	0.432432	0.432432	0.432432	0.432432	0.432432	0.432198	0.432198	0.432198	0.432198	0.432198	0.432198	0.432198	0.432198	0.432198	0.432331	0.432432	0.432432	0.432432	0.432432	0.432432	0.432432	0.432432	0.432432	0.432432	0.432432	0.432432	0.432432	0.432432	0.450783	0.432198	0.432198	0.432198	0.432198
0.450783	0.432198	0.432198	0.432432	0.432432	0.432432	0.43255	0.432198	0.432198	0.432432	0.432432	0.432432	0.432432	0.432198	0.432198	0.432198	0.432432	0.432432	0.432198	0.432198	0.432198	0.432198	0.432198	0.432198	0.432198	0.432198	0.432432	0.432432	0.456051	0.432432	0.435732	0.432432	0.432432	0.432198	0.450568	0.432432	0.432432	0.432432	0.432432	0.432432	0.432432	0.432432	0.432432	0.432198	0.432198	0.432198	0.432198	0.432198	0.432198	0.432198	0.432198	0.432198	0.432198	0.432198	0.432198	0.432198	0.432198	0.432198	0.432198	0.432198	0.432432	0.432432	0.432432	0.432432	0.432432	0.432432	0.432432	0.432432	0.432432	0.432198	0.432432	0.432198	0.432198	0.432198
0.450673	0.432198	0.432198	0.450568	0.432432	0.432432	0.432432	0.432198	0.432198	0.432432	0.432432	0.432432	0.432432	0.432198	0.432198	0.432432	0.432198	0.432432	0.432198	0.432198	0.432198	0.432198	0.432198	0.432198	0.432198	0.432432	0.432432	0.432432	0.450783	0.446931	0.432432	0.432432	0.432432	0.432198	0.450783	0.432432	0.432432	0.432432	0.432432	0.432432	0.432432	0.432432	0.432432	0.432198	0.432198	0.432432	0.50986	0.432198	0.432198	0.432198	0.432198	0.432198	0.432198	0.432198	0.432198	0.432198	0.432198	0.432198	0.432198	0.432198	0.432432	0.432432	0.432432	0.432432	0.432432	0.432432	0.432432	0.432432	0.432432	0.432198	0.432198	0.432432	0.432201	0.432198
0.432198	0.432432	0.432432	0.432432	0.432533	0.432432	0.432432	0.432432	0.432432	0.432432	0.432198	0.432198	0.432432	0.432198	0.432198	0.432432	0.432198	0.432432	0.432198	0.432198	0.432198	0.432198	0.432198	0.432198	0.432432	0.432432	0.432432	0.432432	0.450568	0.432432	0.432432	0.432432	0.432432	0.432198	0.432432	0.432198	0.432198	0.432432	0.432432	0.432432	0.432432	0.432432	0.432432	0.432432	0.432432	0.432432	0.472986	0.432432	0.432198	0.432198	0.432198	0.432198	0.432198	0.432198	0.432198	0.432198	0.432198	0.432198	0.432198	0.432198	0.432432	0.432388	0.432366	0.432432	0.432432	0.432432	0.432432	0.432432	0.432432	0.432432	0.432198	0.432198	0.432198	0.432198
0.450595	0.432432	0.432432	0.432432	0.432432	0.432432	0.432198	0.432198	0.432198	0.432198	0.432198	0.432198	0.432198	0.432198	0.432198	0.432432	0.432198	0.432198	0.432432	0.432198	0.432198	0.432198	0.432198	0.432432	0.432198	0.432432	0.432432	0.432432	0.432432	0.432432	0.432432	0.432432	0.432432	0.432198	0.432432	0.508476	0.432432	0.432432	0.432432	0.432432	0.432432	0.432432	0.432432	0.432432	0.432432	0.432198	0.456043	0.432432	0.432198	0.432198	0.432198	0.432198	0.432198	0.432198	0.432198	0.432198	0.432198	0.432198	0.432428	0.432432	0.432432	0.432432	0.432432	0.432432	0.432432	0.432432	0.432362	0.432432	0.432432	0.432432	0.432432	0.432432	0.432432	0.432432
0.450783	0.432432	0.432432	0.432432	0.432432	0.432432	0.432198	0.432198	0.432198	0.432198	0.432198	0.432198	0.432198	0.432198	0.432198	0.432198	0.432432	0.432198	0.432198	0.432432	0.432198	0.432198	0.432432	0.432432	0.432432	0.432432	0.432198	0.432432	0.432432	0.432432	0.432432	0.432432	0.432432	0.432198	0.432198	0.432432	0.432432	0.432432	0.432432	0.432432	0.432432	0.432432	0.432432	0.432432	0.432432	0.432198	0.432198	0.456051	0.432198	0.432198	0.432198	0.432198	0.432198	0.432198	0.432198	0.432198	0.432198	0.432198	0.432423	0.432432	0.432432	0.432432	0.432432	0.432432	0.432432	0.432432	0.432432	0.432432	0.432432	0.432432	0.432432	0.432432	0.432432	0.432432
0.432584	0.432432	0.432432	0.432198	0.432432	0.432432	0.432198	0.432198	0.432198	0.432198	0.432198	0.432198	0.432198	0.432198	0.432198	0.432198	0.432432	0.432198	0.432198	0.432198	0.432432	0.432432	0.432198	0.432432	0.432432	0.432432	0.432432	0.432432	0.432432	0.432432	0.432432	0.432432	0.432432	0.472841	0.432198	0.432198	0.432432	0.432432	0.432432	0.432432	0.432432	0.434307	0.432432	0.434911	0.432785	0.432265	0.432198	0.432198	0.432432	0.432198	0.432198	0.432198	0.432198	0.432198	0.432198	0.432198	0.432198	0.432198	0.432412	0.438177	0.432432	0.432198	0.432198	0.432198	0.432432	0.432432	0.432432	0.432432	0.450568	0.450568	0.432432	0.432432	0.432432	0.432432
0.432198	0.432432	0.432432	0.432198	0.432432	0.432432	0.432198	0.432198	0.432198	0.432198	0.432198	0.432198	0.432198	0.432198	0.432198	0.432198	0.432432	0.432198	0.432198	0.432432	0.432432	0.432647	0.432198	0.432198	0.432313	0.432432	0.432432	0.432432	0.432432	0.432432	0.432432	0.432432	0.432432	0.432198	0.436589	0.432432	0.432432	0.432432	0.432432	0.432432	0.432432	0.435677	0.434106	0.432432	0.433358	0.432432	0.432432	0.432432	0.432432	0.432198	0.432198	0.432198	0.432198	0.432198	0.432198	0.432198	0.432198	0.432198	0.432198	0.432198	0.432198	0.432198	0.432198	0.432383	0.432432	0.432432	0.432432	0.432432	0.432432	0.432432	0.450568	0.432432	0.432432	0.432432
0.432198	0.432432	0.432432	0.432198	0.432432	0.432432	0.432198	0.432198	0.432198	0.432198	0.432198	0.432198	0.432198	0.432198	0.432198	0.432198	0.432198	0.432198	0.432432	0.432432	0.432432	0.432465	0.432198	0.432198	0.432198	0.432432	0.432432	0.432432	0.432432	0.432432	0.432432	0.432432	0.432432	0.432198	0.432432	0.432432	0.432432	0.444365	0.455961	0.432432	0.432432	0.434527	0.432432	0.432432	0.432711	0.432432	0.432432	0.432432	0.432198	0.432198	0.432198	0.432198	0.432198	0.432198	0.432198	0.432198	0.432198	0.432198	0.432198	0.432198	0.432198	0.432432	0.432198	0.432198	0.432342	0.432432	0.432432	0.432432	0.432432	0.432432	0.432432	0.432432	0.432432	0.432432
0.432198	0.432432	0.432432	0.432198	0.432198	0.432198	0.432198	0.432198	0.432198	0.432198	0.432198	0.432198	0.432198	0.432198	0.432198	0.432198	0.432198	0.432198	0.432432	0.432432	0.432198	0.432198	0.432198	0.432198	0.432198	0.432432	0.432432	0.432432	0.432432	0.432432	0.432432	0.461977	0.434569	0.432432	0.432432	0.432432	0.432506	0.432432	0.432432	0.433141	0.433214	0.432432	0.432432	0.432432	0.434036	0.436747	0.432432	0.432432	0.432198	0.50986	0.432198	0.432198	0.432198	0.432198	0.432198	0.432198	0.432198	0.432198	0.432198	0.432198	0.432432	0.432198	0.432198	0.432198	0.432198	0.432198	0.43235	0.432375	0.432432	0.432432	0.432432	0.432432	0.432198	0.432198
0.432198	0.432198	0.432198	0.432198	0.432198	0.432198	0.432198	0.432198	0.432198	0.432198	0.432198	0.432198	0.432198	0.432198	0.432198	0.432198	0.432198	0.432198	0.432198	0.432198	0.432198	0.432432	0.432432	0.432432	0.432432	0.432432	0.432432	0.432432	0.432432	0.432432	0.479201	0.438026	0.432432	0.432432	0.432432	0.437994	0.43592	0.432432	0.436015	0.436094	0.432432	0.432432	0.432432	0.432882	0.437787	0.432432	0.432432	0.432432	0.432432	0.432198	0.473075	0.432198	0.432198	0.432198	0.432198	0.432198	0.432198	0.432432	0.432198	0.432432	0.432198	0.432198	0.432198	0.432198	0.432432	0.432432	0.432407	0.432432	0.432432	0.432432	0.432432	0.432432	0.432198	0.432198
0.432198	0.432198	0.432198	0.432198	0.432198	0.432198	0.432198	0.432198	0.432198	0.432198	0.432198	0.432198	0.432198	0.432198	0.432198	0.432198	0.432198	0.432198	0.432198	0.432198	0.432198	0.432432	0.432432	0.432432	0.432432	0.432432	0.432432	0.432432	0.432432	0.482879	0.444262	0.432432	0.432432	0.432432	0.436605	0.432432	0.432432	0.435721	0.438734	0.432432	0.432432	0.432432	0.432733	0.435532	0.432432	0.438516	0.432432	0.432432	0.432432	0.432198	0.473075	0.432432	0.432198	0.432198	0.432198	0.432198	0.432198	0.432432	0.432432	0.432432	0.432198	0.432198	0.432198	0.432198	0.43228	0.432266	0.432432	0.432432	0.432269	0.432393	0.432432	0.432432	0.432198	0.432198
0.432198	0.432198	0.432198	0.432198	0.432198	0.432432	0.432432	0.432376	0.432198	0.432198	0.432198	0.432198	0.432198	0.432198	0.432198	0.432198	0.432198	0.432198	0.432198	0.432198	0.432198	0.432198	0.432198	0.432198	0.432198	0.432432	0.432432	0.432432	0.491169	0.449699	0.432432	0.432432	0.432432	0.440905	0.432432	0.432432	0.432432	0.433739	0.445925	0.432432	0.432432	0.43252	0.436028	0.432432	0.432432	0.444562	0.432432	0.432432	0.432432	0.432432	0.432432	0.456051	0.432198	0.432198	0.432198	0.432198	0.432432	0.432432	0.432198	0.432198	0.432198	0.432198	0.432198	0.432198	0.432198	0.432198	0.432198	0.432432	0.432432	0.432432	0.432198	0.432198	0.432198	0.432198
0.432198	0.432198	0.432198	0.432432	0.432432	0.432198	0.432198	0.432198	0.432198	0.432198	0.432198	0.432198	0.432198	0.432198	0.432198	0.432198	0.432198	0.432198	0.432198	0.432432	0.432198	0.432198	0.432198	0.432198	0.432198	0.432432	0.432432	0.495248	0.450195	0.432432	0.432432	0.432432	0.452022	0.436224	0.437773	0.444902	0.432432	0.436662	0.443226	0.432432	0.432432	0.439939	0.432432	0.432432	0.435265	0.432432	0.432432	0.432432	0.432432	0.432432	0.432432	0.43225	0.456051	0.432198	0.432198	0.432432	0.432432	0.432198	0.432198	0.432198	0.432198	0.432198	0.432198	0.432198	0.432198	0.432198	0.432198	0.432432	0.432432	0.432432	0.432432	0.432432	0.432198	0.432198
0.432198	0.432198	0.432432	0.432198	0.432198	0.432198	0.432198	0.432198	0.432198	0.432198	0.432198	0.432198	0.432198	0.432198	0.432198	0.432198	0.432198	0.432198	0.432198	0.432198	0.432432	0.432432	0.432198	0.432198	0.452954	0.499762	0.499065	0.450568	0.432432	0.432432	0.432432	0.452308	0.434665	0.436411	0.440922	0.436574	0.443361	0.437634	0.441466	0.437746	0.450077	0.432432	0.432432	0.438889	0.432432	0.432432	0.432432	0.432432	0.432432	0.432432	0.432432	0.432198	0.432432	0.432432	0.432432	0.432432	0.432198	0.432198	0.432198	0.432198	0.432198	0.432198	0.432198	0.432198	0.432198	0.432198	0.432198	0.432432	0.432432	0.432432	0.432432	0.432432	0.432198	0.432198
0.432432	0.432432	0.432198	0.432198	0.432198	0.432198	0.432198	0.432198	0.432198	0.432198	0.432198	0.432198	0.432198	0.432198	0.432198	0.432198	0.432198	0.432198	0.432198	0.432432	0.432432	0.432432	0.473075	0.473075	0.4507	0.450568	0.450568	0.432432	0.432432	0.432432	0.455918	0.441953	0.441621	0.440811	0.432519	0.444435	0.446144	0.435908	0.432914	0.450255	0.432432	0.432432	0.432627	0.432432	0.432432	0.432432	0.432432	0.432432	0.432432	0.432432	0.432432	0.432432	0.432198	0.432198	0.50986	0.432198	0.432198	0.432198	0.432198	0.432198	0.432198	0.432198	0.432198	0.432198	0.432198	0.432198	0.432198	0.432198	0.432198	0.432432	0.432198	0.432198	0.432198	0.432198
0.432432	0.432198	0.432198	0.432198	0.432198	0.432198	0.432198	0.432198	0.432198	0.432198	0.432198	0.432198	0.432198	0.432198	0.432198	0.432432	0.432198	0.432198	0.432198	0.432432	0.432432	0.432432	0.432198	0.432198	0.432432	0.450568	0.450568	0.432432	0.432432	0.466343	0.450093	0.450115	0.450531	0.441844	0.450024	0.450056	0.444184	0.43811	0.455471	0.432432	0.432432	0.432432	0.432432	0.451486	0.432432	0.432432	0.432432	0.432432	0.44599	0.432432	0.432432	0.432432	0.432432	0.432432	0.432432	0.432432	0.432198	0.432198	0.432198	0.432198	0.432198	0.432198	0.432198	0.432198	0.432198	0.432432	0.432432	0.432198	0.432198	0.432198	0.432198	0.432198	0.432198	0.432198
0.432432	0.432198	0.432198	0.432198	0.432198	0.432198	0.432198	0.432198	0.432198	0.432198	0.432198	0.432198	0.432198	0.432198	0.432198	0.432432	0.432198	0.432198	0.432198	0.432432	0.432432	0.432432	0.432198	0.432198	0.432432	0.450783	0.450783	0.467807	0.467159	0.450568	0.450568	0.450568	0.450325	0.450568	0.450532	0.449355	0.436419	0.43963	0.466135	0.432432	0.432432	0.432432	0.432432	0.432432	0.485085	0.432432	0.432432	0.432432	0.44999	0.432432	0.432432	0.432432	0.432432	0.432432	0.432432	0.432432	0.432432	0.432198	0.432198	0.432198	0.432198	0.432198	0.432198	0.432198	0.432198	0.432432	0.432432	0.432198	0.432198	0.432198	0.432198	0.432198	0.432198	0.432198
0.432198	0.432198	0.432198	0.432198	0.432198	0.432198	0.432198	0.432198	0.432198	0.432198	0.432198	0.432198	0.432198	0.432198	0.432198	0.432198	0.432432	0.432432	0.432198	0.432432	0.432432	0.432432	0.432432	0.432432	0.432432	0.432613	0.450783	0.450783	0.450568	0.450568	0.450568	0.450568	0.450568	0.450568	0.450568	0.449925	0.450369	0.467228	0.432432	0.432432	0.432432	0.432432	0.432432	0.432432	0.432432	0.492676	0.432432	0.432432	0.450242	0.432432	0.432432	0.432669	0.432432	0.432432	0.432432	0.432198	0.432198	0.432198	0.432198	0.432198	0.432198	0.432198	0.432198	0.432198	0.432198	0.432432	0.432198	0.432198	0.432198	0.432198	0.432198	0.432198	0.432198	0.432198
0.432198	0.432198	0.432198	0.432198	0.432198	0.432198	0.432198	0.432198	0.432198	0.432198	0.432198	0.432198	0.432198	0.432198	0.432198	0.432198	0.432198	0.432198	0.432198	0.432198	0.432198	0.432198	0.432198	0.432198	0.432198	0.432432	0.450783	0.450568	0.450568	0.450783	0.450568	0.450574	0.450568	0.450568	0.450557	0.450568	0.467593	0.432198	0.432198	0.432432	0.432432	0.432432	0.432432	0.432432	0.49856	0.432432	0.432432	0.456266	0.432432	0.432432	0.432432	0.432432	0.432432	0.432432	0.432432	0.432432	0.432432	0.50986	0.432432	0.432198	0.432198	0.432198	0.432198	0.432198	0.432198	0.432432	0.432198	0.432198	0.432198	0.432198	0.432293	0.432198	0.432198	0.432198
0.432198	0.432198	0.432198	0.432198	0.432198	0.432198	0.432198	0.432198	0.432198	0.432198	0.432198	0.432198	0.432198	0.432198	0.432198	0.432198	0.432198	0.432198	0.432198	0.432198	0.432198	0.432198	0.432198	0.432198	0.432198	0.432558	0.432432	0.450783	0.450783	0.450783	0.450783	0.450783	0.450568	0.450568	0.450568	0.467807	0.432432	0.432198	0.432198	0.432432	0.432432	0.432432	0.432432	0.499388	0.432432	0.432432	0.432432	0.444414	0.432432	0.433175	0.432432	0.432432	0.432432	0.432997	0.432432	0.432432	0.432432	0.432198	0.432432	0.432198	0.432198	0.432198	0.432198	0.432198	0.432198	0.432432	0.43228	0.432198	0.432198	0.432432	0.432198	0.432198	0.432198	0.432198
0.432198	0.432198	0.432198	0.432198	0.432198	0.432198	0.432198	0.432198	0.432198	0.432198	0.432198	0.432198	0.432198	0.432198	0.432198	0.432198	0.432198	0.432198	0.432198	0.432198	0.432198	0.432198	0.432198	0.432198	0.432198	0.432432	0.432529	0.432198	0.432432	0.450783	0.450783	0.450783	0.450582	0.432198	0.468807	0.432432	0.432432	0.489473	0.489473	0.489117	0.504643	0.505647	0.501445	0.432432	0.432432	0.432432	0.432432	0.438018	0.432432	0.432432	0.433079	0.432432	0.432432	0.433475	0.432432	0.432432	0.432432	0.432432	0.432432	0.432432	0.450783	0.432432	0.432198	0.432198	0.432432	0.432198	0.432432	0.432432	0.432432	0.432198	0.432198	0.432198	0.432198	0.432198
0.432198	0.432198	0.432198	0.432198	0.432198	0.432198	0.432198	0.432198	0.432198	0.432198	0.432198	0.432198	0.432198	0.432198	0.432198	0.432198	0.432198	0.432198	0.432198	0.432198	0.432198	0.432198	0.432198	0.432198	0.432198	0.432198	0.432198	0.432198	0.432432	0.432198	0.432647	0.450783	0.450568	0.450783	0.432432	0.432432	0.456051	0.450783	0.450783	0.472938	0.432432	0.467807	0.432432	0.432432	0.432432	0.432432	0.432468	0.432432	0.432432	0.432432	0.433525	0.432432	0.43251	0.432432	0.432432	0.432432	0.432432	0.432432	0.432432	0.432432	0.432432	0.450142	0.432198	0.432432	0.432198	0.432198	0.432198	0.432198	0.432198	0.432198	0.432198	0.432198	0.432198	0.432198
0.432432	0.432198	0.432198	0.432198	0.432198	0.432198	0.432198	0.432198	0.432198	0.432198	0.432198	0.432198	0.432198	0.432198	0.432198	0.432198	0.432198	0.432198	0.432198	0.432198	0.432198	0.432198	0.432198	0.432198	0.432198	0.432198	0.432198	0.432198	0.432198	0.432432	0.432647	0.450762	0.450783	0.450783	0.432432	0.432432	0.450783	0.450783	0.475153	0.432198	0.467807	0.432432	0.432432	0.432432	0.432432	0.441044	0.432432	0.432432	0.432432	0.432432	0.432432	0.434096	0.432432	0.432432	0.432432	0.432432	0.432432	0.432432	0.432432	0.432432	0.432432	0.432198	0.50986	0.432198	0.432198	0.432198	0.432198	0.432198	0.432198	0.432198	0.432198	0.432198	0.432198	0.432198
0.432432	0.432302	0.432198	0.432198	0.432198	0.432198	0.432432	0.432432	0.432432	0.432432	0.432432	0.432432	0.432432	0.432198	0.432198	0.432198	0.432198	0.432198	0.432198	0.432198	0.432198	0.432198	0.432198	0.432198	0.432198	0.432198	0.432198	0.432198	0.432198	0.432198	0.432647	0.432432	0.432432	0.432432	0.432432	0.432432	0.432432	0.437915	0.432198	0.432432	0.432198	0.432198	0.432432	0.432432	0.432432	0.432432	0.461445	0.432432	0.432854	0.432432	0.432515	0.432432	0.432432	0.432432	0.432432	0.432432	0.432432	0.432432	0.432432	0.432432	0.432432	0.432198	0.456051	0.432198	0.432198	0.432198	0.432198	0.432198	0.432198	0.432198	0.432198	0.432198	0.432198	0.432198
0.432432	0.432198	0.432198	0.432432	0.432198	0.432432	0.432198	0.432198	0.432198	0.432198	0.432198	0.432198	0.432198	0.432198	0.432198	0.432198	0.432198	0.432198	0.432198	0.432198	0.432198	0.432198	0.432198	0.432198	0.432198	0.432198	0.432198	0.432198	0.432198	0.432198	0.432432	0.432432	0.432432	0.432432	0.432432	0.432432	0.456051	0.432198	0.432198	0.467807	0.432432	0.432432	0.432432	0.432432	0.432432	0.458431	0.432432	0.435097	0.432432	0.434421	0.432432	0.432432	0.432432	0.432432	0.432432	0.432432	0.432432	0.432432	0.432432	0.432432	0.439552	0.432432	0.432432	0.432432	0.432198	0.432198	0.432198	0.432198	0.432198	0.432198	0.432198	0.432198	0.432198	0.432198
0.473075	0.432432	0.432432	0.432432	0.432432	0.432198	0.432198	0.432198	0.432198	0.432198	0.432198	0.432198	0.432198	0.432198	0.432198	0.432198	0.432198	0.432198	0.432198	0.432198	0.432198	0.432198	0.432198	0.432198	0.432198	0.432198	0.432198	0.432198	0.432198	0.432198	0.432432	0.432432	0.432432	0.432432	0.432198	0.432432	0.432647	0.432198	0.432198	0.467807	0.432432	0.432432	0.432432	0.432432	0.460599	0.432432	0.433558	0.432432	0.433065	0.433128	0.432432	0.432432	0.432432	0.432432	0.442422	0.432432	0.432432	0.432432	0.437385	0.450568	0.432432	0.432319	0.432432	0.432198	0.432432	0.432432	0.432198	0.432198	0.432198	0.432198	0.432198	0.432198	0.432198	0.432198
0.432198	0.473075	0.473075	0.473075	0.432198	0.432198	0.432198	0.432198	0.432198	0.432198	0.432198	0.432198	0.432198	0.432198	0.432198	0.432198	0.432198	0.432198	0.432198	0.432198	0.432198	0.432198	0.432198	0.432198	0.432198	0.432198	0.432198	0.432198	0.432198	0.432198	0.432198	0.432198	0.432198	0.432432	0.432198	0.432432	0.432432	0.432198	0.432198	0.432432	0.432198	0.432198	0.432432	0.466801	0.432432	0.433059	0.432432	0.432737	0.432432	0.434773	0.432432	0.432432	0.432432	0.432432	0.432432	0.432432	0.432432	0.432432	0.432432	0.432432	0.432432	0.432432	0.432432	0.432432	0.432198	0.432198	0.50986	0.432198	0.432198	0.432198	0.432198	0.432198	0.432198	0.432198
0.432432	0.432198	0.432198	0.432198	0.50986	0.432198	0.432198	0.432198	0.432198	0.432198	0.432198	0.432198	0.432198	0.432198	0.432198	0.432198	0.432198	0.432198	0.432198	0.432198	0.432198	0.432198	0.432198	0.432198	0.432198	0.432198	0.432198	0.432198	0.432198	0.432198	0.432198	0.432198	0.432198	0.432432	0.432432	0.432198	0.432198	0.432432	0.432432	0.450783	0.432432	0.432432	0.46921	0.432432	0.43741	0.432432	0.432729	0.432432	0.432432	0.434093	0.436801	0.432432	0.432432	0.432432	0.432432	0.432432	0.432432	0.432432	0.432432	0.432432	0.432432	0.432432	0.432432	0.432432	0.432432	0.432432	0.432198	0.456051	0.432198	0.432198	0.432198	0.432198	0.432198	0.432198
0.432432	0.432198	0.432198	0.450783	0.432432	0.432198	0.432198	0.432198	0.432198	0.432198	0.432198	0.432198	0.432198	0.432198	0.432198	0.432198	0.432198	0.432198	0.432198	0.432198	0.432198	0.432198	0.432198	0.432198	0.432198	0.432198	0.432198	0.432198	0.432198	0.432198	0.432198	0.432198	0.432198	0.432432	0.432198	0.432198	0.432198	0.432432	0.432432	0.450783	0.432432	0.4692	0.432432	0.432432	0.450123	0.434341	0.432432	0.432432	0.433628	0.434783	0.432432	0.432432	0.467448	0.432432	0.432432	0.44868	0.432432	0.432432	0.432432	0.432432	0.432432	0.432432	0.432432	0.432432	0.432432	0.432432	0.432198	0.432647	0.432432	0.432198	0.432198	0.432198	0.432198	0.432198
0.432198	0.432198	0.432432	0.432647	0.432198	0.432198	0.432198	0.432198	0.432198	0.432198	0.432198	0.432198	0.432198	0.432198	0.432198	0.432198	0.432198	0.432198	0.432198	0.432198	0.432198	0.432198	0.432198	0.432198	0.432198	0.432198	0.432198	0.432198	0.432198	0.432198	0.432198	0.432198	0.432198	0.432198	0.432432	0.432198	0.432198	0.432432	0.432503	0.450783	0.450568	0.472655	0.432432	0.45051	0.438027	0.432432	0.432432	0.435213	0.441168	0.432432	0.432432	0.458773	0.432432	0.432432	0.446716	0.432432	0.432432	0.432432	0.432432	0.432432	0.432432	0.432432	0.432432	0.432432	0.432198	0.432198	0.432198	0.432432	0.432198	0.432198	0.432198	0.432198	0.432198	0.432198
0.432198	0.432198	0.432198	0.432198	0.432198	0.432198	0.432198	0.432198	0.432198	0.432198	0.432198	0.432198	0.432198	0.432198	0.432198	0.432198	0.432198	0.432198	0.432198	0.432198	0.432198	0.432198	0.432198	0.432198	0.432198	0.432198	0.432198	0.432198	0.432432	0.432432	0.432198	0.432198	0.432198	0.432198	0.432198	0.432198	0.432198	0.432198	0.432432	0.450776	0.473075	0.432432	0.450568	0.450568	0.432432	0.432432	0.440914	0.450274	0.432432	0.432432	0.432432	0.466855	0.432432	0.457433	0.432432	0.432432	0.432432	0.432432	0.432432	0.432432	0.432432	0.432432	0.432432	0.432432	0.432432	0.432432	0.432432	0.432647	0.432198	0.432198	0.432198	0.432198	0.432198	0.432198
0.432198	0.432198	0.432198	0.50986	0.432198	0.432198	0.432198	0.432198	0.432198	0.432198	0.432198	0.432198	0.432198	0.432198	0.432198	0.432198	0.432198	0.432198	0.432198	0.432198	0.432198	0.432198	0.432198	0.432198	0.432198	0.432198	0.432198	0.432198	0.432432	0.432432	0.432198	0.432198	0.432198	0.432198	0.432198	0.432198	0.432198	0.432198	0.432198	0.473075	0.432432	0.450568	0.450568	0.432432	0.432432	0.450503	0.450445	0.438397	0.450309	0.432432	0.432432	0.469225	0.465992	0.432432	0.432432	0.432432	0.432432	0.432432	0.432432	0.432432	0.432432	0.432432	0.432432	0.432432	0.432432	0.432432	0.432432	0.432198	0.432432	0.432198	0.432198	0.432198	0.432198	0.432198
0.432432	0.432198	0.432198	0.432198	0.432647	0.432647	0.50986	0.456051	0.432432	0.432198	0.432198	0.432198	0.432198	0.432198	0.432198	0.432198	0.432198	0.432198	0.432198	0.432198	0.432198	0.432198	0.432198	0.432198	0.432198	0.432198	0.432198	0.432198	0.432198	0.432198	0.432198	0.432198	0.432198	0.432198	0.432432	0.432432	0.432198	0.432432	0.432432	0.432432	0.432432	0.434083	0.432432	0.432432	0.450568	0.450568	0.450388	0.450568	0.432432	0.432432	0.473873	0.4668	0.448193	0.432432	0.432432	0.432432	0.432432	0.432432	0.432432	0.432432	0.432432	0.432432	0.432432	0.432432	0.432432	0.432432	0.432198	0.432432	0.432432	0.432432	0.432432	0.432198	0.432198	0.432198
0.450578	0.432198	0.432198	0.432198	0.432198	0.432432	0.432198	0.432198	0.432198	0.432432	0.432198	0.432198	0.432198	0.432198	0.432198	0.432198	0.432198	0.432198	0.432198	0.432198	0.432198	0.432198	0.432198	0.432198	0.432198	0.432198	0.432198	0.432198	0.432198	0.432198	0.432198	0.432198	0.432198	0.432198	0.432198	0.432198	0.432198	0.432198	0.432198	0.432198	0.432432	0.432432	0.432432	0.450568	0.450568	0.450568	0.450568	0.432432	0.432432	0.485464	0.467593	0.450568	0.432432	0.432432	0.432432	0.432432	0.432432	0.432432	0.432432	0.432432	0.432432	0.432432	0.432432	0.432432	0.432432	0.432432	0.432432	0.432432	0.432432	0.432432	0.432198	0.50986	0.432198	0.432198
0.432432	0.432198	0.432198	0.432198	0.432198	0.432198	0.432432	0.432198	0.432198	0.432198	0.432198	0.432198	0.432198	0.432198	0.432198	0.432198	0.432198	0.432198	0.432198	0.432198	0.432198	0.432198	0.432198	0.432198	0.432198	0.432198	0.432198	0.432198	0.432198	0.432198	0.432198	0.432198	0.432198	0.432198	0.432198	0.432198	0.432198	0.432198	0.432198	0.432198	0.432432	0.432432	0.45073	0.450764	0.450568	0.450568	0.432432	0.432432	0.489473	0.467593	0.432647	0.432432	0.432432	0.432432	0.432432	0.432432	0.432432	0.432432	0.432432	0.432432	0.432432	0.432432	0.432432	0.432432	0.432432	0.432432	0.432432	0.432432	0.432432	0.432432	0.432198	0.432198	0.432432	0.432198
0.432198	0.432198	0.432198	0.432198	0.432198	0.432432	0.432198	0.432198	0.432432	0.432432	0.432432	0.432243	0.432198	0.432198	0.432198	0.432198	0.432198	0.432198	0.432198	0.432198	0.432198	0.432198	0.432198	0.432198	0.432198	0.432198	0.432198	0.432198	0.432198	0.432198	0.432198	0.432198	0.432198	0.432432	0.432198	0.432198	0.453517	0.432198	0.432198	0.432198	0.432432	0.432625	0.432647	0.450568	0.450783	0.450783	0.473075	0.473075	0.467807	0.432198	0.43232	0.432432	0.432432	0.432432	0.432198	0.432432	0.432432	0.432432	0.432432	0.432432	0.432432	0.432432	0.432432	0.43251	0.432432	0.432432	0.432432	0.432432	0.432432	0.432432	0.432198	0.432198	0.432198	0.432432
0.432198	0.432198	0.432198	0.432198	0.432432	0.432198	0.432198	0.432198	0.491695	0.456051	0.432198	0.432432	0.432432	0.432198	0.432198	0.432198	0.432198	0.432198	0.432198	0.432198	0.432198	0.432198	0.432198	0.432198	0.432198	0.432198	0.432198	0.432198	0.432198	0.432198	0.432198	0.432198	0.432198	0.432198	0.432198	0.432432	0.432198	0.432198	0.432198	0.432198	0.432198	0.432198	0.432432	0.432198	0.432198	0.432432	0.450783	0.450747	0.467807	0.432198	0.432198	0.432432	0.432432	0.432432	0.432432	0.432432	0.432432	0.432432	0.432432	0.432432	0.432432	0.432432	0.432432	0.432432	0.432432	0.432432	0.432432	0.432432	0.432432	0.432432	0.432432	0.432432	0.432198	0.432198
0.432198	0.432198	0.432198	0.432198	0.432432	0.432198	0.432432	0.50986	0.432198	0.432198	0.487205	0.432647	0.432432	0.432432	0.432432	0.432198	0.432198	0.432198	0.432198	0.432198	0.432198	0.432198	0.432198	0.432198	0.432198	0.432198	0.432198	0.432198	0.432198	0.432198	0.432198	0.432198	0.432198	0.432198	0.432432	0.432198	0.432198	0.432198	0.432198	0.432198	0.432198	0.432198	0.43257	0.432198	0.432432	0.432432	0.450783	0.450783	0.450783	0.432198	0.432198	0.432432	0.432432	0.432432	0.432432	0.432432	0.432432	0.432432	0.432432	0.432432	0.432432	0.433962	0.432432	0.432432	0.432432	0.432432	0.432432	0.432432	0.432432	0.432432	0.432432	0.432432	0.432198	0.432198
0.432198	0.432198	0.432198	0.432432	0.432198	0.432198	0.432198	0.432198	0.432198	0.432198	0.432198	0.466242	0.432198	0.432198	0.432198	0.432198	0.432198	0.432198	0.432198	0.432198	0.432198	0.432198	0.432198	0.432198	0.432432	0.432432	0.432432	0.432432	0.432198	0.432198	0.432198	0.432198	0.432198	0.432198	0.432432	0.432198	0.432198	0.432198	0.432198	0.432198	0.432198	0.432198	0.436515	0.432432	0.432432	0.450783	0.432198	0.432198	0.432432	0.450568	0.432432	0.432432	0.432432	0.432432	0.432432	0.432432	0.432432	0.432432	0.432432	0.432432	0.435187	0.432432	0.432432	0.432432	0.432432	0.432432	0.432432	0.432432	0.432432	0.432432	0.432432	0.432432	0.432432	0.432432
0.432198	0.432198	0.432198	0.432432	0.432198	0.432198	0.432198	0.50986	0.432198	0.432198	0.432198	0.432198	0.489473	0.489473	0.462777	0.432432	0.432198	0.432198	0.432198	0.432198	0.432198	0.432198	0.432198	0.432432	0.432198	0.432198	0.432198	0.432198	0.432198	0.432198	0.432198	0.432432	0.432432	0.432198	0.432198	0.432432	0.432198	0.432198	0.432198	0.432198	0.432198	0.432198	0.432198	0.432432	0.432432	0.450783	0.450783	0.450568	0.450568	0.432432	0.432432	0.432432	0.432432	0.432432	0.432432	0.432432	0.432432	0.432432	0.432432	0.435475	0.432432	0.432432	0.432432	0.432432	0.432432	0.432432	0.432432	0.432432	0.432432	0.432432	0.432432	0.432432	0.432432	0.432432
0.432198	0.432198	0.432198	0.432432	0.432198	0.432198	0.432198	0.432198	0.432432	0.432198	0.432198	0.432198	0.432432	0.432432	0.432432	0.432198	0.432198	0.432198	0.432198	0.432198	0.432198	0.432198	0.432432	0.432198	0.432198	0.432198	0.432198	0.432198	0.432198	0.432198	0.432198	0.432432	0.432432	0.432198	0.432432	0.432198	0.432198	0.432198	0.432198	0.432198	0.432198	0.432198	0.432198	0.432198	0.432432	0.450783	0.450783	0.450568	0.432432	0.432432	0.432432	0.432432	0.432432	0.432432	0.432432	0.432432	0.432432	0.432432	0.45016	0.432432	0.432432	0.432432	0.432432	0.432432	0.432432	0.432432	0.432432	0.432432	0.432432	0.432432	0.432432	0.432432	0.432432	0.432432
0.432198	0.432432	0.432432	0.432432	0.432198	0.432198	0.432198	0.432198	0.432432	0.432432	0.456051	0.432198	0.432198	0.432412	0.432432	0.432432	0.432432	0.432198	0.432198	0.432432	0.432432	0.432432	0.432198	0.432198	0.432198	0.432198	0.432198	0.432198	0.432198	0.432198	0.432198	0.432198	0.432198	0.432198	0.432432	0.432198	0.432198	0.432432	0.432432	0.432198	0.432198	0.432198	0.432198	0.432198	0.432432	0.432647	0.433106	0.432432	0.432432	0.432432	0.432432	0.432432	0.432432	0.432432	0.432432	0.432432	0.432432	0.450568	0.432432	0.432432	0.432432	0.432432	0.432432	0.432432	0.432432	0.432432	0.432432	0.432432	0.432432	0.432432	0.432432	0.432432	0.432432	0.432432
0.432432	0.432432	0.432432	0.432432	0.432198	0.432198	0.432198	0.432432	0.432198	0.432421	0.432432	0.50986	0.432198	0.432198	0.432198	0.432198	0.432432	0.473075	0.432432	0.432198	0.432198	0.432198	0.432198	0.432198	0.432198	0.432198	0.432198	0.432198	0.432198	0.432198	0.432198	0.432198	0.432198	0.432198	0.432432	0.432432	0.432198	0.432198	0.432198	0.432198	0.432198	0.432198	0.432198	0.432198	0.432198	0.432198	0.432432	0.432432	0.432432	0.432432	0.432432	0.432432	0.432432	0.432432	0.432432	0.432432	0.450568	0.432432	0.432432	0.432432	0.432432	0.432432	0.432432	0.432432	0.432432	0.432432	0.432432	0.432432	0.432432	0.432432	0.432432	0.432432	0.432432	0.432432
0.432432	0.432432	0.432432	0.432432	0.432198	0.432198	0.432198	0.432198	0.432432	0.432432	0.432432	0.432432	0.432618	0.432198	0.432198	0.432198	0.473075	0.474171	0.432198	0.432198	0.432198	0.432198	0.432198	0.432198	0.432198	0.432198	0.432198	0.432198	0.432198	0.432198	0.432198	0.432198	0.432198	0.432198	0.432432	0.432432	0.432198	0.432198	0.432198	0.432198	0.432198	0.432198	0.432198	0.432198	0.432198	0.432198	0.432432	0.432432	0.432432	0.432432	0.432432	0.432432	0.432432	0.432432	0.432432	0.432432	0.432432	0.450568	0.432432	0.432432	0.432432	0.432432	0.432432	0.432432	0.432432	0.432432	0.432432	0.432432	0.432432	0.432432	0.432432	0.432432	0.432432	0.432432
0.432432	0.432432	0.432432	0.432198	0.432198	0.432198	0.432198	0.432198	0.432198	0.432432	0.432432	0.432432	0.432198	0.432198	0.432198	0.448051	0.472558	0.432198	0.432198	0.432198	0.432198	0.432198	0.432198	0.432198	0.432198	0.432198	0.432198	0.432198	0.432198	0.432198	0.432198	0.432198	0.432198	0.432198	0.432198	0.432198	0.432198	0.432198	0.432198	0.432198	0.432198	0.432198	0.432198	0.432432	0.432432	0.432432	0.432432	0.432432	0.432432	0.432432	0.432432	0.432432	0.432432	0.432432	0.437147	0.432432	0.450568	0.432432	0.432432	0.432432	0.432432	0.432432	0.432432	0.432432	0.432432	0.432432	0.432432	0.432432	0.432432	0.432432	0.432432	0.432432	0.432432	0.44289
0.432432	0.432432	0.432432	0.432432	0.432432	0.432432	0.432198	0.432198	0.432198	0.432198	0.432198	0.432359	0.432432	0.432432	0.473075	0.473075	0.432432	0.432198	0.432198	0.432198	0.432198	0.432198	0.432198	0.432198	0.432198	0.432198	0.432198	0.432198	0.432198	0.432198	0.432198	0.432198	0.432198	0.432198	0.432198	0.432198	0.432198	0.432198	0.432198	0.432198	0.432198	0.432198	0.432198	0.432432	0.432432	0.432432	0.432432	0.432432	0.432432	0.432432	0.432432	0.432432	0.432432	0.450568	0.432432	0.450568	0.432432	0.432432	0.432432	0.432432	0.432432	0.432432	0.432432	0.432432	0.432432	0.432432	0.432432	0.432432	0.432432	0.432432	0.432432	0.432432	0.432432	0.432432
0.432432	0.432432	0.432432	0.432432	0.432432	0.432432	0.432198	0.432198	0.432198	0.432198	0.432198	0.432198	0.432432	0.432198	0.50986	0.456051	0.432198	0.43221	0.432198	0.432198	0.432198	0.432198	0.432198	0.432198	0.432198	0.432198	0.432198	0.432198	0.432198	0.432198	0.432198	0.432198	0.432198	0.432198	0.432198	0.432198	0.432198	0.432198	0.432198	0.432198	0.432198	0.432198	0.432198	0.432432	0.432432	0.432432	0.432432	0.432432	0.432432	0.432432	0.432432	0.432432	0.450568	0.432432	0.432432	0.432432	0.432432	0.432432	0.432432	0.432432	0.432432	0.432432	0.432432	0.432432	0.432432	0.432432	0.432432	0.432432	0.432432	0.432432	0.432432	0.432432	0.450568	0.432432
0.432432	0.432432	0.432432	0.432432	0.432432	0.432432	0.432198	0.432198	0.432198	0.432198	0.432198	0.432198	0.432198	0.432198	0.432198	0.432432	0.432198	0.432432	0.456051	0.432198	0.432198	0.432198	0.432198	0.432198	0.432198	0.432198	0.432198	0.432198	0.432198	0.432198	0.432198	0.432198	0.432198	0.432198	0.432198	0.432198	0.432198	0.432198	0.432198	0.432432	0.432432	0.432432	0.432432	0.432432	0.432432	0.432432	0.432432	0.432432	0.432432	0.432432	0.432432	0.43257	0.432432	0.432432	0.432432	0.432432	0.432432	0.432432	0.432432	0.432432	0.432432	0.432432	0.432432	0.432432	0.432432	0.432432	0.432432	0.432432	0.432432	0.432432	0.432432	0.432432	0.432432	0.432432
0.432198	0.432432	0.432432	0.432432	0.432432	0.432432	0.450568	0.432432	0.432432	0.432198	0.432198	0.432198	0.432198	0.432198	0.432198	0.432198	0.432432	0.432198	0.432647	0.50986	0.432198	0.432198	0.432198	0.432198	0.432198	0.432198	0.432198	0.432198	0.432198	0.432198	0.432198	0.432198	0.432198	0.432198	0.432198	0.432198	0.432198	0.432198	0.432198	0.432198	0.432198	0.432198	0.432432	0.432432	0.432432	0.432432	0.432432	0.432432	0.432198	0.432198	0.432198	0.432432	0.432198	0.432198	0.432432	0.432432	0.432432	0.432432	0.432432	0.432432	0.432432	0.432432	0.432432	0.432432	0.432432	0.432432	0.432432	0.432432	0.432432	0.432432	0.432432	0.432432	0.432432	0.432432
0.432198	0.432432	0.432432	0.432432	0.432432	0.432432	0.439255	0.432432	0.432432	0.432198	0.432198	0.432198	0.432198	0.432198	0.432198	0.432318	0.432198	0.432198	0.432198	0.432432	0.432647	0.432198	0.432198	0.432198	0.432198	0.432198	0.432198	0.432198	0.432198	0.432198	0.432198	0.432198	0.432198	0.432198	0.432198	0.432198	0.432198	0.432198	0.432198	0.432198	0.432198	0.432198	0.432432	0.432432	0.432432	0.432432	0.432432	0.432432	0.432198	0.432198	0.432198	0.432432	0.432198	0.432198	0.432432	0.432432	0.432432	0.432432	0.432432	0.432432	0.432432	0.432432	0.432432	0.432432	0.432432	0.432432	0.432432	0.432432	0.432432	0.432432	0.432432	0.432432	0.432432	0.432432
0.432198	0.432198	0.432198	0.432432	0.432198	0.432432	0.432432	0.432432	0.432432	0.432432	0.432198	0.432198	0.432198	0.432198	0.432198	0.432565	0.432198	0.432198	0.432198	0.432198	0.432432	0.432432	0.432198	0.432198	0.432198	0.432198	0.432198	0.432198	0.432198	0.432198	0.432198	0.432198	0.432198	0.432198	0.432198	0.432198	0.432198	0.432432	0.432432	0.432432	0.432432	0.432432	0.432432	0.432432	0.432432	0.432432	0.432432	0.432432	0.432198	0.432198	0.432198	0.432432	0.432198	0.432198	0.432198	0.432432	0.432432	0.432432	0.432432	0.432432	0.432432	0.432432	0.432432	0.432432	0.432432	0.432432	0.432432	0.432432	0.432432	0.432432	0.432432	0.432432	0.432432	0.432432
0.432198	0.432198	0.432198	0.432198	0.432198	0.432198	0.432432	0.432432	0.432432	0.432432	0.432198	0.432198	0.432198	0.432198	0.432198	0.432198	0.432198	0.432198	0.432198	0.432432	0.432198	0.432198	0.50986	0.432198	0.432198	0.432198	0.432198	0.432198	0.432198	0.432198	0.432198	0.432198	0.432198	0.432198	0.432198	0.432198	0.432288	0.432432	0.432432	0.432432	0.432432	0.432432	0.432432	0.432432	0.432432	0.432198	0.432198	0.432198	0.432198	0.432198	0.432198	0.432432	0.432198	0.432198	0.432432	0.432432	0.432432	0.432432	0.432432	0.432432	0.432432	0.432432	0.432432	0.432432	0.432432	0.432432	0.432432	0.432432	0.432432	0.432432	0.432432	0.432432	0.432432	0.432432
0.432198	0.432198	0.432198	0.432198	0.432198	0.432198	0.432432	0.432432	0.432432	0.432432	0.432198	0.432198	0.432432	0.432647	0.456051	0.432198	0.432198	0.432198	0.432198	0.432198	0.432432	0.432198	0.432198	0.432432	0.432432	0.432432	0.432432	0.432432	0.432432	0.432432	0.432198	0.432198	0.432198	0.432198	0.432198	0.432198	0.432317	0.432432	0.432432	0.432432	0.432432	0.432432	0.432432	0.432432	0.432432	0.432198	0.432198	0.432198	0.432198	0.432198	0.432198	0.432432	0.432198	0.432198	0.432358	0.432432	0.432432	0.432432	0.432432	0.432432	0.432432	0.432432	0.432432	0.432432	0.432432	0.432432	0.432432	0.432432	0.432432	0.432432	0.432432	0.432432	0.432432	0.432432
