Crust moisture [-]
0.411978	0.412398	0.411978	0.411978	0.411978	0.411978	0.411978	0.411588	0.411588	0.411588	0.411588	0.411588	0.411588	0.459009	0.411978	0.411588	0.411588	0.411588	0.411588	0.411588	0.411588	0.411588	0.411588	0.411588	0.411588	0.411588	0.411588	0.411588	0.411916	0.411588	0.411588	0.411588	0.411588	0.411588	0.411588	0.411588	0.411588	0.411588	0.411588	0.411588	0.411588	0.411588	0.411588	0.411588	0.411588	0.411588	0.411588	0.411588	0.411588	0.411588	0.411588	0.411588	0.411588	0.411588	0.411588	0.411588	0.411588	0.411588	0.411588	0.411588	0.411588	0.411588	0.411588	0.411588	0.411588	0.411588	0.411588	0.411588	0.411588	0.411588	0.411588	0.411588	0.411588	0.411588
0.411588	0.411588	0.411588	0.411588	0.411588	0.411588	0.411588	0.411588	0.411588	0.411588	0.411588	0.411588	0.411588	0.459009	0.411588	0.411588	0.411588	0.411588	0.411588	0.411588	0.411588	0.411588	0.411588	0.411588	0.411588	0.411588	0.411588	0.411588	0.411978	0.411588	0.411588	0.411588	0.411588	0.411588	0.411588	0.411588	0.411588	0.411588	0.411588	0.411588	0.411588	0.411588	0.411588	0.411588	0.411588	0.411588	0.411588	0.411588	0.411588	0.411588	0.411588	0.411588	0.411588	0.411588	0.411588	0.411588	0.411588	0.411588	0.411588	0.411588	0.411588	0.411588	0.411588	0.411588	0.411588	0.411588	0.411588	0.411588	0.411588	0.411588	0.411588	0.411588	0.411588	0.411588
0.411588	0.411588	0.411588	0.411588	0.411588	0.411588	0.411978	0.411588	0.411588	0.411588	0.411588	0.411588	0.411588	0.411588	0.459009	0.411588	0.411588	0.411588	0.411588	0.411588	0.411588	0.411588	0.411588	0.411978	0.411588	0.411588	0.411588	0.411588	0.411588	0.411588	0.411588	0.411588	0.411588	0.411588	0.411588	0.411588	0.411588	0.411588	0.411588	0.411588	0.411588	0.411588	0.411588	0.411588	0.411588	0.411588	0.411588	0.411588	0.411588	0.411588	0.411588	0.411588	0.411588	0.411588	0.411588	0.411588	0.411588	0.411588	0.411588	0.411588	0.411588	0.411588	0.411588	0.411588	0.411588	0.411588	0.411588	0.411588	0.411588	0.411588	0.411588	0.411588	0.411588	0.411588
0.411588	0.411588	0.411588	0.411588	0.411588	0.411588	0.411588	0.411588	0.411588	0.411588	0.411588	0.411588	0.411588	0.45894	0.455889	0.412398	0.411588	0.411588	0.411588	0.411588	0.411978	0.411588	0.411588	0.411588	0.411978	0.411588	0.411588	0.411588	0.411588	0.411588	0.411588	0.411588	0.411588	0.411588	0.411588	0.411588	0.411588	0.411588	0.411588	0.411588	0.411588	0.411588	0.411588	0.411588	0.411588	0.411588	0.411588	0.411588	0.411588	0.411588	0.411588	0.411588	0.411588	0.411588	0.411588	0.411588	0.411588	0.411588	0.411588	0.411588	0.411588	0.411588	0.411588	0.411588	0.411588	0.411588	0.411588	0.411588	0.411588	0.411588	0.411588	0.411588	0.411588	0.411588
0.411588	0.411588	0.411588	0.411588	0.411978	0.411588	0.411588	0.411588	0.411588	0.411588	0.411588	0.411588	0.411978	0.411588	0.411978	0.457542	0.412398	0.434777	0.411978	0.411978	0.411588	0.411588	0.411588	0.411588	0.411978	0.411588	0.411588	0.411588	0.411588	0.411588	0.55474	0.411588	0.411588	0.411588	0.411588	0.411588	0.411588	0.411588	0.411588	0.411588	0.411588	0.411588	0.411588	0.411588	0.411588	0.411588	0.411588	0.411588	0.411588	0.411588	0.411588	0.411588	0.411588	0.411588	0.411588	0.411588	0.411588	0.411588	0.411588	0.411588	0.411588	0.411588	0.411588	0.411588	0.411978	0.411978	0.411978	0.411588	0.411588	0.411588	0.411588	0.411588	0.411588	0.411588
0.411978	0.411588	0.411978	0.411588	0.411588	0.411588	0.411588	0.411588	0.411588	0.411588	0.411588	0.411978	0.411588	0.411588	0.411588	0.411588	0.459305	0.411588	0.411588	0.411978	0.411588	0.411588	0.411588	0.411588	0.411588	0.411588	0.411588	0.411588	0.411588	0.411588	0.411588	0.411588	0.411588	1	0.411978	0.411588	0.411588	0.411588	0.411588	0.411588	0.411588	0.411588	0.411588	0.411588	0.411588	0.411588	0.411588	0.459009	0.458099	0.411978	0.411588	0.411588	0.411588	0.411588	0.411588	0.411588	0.411588	0.411588	0.411588	0.411588	0.411588	0.411588	0.459009	0.412398	0.411588	0.411588	0.411588	0.411588	0.411588	0.411588	0.411588	0.411588	0.411588	0.411588
0.411588	0.411978	0.411666	0.411588	0.411588	0.411588	0.411588	0.411588	0.411588	0.411588	0.459009	0.411588	0.411588	0.411588	0.411588	0.411978	0.411588	0.411588	0.411588	0.411588	0.411924	0.411588	0.411588	0.411588	0.411588	0.411588	0.411588	0.411588	0.411588	0.411588	0.411588	0.411588	0.411588	0.411588	0.411588	0.411978	0.411978	0.411588	0.411588	0.411588	0.411978	0.411978	0.411588	0.411588	0.411588	0.459009	0.459009	0.411588	0.411588	0.459009	0.411588	0.411588	0.411588	0.411588	0.411588	0.411978	0.411588	0.411588	0.411588	0.411588	0.459009	0.459009	0.411588	0.411588	0.411588	0.411588	0.411588	0.411588	0.411588	0.411588	0.411588	0.411588	0.411588	0.411588
0.411588	0.412398	0.411978	0.411588	0.411588	0.411588	0.411588	0.411588	0.411588	0.411588	0.412398	0.411588	0.411588	0.411588	0.411588	0.411978	0.411588	0.411588	0.411588	0.411588	0.411588	0.411977	0.411588	0.411588	0.411978	0.411588	0.411588	0.411588	0.411588	0.411588	0.411588	0.411588	0.411588	0.411588	0.411588	0.411588	0.411588	0.411588	0.712834	0.411588	0.411978	0.411978	0.411588	0.459009	0.459009	0.411588	0.411588	0.411588	0.411588	0.411588	0.459009	0.459009	0.460016	0.460016	0.411978	0.411588	0.411978	0.458568	0.411588	0.411588	0.411588	0.411588	0.411588	0.411588	0.411588	0.411588	0.411588	0.411588	0.411588	0.411588	0.411588	0.411588	0.411588	0.411588
0.411978	0.411588	0.411588	0.411588	0.411588	0.411588	0.411588	0.411588	0.411588	0.411588	0.412398	0.411588	0.411588	0.411588	0.411588	0.411978	0.411588	0.411588	0.411588	0.411588	0.411588	0.411978	0.411978	0.411588	0.411588	0.411588	0.411588	0.411588	0.411588	0.411588	0.411588	0.411588	0.411588	0.411588	0.411588	0.411588	0.411588	0.411588	0.411588	0.411588	0.411588	0.411978	1	0.411588	0.411588	0.411588	0.411588	0.411588	0.411588	0.411588	0.411588	0.411588	0.411588	0.411588	0.460016	0.459009	0.411978	0.411588	0.411588	0.411588	0.411588	0.411588	0.411588	0.411588	0.411588	0.411588	0.411588	0.411588	0.411588	0.411588	0.411588	0.411588	0.411588	0.411588
0.411978	0.411588	0.411588	0.411588	0.411588	0.411588	0.411588	0.411588	0.411588	0.411588	0.423209	0.411588	0.411588	0.411588	0.411588	0.411588	0.411978	0.411588	0.411588	0.411588	0.411588	0.411978	0.411588	0.411978	0.411588	0.411588	0.411588	0.411588	0.411588	0.411588	0.411588	0.411662	0.411588	0.411588	0.411588	0.411588	0.411588	0.411588	0.411588	0.411588	0.411588	0.411588	0.411588	0.411588	0.411588	0.411588	0.411588	0.411588	0.411588	0.411588	0.411588	0.411588	0.411588	0.411588	0.411588	0.411588	0.411978	0.411588	0.411588	0.411588	0.411588	0.411588	0.411588	0.411588	0.411588	0.411978	0.411588	0.411588	0.411588	0.411588	0.411588	0.411588	0.411588	0.411588
0.411978	0.411588	0.411588	0.411588	0.411588	0.411588	0.411588	0.411588	0.411978	0.459009	0.411588	0.411588	0.411588	0.411588	0.411588	0.411588	0.411588	0.411588	0.411588	0.411588	0.411978	0.411978	0.411588	0.411588	0.411978	0.411588	0.411588	0.411588	0.411588	0.411588	0.411978	0.411588	0.411588	0.411588	0.411588	0.411588	0.411588	0.411588	0.411588	0.411588	0.411588	0.411588	0.411588	0.411588	0.411588	0.411588	0.411588	0.411588	0.411588	0.411588	0.411588	0.411588	0.411588	0.411588	0.411588	0.411588	0.411588	0.411978	0.411588	0.411588	0.411588	0.411588	0.411978	0.411978	0.411978	0.411588	0.411588	0.411588	0.411588	0.411588	0.411588	0.411588	0.411588	0.411588
0.411588	0.411588	0.411588	0.411588	0.411588	0.411588	0.411588	0.411588	0.411588	0.411588	0.455473	0.411588	0.411588	0.411588	0.411588	0.411588	0.411588	0.411978	0.468239	0.412398	0.411588	0.411588	0.411588	0.411588	0.411588	0.411978	0.411588	0.411588	0.411978	0.411588	0.411978	0.411588	0.411588	0.411588	0.411588	0.411588	0.411588	0.411588	0.411588	0.411588	0.411588	0.411588	0.411588	1	0.411588	0.411588	0.411588	0.411588	0.411588	0.411588	0.411588	0.411588	0.411588	0.411588	0.411588	0.411588	0.411588	0.411588	0.411978	0.411588	0.411978	0.411978	0.411588	0.411588	0.411588	0.411588	0.411588	0.411588	0.411588	0.411588	0.411588	0.411588	0.411588	0.411588
0.411588	0.411588	0.411588	0.411588	0.411588	0.411588	0.411644	0.411675	0.411978	0.411978	0.459009	0.411588	0.411588	0.411588	0.411588	0.411588	0.411588	0.411588	0.411588	0.411978	0.411978	0.411588	0.411588	0.411588	0.411588	0.411588	0.411978	0.411588	0.411588	0.411588	0.411588	0.411588	0.411588	0.411588	0.411588	0.411588	0.411588	0.411588	0.411588	0.411588	0.411588	0.411588	0.411588	0.412398	0.411588	0.411588	0.411588	0.411588	0.411588	0.411588	0.411588	0.411588	0.411588	0.411588	0.411588	0.411588	0.411588	0.411588	0.411588	0.412398	0.411588	0.411978	0.411588	0.411588	0.411588	0.411588	0.411588	0.411588	0.411588	0.411978	0.411588	0.411588	0.411588	0.411588
0.411867	0.411588	0.411588	0.411588	0.411588	0.411588	0.411724	0.411978	0.411978	0.411978	0.411588	0.412008	0.411588	0.411588	0.411588	0.411588	0.411588	0.411588	0.412398	0.411978	0.411588	0.411978	0.411588	0.411588	0.411588	0.411588	0.411978	0.411588	0.411588	0.411588	0.411588	0.411978	0.411588	0.411588	0.411588	0.411588	0.411588	0.411588	0.411588	0.411588	0.411588	0.411588	0.411588	0.411594	0.411588	0.411588	0.411588	0.411588	0.411588	0.411588	0.411588	0.411588	0.411588	0.411588	0.411588	0.411588	0.411588	0.411588	0.411588	0.411588	0.411588	0.411588	0.411978	0.411978	0.411588	0.411588	0.411588	0.411588	0.411588	0.411978	0.411588	0.411588	0.411588	0.411588
0.411978	0.411588	0.411588	0.411758	0.411936	0.411588	0.411588	0.411978	0.411978	0.411978	0.411588	0.411588	0.421035	0.411588	0.411588	0.411978	0.411588	0.411978	0.411588	0.411588	0.411978	0.411588	0.411588	0.411588	0.411588	0.411588	0.411588	0.411978	0.411588	0.411588	0.411588	0.411588	0.411588	0.411588	0.411588	0.411588	0.411588	0.411588	0.411588	0.411588	0.411588	0.411588	0.411588	0.411588	0.411588	0.411588	0.411588	0.411588	0.411588	0.411588	0.411588	0.411588	0.411588	0.411588	0.411588	0.411588	0.411588	0.411588	0.411588	0.411588	0.411588	0.411588	0.411588	0.411588	0.411978	0.411978	0.411978	0.411978	0.411588	0.411588	0.411588	0.411588	0.411588	0.411588
0.411978	0.411588	0.411588	0.411588	0.411588	0.411588	0.411588	0.411588	0.411978	0.411588	0.411588	0.411588	0.411588	0.459009	0.411588	0.411588	0.411588	0.411978	0.411588	0.411588	0.411978	0.411588	0.411588	0.411588	0.411588	0.411588	0.411588	0.411588	0.411978	0.411588	0.411588	0.411588	0.411588	0.411588	0.411978	0.411588	0.411588	0.411588	0.411588	0.411588	0.411588	0.411588	0.411588	0.411588	0.411588	0.411588	0.411588	0.411588	0.411588	0.411588	0.411588	0.411588	0.411588	0.411588	0.411588	0.411588	0.411588	0.411588	0.411588	0.411588	0.411588	0.411588	0.411588	0.411588	0.411588	0.411588	0.411588	0.411978	0.411588	0.411588	0.411588	0.411588	0.411588	0.411588
0.411588	0.411588	0.411588	0.411588	0.411588	0.411588	0.411588	0.411588	0.411978	0.411588	0.411588	0.411588	0.411588	0.459009	0.411588	0.411588	0.411978	0.411588	0.411588	0.411588	0.411588	0.411588	0.411588	0.411588	0.411588	0.411588	0.411588	0.411588	0.411588	0.411978	0.411588	0.411588	0.411588	0.411978	0.411588	0.411588	0.411588	0.411588	0.411588	0.411588	0.411588	0.411588	0.411588	0.411588	0.411588	0.580694	0.411588	0.411588	0.411588	0.411588	0.411588	0.411588	0.411588	0.411588	0.411588	0.411588	0.411588	0.411588	0.411588	0.411588	0.411588	0.411588	0.411588	0.411588	0.411588	0.411588	0.411588	0.411588	0.411978	0.411588	0.411588	0.411588	0.411588	0.411588
0.41196	0.411588	0.411588	0.411588	0.411588	0.411588	0.411588	0.411588	0.411588	0.411978	0.411588	0.411588	0.411588	0.411978	0.459009	0.411588	0.411588	0.411978	0.411588	0.411588	0.411588	0.411588	0.411588	0.411588	0.411588	0.411588	0.411588	0.411588	0.411588	0.411978	0.411588	0.411588	0.411588	0.411978	0.411588	0.411588	0.411588	0.411588	0.411588	0.411588	0.411588	0.411588	0.411588	0.411588	0.411588	0.411588	0.411588	0.411588	0.411588	0.411588	0.411588	0.411588	0.411588	0.411588	0.411588	0.411588	0.411588	0.411588	0.411588	0.411588	0.411588	0.411588	0.411588	0.411588	0.411588	0.411759	0.411978	0.411978	0.411978	0.411588	0.411588	0.411588	0.411588	0.411588
0.411978	0.411588	0.411588	0.411978	0.411588	0.411588	0.411588	0.411588	0.411588	0.411588	0.411588	0.411588	0.411978	0.411588	0.411588	0.411978	0.411588	0.411588	0.411863	0.411588	0.411588	0.411588	0.411588	0.411588	0.411588	0.411588	0.411588	0.411588	0.411978	0.411978	0.411588	0.411588	0.411588	0.411588	0.411588	0.411588	0.411588	0.411588	0.411588	0.411588	0.411588	0.411588	0.411588	0.411588	0.411588	0.411588	0.411978	0.411588	0.411588	0.411588	0.411588	0.411588	0.411588	0.411588	0.411588	0.411588	0.411588	0.411588	0.411588	0.411588	0.411588	0.411588	0.411588	0.411588	0.411588	0.411588	0.411978	0.411588	0.411588	0.411588	0.411588	0.411588	0.411588	0.411588
0.411978	0.411588	0.411588	0.411588	0.411588	0.411588	0.411588	0.411588	0.411588	0.411588	0.411588	0.411588	0.411978	0.411588	0.411588	0.411588	0.411978	0.411588	0.411588	0.411588	0.411588	0.411588	0.411588	0.411588	0.411588	0.411588	0.411588	0.411978	0.411588	0.411978	0.411588	0.411588	0.411588	0.411588	0.411588	0.411588	0.411588	0.411588	0.411588	0.411588	0.411588	0.411588	0.411588	0.411588	0.411588	1	0.411588	0.411588	0.411588	0.411588	0.411588	0.411588	0.411588	0.411588	0.411588	0.411588	0.411588	0.411588	0.411588	0.411588	0.411588	0.411588	0.411588	0.411588	0.411588	0.411588	0.411588	0.411588	0.411588	0.411588	0.411588	0.411588	0.411588	0.411588
0.411978	0.411588	0.411588	0.411588	0.411588	0.411588	0.411978	0.411588	0.411978	0.411588	0.411588	0.411588	0.411588	0.411588	0.411588	0.411588	0.411588	0.411978	0.411588	0.411978	0.411978	0.411588	0.411588	0.411588	0.411588	0.411588	0.411588	0.411978	0.411978	0.411588	0.411588	0.411588	0.411588	0.411588	0.468239	0.411588	0.411588	0.411588	0.411588	0.411588	0.411588	0.411588	0.411588	0.411588	0.411588	0.411588	0.411588	0.411588	0.411588	0.411588	0.411588	0.411588	0.411588	0.411588	0.411588	0.411588	0.411588	0.411588	0.411588	0.411588	0.411588	0.411588	0.411588	0.411588	0.411588	0.411588	0.411588	0.411588	0.411978	0.411978	0.411588	0.411588	0.411588	0.411588
0.411978	0.411588	0.411588	0.411978	0.411978	0.411962	0.411978	0.411588	0.411588	0.411978	0.411588	0.411588	0.411588	0.411588	0.411588	0.411588	0.411978	0.411588	0.411588	0.411588	0.411588	0.411588	0.411588	0.411588	0.411588	0.411588	0.411588	0.411588	0.411978	0.411588	0.411588	0.411588	0.411588	0.411588	0.411978	0.411588	0.411588	0.411588	0.411588	0.411588	0.411588	0.411588	0.411588	0.411588	0.411588	0.411588	0.411588	0.411588	0.411588	0.411588	0.411588	0.411588	0.411588	0.411588	0.411588	0.411588	0.411588	0.411588	0.411588	0.411588	0.411588	0.411588	0.411588	0.411588	0.411588	0.411588	0.411588	0.411588	0.411926	0.411588	0.411588	0.411588	0.411588	0.411588
0.411978	0.411588	0.411588	0.411978	0.411978	0.411978	0.411978	0.411588	0.411588	0.411978	0.411588	0.411588	0.411588	0.411588	0.411588	0.411978	0.411588	0.411588	0.411588	0.411588	0.411588	0.411588	0.411588	0.411588	0.411588	0.411588	0.411588	0.411588	0.411978	0.411588	0.411588	0.411588	0.411588	0.411588	0.411978	0.411588	0.411588	0.411588	0.411588	0.411588	0.411588	0.411588	0.411588	0.411588	0.411588	0.411588	1	0.411588	0.411588	0.411588	0.411588	0.411588	0.411588	0.411588	0.411588	0.411588	0.411588	0.411588	0.411588	0.411588	0.411588	0.411588	0.411588	0.411588	0.411588	0.411588	0.411588	0.411588	0.411588	0.411588	0.411588	0.411588	0.411588	0.411588
0.411588	0.411588	0.411588	0.411978	0.411978	0.411978	0.411978	0.411978	0.411978	0.411588	0.411588	0.411588	0.411588	0.411588	0.411588	0.411588	0.411588	0.411588	0.411588	0.411588	0.411588	0.411588	0.411588	0.411588	0.411588	0.411588	0.411588	0.411588	0.411886	0.411588	0.411588	0.411588	0.411588	0.411588	0.411588	0.411588	0.411588	0.411588	0.411588	0.411588	0.411588	0.411588	0.411588	0.411588	0.411588	0.411588	0.412398	0.411588	0.411588	0.411588	0.411588	0.411588	0.411588	0.411588	0.411588	0.411588	0.411588	0.411588	0.411588	0.411588	0.411588	0.411588	0.411588	0.411588	0.411588	0.411588	0.411588	0.411588	0.411588	0.411588	0.411588	0.411588	0.411588	0.411588
0.411978	0.411588	0.411588	0.411588	0.411978	0.411978	0.411588	0.411588	0.411588	0.411588	0.411588	0.411588	0.411588	0.411588	0.411588	0.411588	0.411588	0.411588	0.411588	0.411588	0.411588	0.411588	0.411588	0.411588	0.411588	0.411588	0.411588	0.411978	0.411588	0.411588	0.411588	0.411588	0.411588	0.411588	0.411588	0.489074	0.411588	0.411588	0.411588	0.411588	0.411588	0.411588	0.411588	0.411588	0.411588	0.411588	0.411978	0.411588	0.411588	0.411588	0.411588	0.411588	0.411588	0.411588	0.411588	0.411588	0.411588	0.411588	0.411588	0.411978	0.411588	0.411588	0.411588	0.411588	0.411588	0.411588	0.411588	0.411588	0.411588	0.411588	0.411588	0.411588	0.411588	0.411588
0.411978	0.411588	0.411588	0.411588	0.411588	0.411978	0.411588	0.411588	0.411588	0.411588	0.411588	0.411588	0.411588	0.411588	0.411588	0.411588	0.411588	0.411588	0.411588	0.411588	0.411588	0.411588	0.411588	0.411588	0.411588	0.411588	0.411588	0.411588	0.411588	0.411588	0.411588	0.411588	0.411588	0.411588	0.411588	0.411588	0.411588	0.411588	0.411588	0.411588	0.411588	0.411588	0.411588	0.411588	0.411588	0.411588	0.411588	0.411978	0.411588	0.411588	0.411588	0.411588	0.411588	0.411588	0.411588	0.411588	0.411588	0.411588	0.411588	0.411978	0.411588	0.411588	0.411588	0.411588	0.411588	0.411588	0.411588	0.411588	0.411588	0.411588	0.411588	0.411588	0.411588	0.411588
0.411978	0.411588	0.411588	0.411588	0.411588	0.411588	0.411588	0.411588	0.411588	0.411588	0.411588	0.411588	0.411588	0.411588	0.411588	0.411588	0.411588	0.411588	0.411588	0.411588	0.411588	0.411588	0.411588	0.411588	0.411588	0.411978	0.411588	0.411588	0.411588	0.411588	0.411588	0.411588	0.411588	0.412764	0.411588	0.411588	0.411588	0.411588	0.411588	0.411588	0.411588	0.411588	0.411588	0.411588	0.411588	0.411588	0.411588	0.411588	0.411978	0.411588	0.411588	0.411588	0.411588	0.411588	0.411588	0.411588	0.411588	0.411588	0.411588	0.411931	0.411588	0.411588	0.411588	0.411588	0.411588	0.411588	0.411588	0.411588	0.411588	0.411588	0.411588	0.411588	0.411588	0.411588
0.411588	0.411588	0.411588	0.411588	0.411588	0.411588	0.411588	0.411588	0.411588	0.411588	0.411588	0.411588	0.411588	0.411588	0.411588	0.411588	0.411588	0.411588	0.411588	0.411588	0.411588	0.411978	0.411588	0.411588	0.411588	0.411978	0.411588	0.411588	0.411588	0.411588	0.411588	0.411588	0.411588	0.411588	0.411588	0.411588	0.411588	0.411588	0.411588	0.411588	0.411588	0.411588	0.411588	0.411588	0.411588	0.411588	0.411588	0.411588	0.411588	0.411588	0.411588	0.411588	0.411588	0.411588	0.411588	0.411588	0.411588	0.411588	0.411588	0.411588	0.411588	0.411588	0.411588	0.411588	0.411588	0.411588	0.411588	0.411588	0.411588	0.411588	0.411972	0.411588	0.411588	0.411588
0.411588	0.411588	0.411588	0.411588	0.411588	0.411588	0.411588	0.411588	0.411588	0.411588	0.411588	0.411588	0.411588	0.411588	0.411588	0.411588	0.411588	0.411588	0.411588	0.411588	0.411588	0.411978	0.411588	0.411588	0.411588	0.411588	0.411588	0.411588	0.411588	0.411588	0.411588	0.411588	0.411588	0.411588	0.411588	0.411588	0.411588	0.411588	0.411588	0.411588	0.411588	0.411588	0.411588	0.411588	0.411588	0.411588	0.411588	0.411588	0.411588	0.411588	0.411588	0.411588	0.411588	0.411588	0.411588	0.411588	0.411588	0.411588	0.411588	0.411588	0.411588	0.411588	0.411588	0.411588	0.411588	0.411588	0.411588	0.411588	0.411588	0.411588	0.411588	0.411689	0.411588	0.411588
0.411588	0.411588	0.411588	0.411588	0.411588	0.411588	0.411588	0.411588	0.411588	0.411588	0.411588	0.411588	0.411588	0.411588	0.411588	0.411588	0.411588	0.411588	0.411588	0.411588	0.411588	0.411588	0.411588	0.411588	0.411588	0.411588	0.411588	0.411588	0.411588	0.411588	0.411588	0.411791	0.411588	0.411588	0.411588	0.411588	0.411588	0.411588	0.411588	0.411588	0.411588	0.411588	0.411588	0.411588	0.411588	0.411588	0.411588	0.411588	0.411588	1	0.411588	0.411588	0.411588	0.411588	0.411588	0.411588	0.411588	0.411588	0.411588	0.411588	0.411588	0.411588	0.411588	0.411588	0.411588	0.411588	0.411588	0.411588	0.411588	0.411588	0.411588	0.411588	0.411588	0.411588
0.411588	0.411588	0.411588	0.411588	0.411588	0.411588	0.411588	0.411588	0.411588	0.411588	0.411588	0.411588	0.411588	0.411588	0.411588	0.411588	0.411588	0.411588	0.411588	0.411588	0.411588	0.411588	0.411588	0.411588	0.411978	0.411588	0.411851	0.411588	0.411588	0.411588	0.412247	0.411588	0.411588	0.411588	0.411588	0.411588	0.411588	0.411588	0.411588	0.411588	0.411588	0.411588	0.411588	0.411588	0.411588	0.411588	0.411588	0.411588	0.411588	0.411588	0.412398	0.411588	0.411588	0.411588	0.411588	0.411588	0.411588	0.411588	0.411588	0.411588	0.411588	0.411588	0.411588	0.411588	0.411588	0.411588	0.411588	0.411588	0.411588	0.411588	0.411588	0.411588	0.411588	0.411588
0.411588	0.411588	0.411588	0.411588	0.411588	0.411588	0.411588	0.411588	0.411588	0.411588	0.411588	0.411588	0.411588	0.411588	0.411588	0.411588	0.411588	0.411588	0.411588	0.411588	0.411588	0.411588	0.411588	0.411978	0.411955	0.411978	0.411588	0.411588	0.411588	0.412002	0.411588	0.411588	0.411588	0.411588	0.411588	0.411588	0.411588	0.411588	0.411588	0.411588	0.411588	0.411588	0.411588	0.411588	0.411588	0.412798	0.411588	0.411588	0.411588	0.411588	0.412398	0.411588	0.411588	0.411588	0.411588	0.411588	0.411588	0.411951	0.411588	0.411588	0.411588	0.411588	0.411588	0.411588	0.411588	0.411588	0.411588	0.411588	0.411588	0.411588	0.411588	0.411588	0.411588	0.411588
0.411588	0.411588	0.411588	0.411588	0.411588	0.411588	0.411588	0.411588	0.411588	0.411588	0.411588	0.411588	0.411588	0.411588	0.411588	0.411588	0.411588	0.411588	0.411588	0.411588	0.411588	0.411588	0.411588	0.411588	0.411588	0.411692	0.411588	0.411588	0.41295	0.411588	0.411588	0.411588	0.411588	0.411588	0.411588	0.411588	0.411588	0.411588	0.411588	0.411588	0.411588	0.411588	0.411588	0.411588	0.411588	0.414011	0.411588	0.411588	0.411588	0.411588	0.411588	0.411978	0.411588	0.411588	0.411588	0.411588	0.411588	0.411978	0.411588	0.411588	0.411588	0.411588	0.411588	0.411588	0.411588	0.411588	0.411588	0.411588	0.411588	0.411588	0.411588	0.411588	0.411588	0.411588
0.411588	0.411588	0.411588	0.411978	0.411588	0.411588	0.411588	0.411588	0.411588	0.411588	0.411588	0.411588	0.411588	0.411588	0.411588	0.411588	0.411588	0.411588	0.411588	0.411588	0.411588	0.411588	0.411588	0.411588	0.411588	0.411588	0.411588	0.413127	0.411588	0.411588	0.411588	0.411588	0.411588	0.411588	0.411588	0.411588	0.411588	0.411588	0.411588	0.411588	0.411588	0.411588	0.411588	0.411588	0.411588	0.411588	0.411588	0.411588	0.411588	0.411588	0.411588	0.411588	0.411978	0.411588	0.411588	0.411978	0.411978	0.411588	0.411588	0.411588	0.411588	0.411588	0.411588	0.411588	0.411588	0.411588	0.411588	0.411588	0.411588	0.411588	0.411588	0.411588	0.411588	0.411588
0.411588	0.411588	0.411978	0.411588	0.411588	0.411588	0.411588	0.411588	0.411588	0.411588	0.411588	0.411588	0.411588	0.411588	0.411588	0.411588	0.411588	0.411588	0.411588	0.411588	0.411588	0.411978	0.411588	0.411588	0.411588	0.459009	0.420715	0.411588	0.411588	0.411588	0.411588	0.411588	0.411588	0.411588	0.411588	0.411588	0.411588	0.411588	0.411588	0.411588	0.411588	0.411588	0.411588	0.411657	0.411588	0.411588	0.411588	0.411588	0.411588	0.411588	0.411588	0.411588	0.411588	0.411978	0.411978	0.411978	0.411588	0.411588	0.411588	0.411588	0.411588	0.411588	0.411588	0.411588	0.411588	0.411588	0.411588	0.411588	0.411588	0.411588	0.411588	0.411588	0.411588	0.411588
0.411588	0.411978	0.411588	0.411588	0.411588	0.411588	0.411588	0.411588	0.411588	0.411588	0.411588	0.411588	0.411588	0.411588	0.411588	0.411588	0.411588	0.411588	0.411588	0.411978	0.411588	0.411588	0.412398	0.412398	0.411978	0.411978	0.411588	0.411588	0.411588	0.411588	0.411588	0.411588	0.411588	0.411588	0.411588	0.411588	0.411588	0.411588	0.411588	0.411588	0.411588	0.411588	0.411588	0.411588	0.411588	0.411588	0.411588	0.411588	0.411588	0.411588	0.411588	0.411588	0.411588	0.411588	1	0.411588	0.411588	0.411588	0.411588	0.411588	0.411588	0.411588	0.411588	0.411588	0.411588	0.411588	0.411588	0.411588	0.411588	0.411588	0.411588	0.411588	0.411588	0.411588
0.411978	0.411588	0.411588	0.411588	0.411588	0.411588	0.411588	0.411588	0.411588	0.411588	0.411588	0.411588	0.411588	0.411588	0.411588	0.411588	0.411588	0.411588	0.411588	0.411588	0.411718	0.411588	0.411588	0.411588	0.411978	0.411978	0.411978	0.411588	0.411588	0.411588	0.411588	0.411588	0.411588	0.411588	0.411588	0.411588	0.411588	0.411588	0.411588	0.411588	0.411588	0.411588	0.411588	0.41285	0.411588	0.411588	0.411588	0.411588	0.411588	0.411588	0.411588	0.411588	0.411588	0.411588	0.411588	0.411978	0.411588	0.411588	0.411588	0.411588	0.411588	0.411588	0.411588	0.411588	0.411588	0.411588	0.411588	0.411588	0.411588	0.411588	0.411588	0.411588	0.411588	0.411588
0.411588	0.411588	0.411588	0.411588	0.411588	0.411588	0.411588	0.411588	0.411588	0.411588	0.411588	0.411588	0.411588	0.411588	0.411588	0.411588	0.411588	0.411588	0.411588	0.411723	0.411588	0.411929	0.411588	0.411588	0.411978	0.411978	0.411978	0.411978	0.411676	0.411588	0.411588	0.411588	0.411588	0.411588	0.411588	0.411588	0.411588	0.411588	0.411588	0.411588	0.411588	0.411588	0.411588	0.411588	0.420973	0.411588	0.411588	0.411588	0.411588	0.411588	0.411588	0.411588	0.411588	0.411588	0.411588	0.411588	0.411942	0.411588	0.411588	0.411588	0.411588	0.411588	0.411588	0.411588	0.411588	0.411588	0.411738	0.411588	0.411588	0.411588	0.411588	0.411588	0.411588	0.411588
0.411588	0.411588	0.411588	0.411588	0.411588	0.411588	0.411588	0.411588	0.411588	0.411588	0.411588	0.411588	0.411588	0.411588	0.411588	0.411588	0.411588	0.411588	0.411588	0.411588	0.411588	0.411978	0.411978	0.411978	0.411978	0.411978	0.411978	0.411978	0.411588	0.411588	0.411967	0.411588	0.411588	0.411588	0.411588	0.411588	0.411588	0.411588	0.411588	0.411978	0.411588	0.411588	0.411588	0.411588	0.411588	0.429323	0.411588	0.411588	0.411588	0.411588	0.411588	0.411588	0.411588	0.411588	0.411588	0.411588	0.411588	0.411588	0.411588	0.411588	0.411588	0.411588	0.411588	0.411588	0.411588	0.411588	0.411588	0.411588	0.411588	0.411588	0.411588	0.411588	0.411588	0.411588
0.411588	0.411588	0.411588	0.411588	0.411588	0.411588	0.411588	0.411588	0.411588	0.411588	0.411588	0.411588	0.411588	0.411588	0.411588	0.411588	0.411588	0.411588	0.411588	0.411588	0.411588	0.411588	0.411588	0.411588	0.411588	0.411978	0.411978	0.411978	0.411978	0.411978	0.411978	0.411978	0.411978	0.411588	0.411588	0.411588	0.411588	0.411588	0.411588	0.411588	0.411588	0.411588	0.411588	0.411588	0.454604	0.411588	0.411588	0.411588	0.411588	0.411588	0.411588	0.411588	0.411588	0.411588	0.411588	0.411588	0.411588	1	0.411588	0.411588	0.411588	0.411588	0.411588	0.411588	0.411588	0.411588	0.411588	0.411588	0.411588	0.411588	0.411588	0.411588	0.411588	0.411588
0.411588	0.411588	0.411588	0.411588	0.411588	0.411588	0.411588	0.411588	0.411588	0.411588	0.411588	0.411588	0.411588	0.411588	0.411588	0.411588	0.411588	0.411588	0.411588	0.411588	0.411588	0.411588	0.411588	0.411588	0.411588	0.411978	0.411978	0.411978	0.411978	0.411978	0.411978	0.411978	0.411978	0.411588	0.411588	0.411978	0.411588	0.411588	0.411588	0.411588	0.411588	0.411588	0.411588	0.455997	0.411588	0.411588	0.411588	0.411588	0.411588	0.411588	0.411588	0.411588	0.411588	0.411588	0.411588	0.411588	0.411588	0.411588	0.411978	0.411588	0.411588	0.411588	0.411588	0.411588	0.411588	0.411978	0.411588	0.411588	0.411588	0.411588	0.411588	0.411588	0.411588	0.411588
0.411588	0.411588	0.411588	0.411588	0.411588	0.411588	0.411588	0.411588	0.411588	0.411588	0.411588	0.411588	0.411588	0.411588	0.411588	0.411588	0.411588	0.411588	0.411588	0.411588	0.411588	0.411588	0.411588	0.411588	0.411588	0.411978	0.411978	0.411588	0.411978	0.411978	0.411978	0.411978	0.411978	0.411588	0.411978	0.411588	0.411978	0.459009	0.457367	0.425332	0.459009	0.459009	0.458171	0.411588	0.411588	0.411588	0.411588	0.411588	0.411588	0.411588	0.411588	0.411588	0.411588	0.411588	0.411588	0.411588	0.411588	0.411588	0.411588	0.411588	0.411978	0.411588	0.411588	0.411588	0.411978	0.411588	0.411978	0.411978	0.411978	0.411588	0.411588	0.411588	0.411588	0.411588
0.411588	0.411588	0.411588	0.411588	0.411588	0.411588	0.411588	0.411588	0.411588	0.411588	0.411588	0.411588	0.411588	0.411588	0.411588	0.411588	0.411588	0.411588	0.411588	0.411588	0.411588	0.411588	0.411588	0.411588	0.411588	0.411588	0.411588	0.411588	0.411588	0.411588	0.411978	0.411978	0.411978	0.411978	0.411978	0.411978	0.411978	0.411978	0.411978	0.412398	0.411978	0.411978	0.411588	0.411588	0.411588	0.411588	0.411588	0.411588	0.411588	0.411588	0.411588	0.411588	0.411588	0.411588	0.411588	0.411588	0.411588	0.411588	0.411588	0.411588	0.411588	0.411978	0.411588	0.411978	0.411588	0.411588	0.411588	0.411588	0.411588	0.411588	0.411588	0.411588	0.411588	0.411588
0.411588	0.411588	0.411588	0.411588	0.411588	0.411588	0.411588	0.411588	0.411588	0.411588	0.411588	0.411588	0.411588	0.411588	0.411588	0.411588	0.411588	0.411588	0.411588	0.411588	0.411588	0.411588	0.411588	0.411588	0.411588	0.411588	0.411588	0.411588	0.411588	0.411588	0.411978	0.411978	0.411978	0.411978	0.411588	0.411978	0.411978	0.411978	0.459009	0.411588	0.411978	0.411588	0.411588	0.411588	0.411588	0.411588	0.411588	0.411588	0.411588	0.411588	0.411588	0.411588	0.411588	0.411588	0.411588	0.411588	0.411588	0.411588	0.411588	0.411588	0.411588	0.411588	1	0.411588	0.411588	0.411588	0.411588	0.411588	0.411588	0.411588	0.411588	0.411588	0.411588	0.411588
0.411978	0.411588	0.411588	0.411588	0.411588	0.411588	0.411978	0.411978	0.411978	0.411588	0.411588	0.411588	0.411588	0.411588	0.411588	0.411588	0.411588	0.411588	0.411588	0.411588	0.411588	0.411588	0.411588	0.411588	0.411588	0.411588	0.411588	0.411588	0.411588	0.411588	0.411978	0.411588	0.411588	0.411588	0.411588	0.411588	0.411588	0.411978	0.411588	0.411588	0.411588	0.411588	0.411588	0.411588	0.411588	0.411588	0.411588	0.411588	0.411588	0.411588	0.411588	0.411588	0.411588	0.411588	0.411588	0.411588	0.411588	0.411588	0.411588	0.411588	0.411588	0.411588	0.411978	0.411588	0.411588	0.411588	0.411588	0.411588	0.411588	0.411588	0.411588	0.411588	0.411588	0.411588
0.411978	0.411588	0.411588	0.411588	0.411588	0.411978	0.411588	0.411588	0.411588	0.411588	0.411588	0.411588	0.411588	0.411588	0.411588	0.411588	0.411588	0.411588	0.411588	0.411588	0.411588	0.411588	0.411588	0.411588	0.411588	0.411588	0.411588	0.411588	0.411588	0.411588	0.411588	0.411588	0.411588	0.411588	0.411588	0.411588	0.411978	0.411588	0.411588	0.411978	0.411588	0.411588	0.411588	0.411588	0.411588	0.411588	0.411588	0.411588	0.411588	0.411588	0.411588	0.411588	0.411588	0.411588	0.411588	0.411588	0.411588	0.411588	0.411588	0.411588	0.411588	0.411588	0.411588	0.411978	0.411588	0.411588	0.411588	0.411588	0.411588	0.411588	0.411588	0.411588	0.411588	0.411588
0.412398	0.411588	0.411588	0.411588	0.411978	0.411588	0.411588	0.411588	0.411588	0.411588	0.411588	0.411588	0.411588	0.411588	0.411588	0.411588	0.411588	0.411588	0.411588	0.411588	0.411588	0.411588	0.411588	0.411588	0.411588	0.411588	0.411588	0.411588	0.411588	0.411588	0.411588	0.411588	0.411588	0.411588	0.411588	0.411588	0.411978	0.411588	0.411588	0.411978	0.411588	0.411588	0.411588	0.411588	0.411588	0.411588	0.411588	0.411588	0.411588	0.411588	0.411588	0.411588	0.411588	0.411588	0.411588	0.411588	0.411588	0.411588	0.411588	0.411588	0.411588	0.411588	0.411588	0.411588	0.411588	0.411588	0.411588	0.411588	0.411588	0.411588	0.411588	0.411588	0.411588	0.411588
0.411588	0.412398	0.412398	0.412398	0.411588	0.411588	0.411588	0.411588	0.411588	0.411588	0.411588	0.411588	0.411588	0.411588	0.411588	0.411588	0.411588	0.411588	0.411588	0.411588	0.411588	0.411588	0.411588	0.411588	0.411588	0.411588	0.411588	0.411588	0.411588	0.411588	0.411588	0.411588	0.411588	0.411588	0.411588	0.411978	0.411588	0.411588	0.411588	0.411588	0.411588	0.411588	0.411588	0.411588	0.411588	0.411588	0.411588	0.411588	0.411588	0.411588	0.411588	0.411588	0.411588	0.411588	0.411588	0.411588	0.411588	0.411588	0.411588	0.411588	0.411588	0.411588	0.411588	0.411588	0.411588	0.411588	1	0.411588	0.411588	0.411588	0.411588	0.411588	0.411588	0.411588
0.411588	0.411588	0.411588	0.411588	1	0.411588	0.411588	0.411588	0.411588	0.411588	0.411588	0.411588	0.411588	0.411588	0.411588	0.411588	0.411588	0.411588	0.411588	0.411588	0.411588	0.411588	0.411588	0.411588	0.411588	0.411588	0.411588	0.411588	0.411588	0.411588	0.411588	0.411588	0.411588	0.411588	0.411976	0.411588	0.411588	0.411588	0.411978	0.411978	0.411588	0.411588	0.411588	0.411588	0.411588	0.411588	0.411588	0.411588	0.411588	0.411588	0.411588	0.411588	0.411588	0.411588	0.411588	0.411588	0.411588	0.411588	0.411588	0.411588	0.411588	0.411588	0.411588	0.411588	0.411588	0.411588	0.411588	0.411978	0.411588	0.411588	0.411588	0.411588	0.411588	0.411588
0.411588	0.411588	0.411588	0.411978	0.411978	0.411588	0.411588	0.411588	0.411588	0.411588	0.411588	0.411588	0.411588	0.411588	0.411588	0.411588	0.411588	0.411588	0.411588	0.411588	0.411588	0.411588	0.411588	0.411588	0.411588	0.411588	0.411588	0.411588	0.411588	0.411588	0.411588	0.411588	0.411588	0.411978	0.411588	0.411588	0.411588	0.411978	0.411978	0.411978	0.411588	0.411588	0.411588	0.411588	0.411588	0.411588	0.411588	0.411588	0.411588	0.411588	0.411588	0.411588	0.411588	0.411588	0.411588	0.411588	0.411588	0.411588	0.411588	0.411588	0.411588	0.411588	0.411588	0.411588	0.411588	0.411588	0.411588	0.411978	0.411588	0.411588	0.411588	0.411588	0.411588	0.411588
0.411588	0.411588	0.411588	0.411978	0.411588	0.411588	0.411588	0.411588	0.411588	0.411588	0.411588	0.411588	0.411588	0.411588	0.411588	0.411588	0.411588	0.411588	0.411588	0.411588	0.411588	0.411588	0.411588	0.411588	0.411588	0.411588	0.411588	0.411588	0.411588	0.411588	0.411588	0.411588	0.411588	0.411588	0.411588	0.411588	0.411588	0.411978	0.411978	0.411978	0.411978	0.41195	0.411588	0.411588	0.411588	0.411588	0.411588	0.411588	0.411588	0.411588	0.411588	0.411588	0.411588	0.411588	0.411588	0.411588	0.411588	0.411588	0.411588	0.411588	0.411588	0.411588	0.411588	0.411588	0.411588	0.411588	0.411588	0.411978	0.411588	0.411588	0.411588	0.411588	0.411588	0.411588
0.411588	0.411588	0.411588	0.411588	0.411588	0.411588	0.411588	0.411588	0.411588	0.411588	0.411588	0.411588	0.411588	0.411588	0.411588	0.411588	0.411588	0.411588	0.411588	0.411588	0.411588	0.411588	0.411588	0.411588	0.411588	0.411588	0.411588	0.411588	0.411978	0.411588	0.411588	0.411588	0.411588	0.411588	0.411588	0.411588	0.411588	0.411588	0.411588	0.411978	0.412398	0.411588	0.411881	0.411588	0.411588	0.411588	0.411588	0.411588	0.411588	0.411588	0.411588	0.411588	0.411588	0.411588	0.411588	0.411588	0.411588	0.411588	0.411588	0.411588	0.411588	0.411588	0.411588	0.411588	0.411588	0.411588	0.411588	0.411978	0.411588	0.411588	0.411588	0.411588	0.411588	0.411588
0.411588	0.411588	0.411588	0.50596	0.411588	0.411588	0.411588	0.411588	0.411588	0.411588	0.411588	0.411588	0.411588	0.411588	0.411588	0.411588	0.411588	0.411588	0.411588	0.411588	0.411588	0.411588	0.411588	0.411588	0.411588	0.411588	0.411588	0.411588	0.411588	0.411588	0.411588	0.411588	0.411588	0.411588	0.411588	0.411588	0.411588	0.411588	0.411588	0.412398	0.411588	0.411978	0.41193	0.411588	0.411588	0.411588	0.411588	0.411588	0.411588	0.411588	0.411588	0.411588	0.411588	0.411588	0.411588	0.411588	0.411588	0.411588	0.411588	0.411588	0.411588	0.411588	0.411588	0.411588	0.411588	0.411588	0.411588	0.411588	0.411978	0.411588	0.411588	0.411588	0.411588	0.411588
0.411588	0.411588	0.411588	0.411588	0.411978	0.411978	1	0.411978	0.411978	0.411588	0.411588	0.411588	0.411588	0.411588	0.411588	0.411588	0.411588	0.411588	0.411588	0.411588	0.411588	0.411588	0.411588	0.411588	0.411588	0.411588	0.411588	0.411588	0.411588	0.411588	0.411588	0.411588	0.411588	0.411588	0.411978	0.411978	0.411588	0.411978	0.411978	0.411588	0.411978	0.411978	0.411795	0.411588	0.411588	0.411588	0.411588	0.411588	0.411588	0.411588	0.411588	0.411588	0.411588	0.411588	0.411588	0.411588	0.411588	0.411588	0.411588	0.411588	0.411588	0.411588	0.411588	0.411588	0.411588	0.411588	0.411588	0.411588	0.411588	0.411588	0.411588	0.411588	0.411588	0.411588
0.411978	0.411588	0.411588	0.411588	0.411588	0.411978	0.411588	0.411588	0.411588	0.411588	0.411588	0.411588	0.411588	0.411588	0.411588	0.411588	0.411588	0.411588	0.411588	0.411588	0.411588	0.411588	0.411588	0.411588	0.411588	0.411588	0.411588	0.411588	0.411588	0.411588	0.411588	0.411588	0.411588	0.411588	0.411588	0.411588	0.411588	0.411588	0.411588	0.411588	0.411978	0.411978	0.411758	0.411948	0.411931	0.411588	0.411588	0.411588	0.411588	0.411595	0.411588	0.411978	0.411588	0.411588	0.411588	0.411588	0.411588	0.411588	0.411588	0.411588	0.411588	0.411588	0.411588	0.411588	0.411588	0.411588	0.411588	0.411588	0.411588	0.411588	0.411588	1	0.411588	0.411588
0.411978	0.411588	0.411588	0.411588	0.411588	0.411588	0.411978	0.411588	0.411588	0.411588	0.411588	0.411588	0.411588	0.411588	0.411588	0.411588	0.411588	0.411588	0.411588	0.411588	0.411588	0.411588	0.411588	0.411588	0.411588	0.411588	0.411588	0.411588	0.411588	0.411588	0.411588	0.411588	0.411588	0.411588	0.411588	0.411588	0.411588	0.411588	0.411588	0.411588	0.411978	0.411978	0.411978	0.411978	0.411854	0.411978	0.411588	0.411588	0.412398	0.411588	0.411978	0.411588	0.411588	0.411588	0.411588	0.411588	0.411588	0.411588	0.411588	0.411588	0.411588	0.411588	0.411588	0.411588	0.411588	0.411588	0.411588	0.411588	0.411588	0.411588	0.411588	0.411588	0.411978	0.411588
0.411588	0.411588	0.411588	0.411588	0.411588	0.411978	0.411588	0.411588	0.411588	0.411978	0.411588	0.411588	0.411588	0.411588	0.411588	0.411588	0.411588	0.411588	0.411588	0.411588	0.411588	0.411588	0.411588	0.411588	0.411588	0.411588	0.411588	0.411588	0.411588	0.411588	0.411588	0.411588	0.411588	0.411588	0.411588	0.411588	0.411978	0.411588	0.411588	0.411588	0.411978	0.411978	0.411978	0.411978	0.411978	0.411978	0.412398	0.412398	0.411978	0.411588	0.411588	0.411588	0.411588	0.411588	0.411588	0.411588	0.411588	0.411588	0.411588	0.411588	0.411588	0.411588	0.411588	0.411588	0.411588	0.411588	0.411588	0.411588	0.411588	0.411588	0.411588	0.411588	0.411588	0.411588
0.411588	0.411588	0.411588	0.411588	0.411978	0.411588	0.411588	0.411588	0.459009	0.411978	0.411588	0.411588	0.411588	0.411588	0.411588	0.411588	0.411588	0.411588	0.411588	0.411588	0.411588	0.411588	0.411588	0.411588	0.411588	0.411588	0.411588	0.411588	0.411588	0.411588	0.411588	0.411588	0.411588	0.411588	0.411588	0.411588	0.411588	0.411588	0.411588	0.411588	0.411588	0.411588	0.411978	0.411588	0.411588	0.411588	0.411978	0.411978	0.411978	0.411588	0.411588	0.411588	0.411588	0.411588	0.411588	0.411588	0.411588	0.411588	0.411588	0.411588	0.411588	0.411588	0.411588	0.411588	0.411588	0.411588	0.411588	0.411588	0.411588	0.411588	0.411588	0.411588	0.411588	0.411588
0.411588	0.411588	0.411588	0.411588	0.411588	0.411588	0.411588	1	0.411588	0.411588	0.411978	0.411978	0.411978	0.411978	0.411588	0.411588	0.411588	0.411588	0.411588	0.411588	0.411588	0.411588	0.411588	0.411588	0.411588	0.411588	0.411588	0.411588	0.411588	0.411588	0.411588	0.411588	0.411588	0.411588	0.411588	0.411588	0.411588	0.411588	0.411588	0.411588	0.411588	0.411588	0.411978	0.411588	0.411588	0.411588	0.411978	0.411978	0.411978	0.411588	0.411588	0.411588	0.411588	0.411588	0.411588	0.411588	0.411588	0.411588	0.411588	0.411588	0.411588	0.411588	0.411588	0.411588	0.411588	0.411588	0.411588	0.411588	0.411588	0.411588	0.411588	0.411588	0.411588	0.411588
0.411588	0.411588	0.411588	0.411588	0.411588	0.411588	0.411588	0.411588	0.411588	0.411588	0.411588	0.411588	0.411588	0.411588	0.411588	0.411588	0.411588	0.411588	0.411588	0.411588	0.411588	0.411588	0.411588	0.411588	0.411978	0.411588	0.411588	0.411588	0.411588	0.411588	0.411588	0.411588	0.411588	0.411588	0.411588	0.411588	0.411588	0.411588	0.411588	0.411588	0.411588	0.411588	0.411978	0.411588	0.411588	0.411978	0.411588	0.411588	0.411588	0.411588	0.411588	0.411588	0.411588	0.411588	0.411588	0.411588	0.411588	0.411588	0.411588	0.411588	0.411588	0.411588	0.411588	0.411588	0.411588	0.411588	0.411588	0.411588	0.411588	0.411588	0.411588	0.411588	0.411588	0.411588
0.411588	0.411588	0.411588	0.411588	0.411588	0.411588	0.411588	1	0.411588	0.411588	0.411588	0.411588	0.459009	0.459009	0.412398	0.411588	0.411588	0.411588	0.411588	0.411588	0.411588	0.411588	0.411588	0.411978	0.411588	0.411588	0.411588	0.411588	0.411588	0.411588	0.411588	0.411588	0.411588	0.411588	0.411588	0.411588	0.411588	0.411588	0.411588	0.411588	0.411588	0.411588	0.411588	0.411588	0.411588	0.411978	0.411978	0.411978	0.411653	0.411588	0.411588	0.411588	0.411588	0.411588	0.411588	0.411588	0.411588	0.411588	0.411588	0.411588	0.411588	0.411588	0.411588	0.411588	0.411588	0.411588	0.411588	0.411588	0.411588	0.411588	0.411588	0.411588	0.411588	0.411588
0.411588	0.411588	0.411588	0.411588	0.411588	0.411588	0.411588	0.411588	0.411978	0.411588	0.411588	0.411588	0.411588	0.411588	0.411588	0.411588	0.411588	0.411588	0.411588	0.411588	0.411588	0.411588	0.411978	0.411588	0.411588	0.411588	0.411588	0.411588	0.411588	0.411588	0.411588	0.411588	0.411588	0.411588	0.411588	0.411588	0.411588	0.411588	0.411588	0.411588	0.411588	0.411588	0.411588	0.411588	0.411588	0.411978	0.411978	0.411978	0.411588	0.411588	0.411588	0.411588	0.411588	0.411588	0.411588	0.411588	0.411588	0.411588	0.411588	0.411588	0.411588	0.411588	0.411588	0.411588	0.411588	0.411588	0.411588	0.411588	0.411588	0.411588	0.411588	0.411588	0.411588	0.411588
0.411588	0.411588	0.411588	0.411588	0.411588	0.411588	0.411588	0.411588	0.411588	0.411588	0.411978	0.411588	0.411588	0.411588	0.411588	0.411588	0.411588	0.411588	0.411588	0.411978	0.411978	0.411978	0.411588	0.411588	0.411588	0.411588	0.411588	0.411588	0.411588	0.411588	0.411588	0.411588	0.411588	0.411588	0.411588	0.411588	0.411588	0.411588	0.411978	0.411588	0.411588	0.411588	0.411588	0.411588	0.411588	0.411978	0.411978	0.411588	0.411588	0.411588	0.411588	0.411588	0.411588	0.411588	0.411588	0.411588	0.411588	0.411588	0.411588	0.411588	0.411588	0.411588	0.411588	0.411588	0.411588	0.411588	0.411588	0.411588	0.411588	0.411588	0.411588	0.411588	0.411588	0.411588
0.411588	0.411588	0.411588	0.411588	0.411588	0.411588	0.411588	0.411588	0.411588	0.411588	0.411588	1	0.411588	0.411588	0.411588	0.411588	0.411588	0.412398	0.411978	0.411588	0.411588	0.411588	0.411588	0.411588	0.411588	0.411588	0.411588	0.411588	0.411588	0.411588	0.411588	0.411588	0.411588	0.411588	0.411588	0.411588	0.411588	0.411588	0.411588	0.411588	0.411588	0.411588	0.411588	0.411588	0.411588	0.411588	0.411588	0.411588	0.411588	0.411588	0.411588	0.411588	0.411588	0.411588	0.411588	0.411588	0.411588	0.411588	0.411588	0.411588	0.411588	0.411588	0.411588	0.411588	0.411588	0.411588	0.411588	0.411588	0.411588	0.411588	0.411588	0.411588	0.411588	0.411588
0.411588	0.411588	0.411588	0.411588	0.411588	0.411588	0.411588	0.411588	0.411588	0.411588	0.411588	0.411588	0.411978	0.411588	0.411588	0.411588	0.412398	0.412398	0.411588	0.411588	0.411588	0.411588	0.411588	0.411588	0.411588	0.411588	0.411588	0.411588	0.411588	0.411588	0.411588	0.411588	0.411588	0.411588	0.411588	0.411588	0.411588	0.411588	0.411588	0.411588	0.411588	0.411588	0.411588	0.411588	0.411588	0.411588	0.411588	0.411588	0.411588	0.411588	0.411588	0.411588	0.411588	0.411588	0.411588	0.411588	0.411588	0.411588	0.411588	0.411588	0.411588	0.411588	0.411588	0.411588	0.411588	0.411588	0.411588	0.411588	0.411588	0.411588	0.411588	0.411588	0.411588	0.411588
0.411588	0.411588	0.411588	0.411588	0.411588	0.411588	0.411588	0.411588	0.411588	0.411588	0.411588	0.411588	0.411588	0.411588	0.411588	0.411588	0.412398	0.411588	0.411588	0.411588	0.411588	0.411588	0.411588	0.411588	0.411588	0.411588	0.411588	0.411588	0.411588	0.411588	0.411588	0.411588	0.411588	0.411588	0.411588	0.411588	0.411588	0.411588	0.411588	0.411588	0.411588	0.411588	0.411588	0.411978	0.411588	0.411588	0.411588	0.411588	0.411588	0.411588	0.411588	0.411588	0.411588	0.411588	0.411588	0.411588	0.411588	0.411588	0.411588	0.411588	0.411588	0.411588	0.411588	0.411588	0.411588	0.411588	0.411588	0.411588	0.411588	0.411588	0.411588	0.411588	0.411588	0.411588
0.411588	0.411588	0.411588	0.411588	0.411588	0.411588	0.411588	0.411588	0.411588	0.411588	0.411588	0.411588	0.411588	0.411588	0.412398	0.412398	0.411588	0.411588	0.411588	0.411588	0.411588	0.411588	0.411588	0.411588	0.411588	0.411588	0.411588	0.411588	0.411588	0.411588	0.411588	0.411588	0.411588	0.411588	0.411588	0.411588	0.411588	0.411588	0.411588	0.411588	0.411588	0.411588	0.411588	0.411902	0.411588	0.411588	0.411588	0.411588	0.411588	0.411588	0.411588	0.411588	0.411588	0.411784	0.411588	0.411702	0.411588	0.411588	0.411588	0.411588	0.411588	0.411588	0.411588	0.411588	0.411588	0.411588	0.411588	0.411588	0.411588	0.411588	0.411588	0.411588	0.411588	0.411588
0.411588	0.411588	0.411588	0.411588	0.411588	0.411588	0.411588	0.411588	0.411588	0.411588	0.411588	0.411588	0.411588	0.411588	1	0.412237	0.411588	0.411588	0.411588	0.411588	0.411588	0.411588	0.411588	0.411588	0.411588	0.411588	0.411588	0.411588	0.411588	0.411588	0.411588	0.411588	0.411588	0.411588	0.411588	0.411588	0.411588	0.411588	0.411588	0.411588	0.411588	0.411588	0.411588	0.411588	0.411588	0.411588	0.411588	0.411588	0.411588	0.411588	0.411588	0.411588	0.411978	0.41166	0.411818	0.411978	0.411588	0.411588	0.411588	0.411588	0.411588	0.411588	0.411588	0.411588	0.411588	0.411588	0.411588	0.411588	0.411588	0.411588	0.411588	0.411588	0.411588	0.411588
0.411588	0.411588	0.411588	0.411588	0.411588	0.411588	0.411588	0.411588	0.411588	0.411588	0.411588	0.411588	0.411588	0.411588	0.411588	0.411978	0.411588	0.411588	0.411978	0.411588	0.411588	0.411588	0.411588	0.411588	0.411588	0.411588	0.411588	0.411588	0.411588	0.411588	0.411588	0.411588	0.411588	0.411588	0.411588	0.411588	0.411588	0.411588	0.411588	0.411588	0.411588	0.411588	0.411588	0.411588	0.411588	0.411588	0.411588	0.411588	0.411588	0.411588	0.411588	0.411978	0.411978	0.411978	0.411978	0.411652	0.411588	0.411588	0.411588	0.411588	0.411588	0.411588	0.411588	0.411588	0.411588	0.411588	0.411588	0.411588	0.411588	0.411588	0.411588	0.411588	0.411588	0.411588
0.411588	0.411588	0.411588	0.411588	0.411855	0.411588	0.411978	0.411588	0.411588	0.411588	0.411588	0.411588	0.411588	0.411588	0.411588	0.411588	0.411867	0.411588	0.411978	1	0.411588	0.411588	0.411588	0.411588	0.411588	0.411588	0.411588	0.411588	0.411588	0.411588	0.411588	0.411588	0.411588	0.411588	0.411588	0.411588	0.411588	0.411588	0.411588	0.411588	0.411588	0.411588	0.411588	0.411588	0.411588	0.411588	0.411588	0.411588	0.411588	0.411588	0.411588	0.411978	0.411588	0.411588	0.411978	0.411588	0.411756	0.411588	0.411588	0.411588	0.411588	0.411588	0.411588	0.411588	0.411588	0.411588	0.411588	0.411588	0.411588	0.411588	0.411588	0.411588	0.411588	0.411588
0.411588	0.411588	0.411978	0.411978	0.411588	0.411978	0.411978	0.411588	0.411588	0.411588	0.411588	0.411588	0.411588	0.411588	0.411588	0.411588	0.411588	0.411588	0.411588	0.411588	0.411978	0.411588	0.411588	0.411588	0.411588	0.411588	0.411588	0.411588	0.411588	0.411588	0.411588	0.411588	0.411588	0.411588	0.411588	0.411588	0.411588	0.411588	0.411588	0.411588	0.411588	0.411588	0.411588	0.411588	0.411588	0.411588	0.411588	0.411588	0.411588	0.411588	0.411588	0.411618	0.411588	0.411588	0.411892	0.411978	0.411588	0.411588	0.411588	0.411588	0.411588	0.411588	0.411588	0.411588	0.411588	0.411588	0.411588	0.411588	0.411588	0.411588	0.411588	0.411588	0.411588	0.411588
0.411588	0.411588	0.411588	0.411588	0.411588	0.411588	0.411978	0.411588	0.411588	0.411588	0.411588	0.411588	0.411588	0.411588	0.411588	0.411978	0.411588	0.411588	0.411588	0.411588	0.411588	0.411588	0.411588	0.411588	0.411588	0.411588	0.411588	0.411588	0.411588	0.411588	0.411588	0.411588	0.411588	0.411588	0.411588	0.411588	0.411588	0.411588	0.411588	0.411588	0.411588	0.411588	0.411588	0.411588	0.411588	0.411588	0.411588	0.411588	0.411588	0.411588	0.411588	0.411588	0.411588	0.411588	0.411588	0.411588	0.411588	0.411588	0.411588	0.411588	0.411588	0.411588	0.411588	0.411588	0.411588	0.411588	0.411588	0.411588	0.411588	0.411588	0.411588	0.411588	0.411588	0.411588
0.411588	0.411588	0.411588	0.411588	0.411588	0.411588	0.411588	0.411588	0.411588	0.411588	0.411588	0.411588	0.411588	0.411588	0.411588	0.411588	0.411588	0.411588	0.411588	0.411588	0.411588	0.411588	1	0.411588	0.411588	0.411588	0.411588	0.411588	0.411588	0.411588	0.411588	0.411588	0.411588	0.411588	0.411588	0.411588	0.411588	0.411588	0.411588	0.411588	0.411588	0.411588	0.411588	0.411588	0.411588	0.411588	0.411588	0.411588	0.411588	0.411588	0.411588	0.411588	0.411588	0.411588	0.411588	0.411588	0.411588	0.411588	0.411588	0.411588	0.411588	0.411588	0.411588	0.411588	0.411588	0.411588	0.411588	0.411588	0.411588	0.411588	0.411588	0.411588	0.411588	0.411588
0.411588	0.411588	0.411588	0.411588	0.411588	0.411588	0.411588	0.411588	0.411588	0.411588	0.411588	0.411588	0.411588	0.411978	0.411978	0.411588	0.411588	0.411588	0.411588	0.411588	0.411588	0.411588	0.411588	0.411978	0.411978	0.411978	0.411588	0.411588	0.411588	0.411588	0.411588	0.411588	0.411588	0.411588	0.411588	0.411588	0.411588	0.411588	0.411588	0.411588	0.411588	0.411588	0.411588	0.411588	0.411588	0.411588	0.411588	0.411588	0.411588	0.411588	0.411588	0.411588	0.411588	0.411588	0.411588	0.411588	0.411588	0.411588	0.411588	0.411588	0.411588	0.411588	0.411588	0.411588	0.411588	0.411588	0.411588	0.411588	0.411588	0.411588	0.411588	0.411588	0.411588	0.411588
