Crust moisture [-]
0.538541	0.555142	0.537641	0.537641	0.537641	0.537641	0.537641	0.536199	0.536199	0.536199	0.536199	0.536199	0.536199	0.563169	0.536199	0.536199	0.536199	0.536199	0.536199	0.536199	0.536199	0.536199	0.536199	0.536199	0.536199	0.536199	0.536199	0.536199	0.536199	0.536199	0.536199	0.536199	0.536199	0.536199	0.536199	0.536199	0.536199	0.536199	0.536199	0.536199	0.536199	0.536199	0.536199	0.536199	0.536199	0.536199	0.536199	0.536199	0.536199	0.536199	0.536199	0.536199	0.536199	0.536199	0.536199	0.536199	0.536199	0.536199	0.536199	0.536199	0.536199	0.536199	0.536199	0.536199	0.536199	0.536199	0.536199	0.536199	0.536199	0.536199	0.536199	0.536199	0.536199	0.536199
0.536199	0.536199	0.536199	0.536199	0.536199	0.536199	0.536199	0.536199	0.536199	0.536199	0.536199	0.536199	0.536199	0.563169	0.536199	0.536199	0.536199	0.536199	0.536199	0.536199	0.536199	0.536199	0.536199	0.536199	0.536199	0.536199	0.536199	0.536199	0.537641	0.536199	0.536199	0.536199	0.536199	0.536199	0.536199	0.536199	0.536199	0.536199	0.536199	0.536199	0.536199	0.536199	0.536199	0.536199	0.536199	0.536199	0.536199	0.536199	0.536199	0.536199	0.536199	0.536199	0.536199	0.536199	0.536199	0.536199	0.536199	0.536199	0.536199	0.536199	0.536199	0.536199	0.536199	0.536199	0.536199	0.536199	0.536199	0.536199	0.536199	0.536199	0.536199	0.536199	0.536199	0.536199
0.536199	0.536199	0.536199	0.536199	0.536199	0.536199	0.536199	0.536199	0.536199	0.536199	0.536199	0.536199	0.536199	0.536199	0.569315	0.536199	0.536199	0.536199	0.536199	0.536199	0.536199	0.536199	0.536199	0.536307	0.536199	0.536199	0.536199	0.536199	0.536199	0.536199	0.536199	0.536199	0.536199	0.536199	0.536199	0.536199	0.536199	0.536199	0.536199	0.536199	0.536199	0.536199	0.536199	0.536199	0.536199	0.536199	0.536199	0.536199	0.536199	0.536199	0.536199	0.536199	0.536199	0.536199	0.536199	0.536199	0.536199	0.536199	0.536199	0.536199	0.536199	0.536199	0.536199	0.536199	0.536199	0.536199	0.536199	0.536199	0.536199	0.536199	0.536199	0.536199	0.536199	0.536199
0.536199	0.536199	0.536199	0.536199	0.536199	0.536199	0.536199	0.536199	0.536199	0.536199	0.536199	0.536199	0.536199	0.557033	0.575045	0.563169	0.536199	0.536199	0.536199	0.536199	0.536199	0.536199	0.536199	0.536199	0.537641	0.536199	0.536199	0.536199	0.536199	0.536199	0.536199	0.536199	0.536199	0.536199	0.536199	0.536199	0.536199	0.536199	0.536199	0.536199	0.536199	0.536199	0.536199	0.536199	0.536199	0.536199	0.536199	0.536199	0.536199	0.536199	0.536199	0.536199	0.536199	0.536199	0.536199	0.536199	0.536199	0.536199	0.536199	0.536199	0.536199	0.536199	0.536199	0.536199	0.536199	0.536199	0.536199	0.536199	0.536199	0.536199	0.536199	0.536199	0.536199	0.536199
0.536199	0.536199	0.536199	0.536199	0.537641	0.536199	0.536199	0.536199	0.536199	0.536199	0.536199	0.536199	0.547674	0.536199	0.536199	0.575045	0.563169	0.563169	0.539647	0.536199	0.536199	0.536199	0.536199	0.536199	0.537641	0.536199	0.536199	0.536199	0.536199	0.536199	0.911353	0.536199	0.536199	0.536199	0.536199	0.536199	0.536199	0.536199	0.536199	0.536199	0.536199	0.536199	0.536199	0.536199	0.536199	0.536199	0.536199	0.536199	0.536199	0.536199	0.536199	0.536199	0.536199	0.536199	0.536199	0.536199	0.536199	0.536199	0.536199	0.536199	0.536199	0.536199	0.536199	0.536199	0.536199	0.536199	0.536199	0.536199	0.536199	0.536199	0.536199	0.536199	0.536199	0.536199
0.539647	0.536199	0.536199	0.536199	0.536199	0.536199	0.536199	0.536199	0.536199	0.536199	0.536199	0.547674	0.536199	0.536199	0.536199	0.536199	0.611062	0.536199	0.536199	0.539629	0.536199	0.536199	0.536199	0.536199	0.536199	0.536199	0.536199	0.536199	0.536199	0.536199	0.536199	0.536199	0.536199	1	0.537641	0.536199	0.536199	0.536199	0.536199	0.536199	0.536199	0.536199	0.536199	0.536199	0.536199	0.536199	0.536199	0.575045	0.56502	0.536199	0.536199	0.536199	0.536199	0.536199	0.536199	0.536199	0.536199	0.536199	0.536199	0.536199	0.536199	0.536199	0.563169	0.555142	0.536199	0.536199	0.536199	0.536199	0.536199	0.536199	0.536199	0.536199	0.536199	0.536199
0.536199	0.537323	0.536199	0.536199	0.536199	0.536199	0.536199	0.536199	0.536199	0.536199	0.562399	0.536199	0.536199	0.536199	0.536199	0.547674	0.536199	0.536199	0.536199	0.536199	0.538204	0.536199	0.536199	0.536199	0.536199	0.536199	0.536199	0.536199	0.536199	0.536199	0.536199	0.536199	0.536199	0.536199	0.536199	0.537641	0.536199	0.536199	0.536199	0.536199	0.537641	0.537356	0.536199	0.536199	0.536199	0.575045	0.575045	0.536199	0.536199	0.576534	0.536199	0.536199	0.536199	0.536199	0.536199	0.547674	0.536199	0.536199	0.536199	0.536199	0.580515	0.563169	0.536199	0.536199	0.536199	0.536199	0.536199	0.536199	0.536199	0.536199	0.536199	0.536199	0.536199	0.536199
0.536199	0.549671	0.538575	0.536199	0.536199	0.536199	0.536199	0.536199	0.536199	0.536199	0.556463	0.536199	0.536199	0.536199	0.536199	0.547545	0.536199	0.536199	0.536199	0.536199	0.536199	0.536199	0.536199	0.536199	0.536199	0.536199	0.536199	0.536199	0.536199	0.536199	0.536199	0.536199	0.536199	0.536199	0.536199	0.536199	0.536199	0.536199	1	0.536199	0.539647	0.536199	0.536199	0.575045	0.575045	0.536199	0.536199	0.536199	0.536199	0.536199	0.577194	0.575045	0.591885	0.604412	0.547674	0.536199	0.546231	0.55544	0.546231	0.536199	0.536199	0.536199	0.536199	0.536199	0.536199	0.536199	0.536199	0.536199	0.536199	0.536199	0.536199	0.536199	0.536199	0.536199
0.53728	0.536199	0.536199	0.536199	0.536199	0.536199	0.536199	0.536199	0.536199	0.536199	0.546385	0.536199	0.536199	0.536199	0.536199	0.536199	0.536199	0.536199	0.536199	0.536199	0.536199	0.536199	0.537221	0.536199	0.536199	0.536199	0.536199	0.536199	0.536199	0.536199	0.536199	0.536199	0.536199	0.536199	0.536199	0.536199	0.536199	0.536199	0.536199	0.536199	0.536199	0.539647	1	0.536199	0.536199	0.536199	0.536199	0.536199	0.536199	0.536199	0.536199	0.536199	0.536199	0.536199	0.605317	0.582671	0.536199	0.536199	0.536199	0.536199	0.536199	0.536199	0.536199	0.536199	0.536199	0.536199	0.536199	0.536199	0.536199	0.536199	0.536199	0.536199	0.536199	0.536199
0.537641	0.536199	0.536199	0.536199	0.536199	0.536199	0.536199	0.536199	0.536199	0.536199	0.555852	0.536199	0.536199	0.536199	0.536199	0.536199	0.538204	0.536199	0.536199	0.536199	0.536199	0.537641	0.536199	0.539647	0.536199	0.536199	0.536199	0.536199	0.536199	0.536199	0.536199	0.536365	0.536199	0.536199	0.536199	0.536199	0.536199	0.536199	0.536199	0.536199	0.536199	0.536199	0.536199	0.536199	0.536199	0.536199	0.536199	0.536199	0.536199	0.536199	0.536199	0.536199	0.536199	0.536199	0.536199	0.536199	0.539647	0.536199	0.536199	0.536199	0.536199	0.536199	0.536199	0.536199	0.536199	0.536199	0.536199	0.536199	0.536199	0.536199	0.536199	0.536199	0.536199	0.536199
0.536199	0.536199	0.536199	0.536199	0.536199	0.536199	0.536199	0.536199	0.536199	0.560997	0.536199	0.536199	0.536199	0.536199	0.536199	0.536199	0.536199	0.536199	0.536199	0.536199	0.536199	0.537641	0.536199	0.536199	0.537641	0.536199	0.536199	0.536199	0.536199	0.536199	0.537498	0.536199	0.536199	0.536199	0.536199	0.536199	0.536199	0.536199	0.536199	0.536199	0.536199	0.536199	0.536199	0.536199	0.536199	0.536199	0.536199	0.536199	0.536199	0.536199	0.536199	0.536199	0.536199	0.536199	0.536199	0.536199	0.536199	0.539647	0.536199	0.536199	0.536199	0.536199	0.537641	0.537641	0.536199	0.536199	0.536199	0.536199	0.536199	0.536199	0.536199	0.536199	0.536199	0.536199
0.536199	0.536199	0.536199	0.536199	0.536199	0.536199	0.536199	0.536199	0.536199	0.536199	0.556545	0.536199	0.536199	0.536199	0.536199	0.536199	0.536199	0.537641	0.641847	0.555142	0.536199	0.536199	0.536199	0.536199	0.536199	0.537641	0.536199	0.536199	0.536199	0.536199	0.537641	0.536199	0.536199	0.536199	0.536199	0.536199	0.536199	0.536199	0.536199	0.536199	0.536199	0.536199	0.536199	1	0.536199	0.536199	0.536199	0.536199	0.536199	0.536199	0.536199	0.536199	0.536199	0.536199	0.536199	0.536199	0.536199	0.536199	0.536807	0.536199	0.537641	0.537641	0.536199	0.536199	0.536199	0.536199	0.536199	0.536199	0.536199	0.536199	0.536199	0.536199	0.536199	0.536199
0.536199	0.536199	0.536199	0.536199	0.536199	0.536199	0.538656	0.536361	0.536199	0.536199	0.557074	0.536199	0.536199	0.536199	0.536199	0.536199	0.536199	0.536199	0.536199	0.537641	0.536199	0.536199	0.536199	0.536199	0.536199	0.536199	0.537641	0.536199	0.536199	0.536199	0.536199	0.536199	0.536199	0.536199	0.536199	0.536199	0.536199	0.536199	0.536199	0.536199	0.536199	0.536199	0.536199	0.555142	0.536199	0.536199	0.536199	0.536199	0.536199	0.536199	0.536199	0.536199	0.536199	0.536199	0.536199	0.536199	0.536199	0.536199	0.536199	0.543179	0.536199	0.537641	0.536199	0.536199	0.536199	0.536199	0.536199	0.536199	0.536199	0.536199	0.536199	0.536199	0.536199	0.536199
0.536199	0.536199	0.536199	0.536199	0.536199	0.536199	0.538767	0.536505	0.537457	0.537641	0.536199	0.546231	0.536199	0.536199	0.536199	0.536199	0.536199	0.536199	0.549671	0.536199	0.536199	0.536199	0.536199	0.536199	0.536199	0.536199	0.537641	0.536199	0.536199	0.536199	0.536199	0.536199	0.536199	0.536199	0.536199	0.536199	0.536199	0.536199	0.536199	0.536199	0.536199	0.536199	0.536199	0.536199	0.536199	0.536199	0.536199	0.536199	0.536199	0.536199	0.536199	0.536199	0.536199	0.536199	0.536199	0.536199	0.536199	0.536199	0.536199	0.536199	0.536199	0.536199	0.537641	0.537641	0.536199	0.536199	0.536199	0.536199	0.536199	0.537641	0.536199	0.536199	0.536199	0.536199
0.536199	0.536199	0.536199	0.536199	0.536199	0.536199	0.536199	0.539647	0.537641	0.537641	0.536199	0.536199	0.556524	0.536199	0.536199	0.537506	0.536199	0.537641	0.536199	0.536199	0.537615	0.536199	0.536199	0.536199	0.536199	0.536199	0.536199	0.537641	0.536199	0.536199	0.536199	0.536199	0.536199	0.536199	0.536199	0.536199	0.536199	0.536199	0.536199	0.536199	0.536199	0.536199	0.536199	0.536199	0.536199	0.536199	0.536199	0.536199	0.536199	0.536199	0.536199	0.536199	0.536199	0.536199	0.536199	0.536199	0.536199	0.536199	0.536199	0.536199	0.536199	0.536199	0.536199	0.536199	0.536199	0.536199	0.536769	0.536199	0.536199	0.536199	0.536199	0.536199	0.536199	0.536199
0.536199	0.536199	0.536199	0.536199	0.536199	0.536199	0.536199	0.536199	0.539647	0.536199	0.536199	0.536199	0.536199	0.563169	0.536199	0.536199	0.536199	0.537641	0.536199	0.536199	0.537641	0.536199	0.536199	0.536199	0.536199	0.536199	0.536199	0.536199	0.537641	0.536199	0.536199	0.536199	0.536199	0.536199	0.539647	0.536199	0.536199	0.536199	0.536199	0.536199	0.536199	0.536199	0.536199	0.536199	0.536199	0.536199	0.536199	0.536199	0.536199	0.536199	0.536199	0.536199	0.536199	0.536199	0.536199	0.536199	0.536199	0.536199	0.536199	0.536199	0.536199	0.536199	0.536199	0.536199	0.536199	0.536199	0.536199	0.537641	0.536199	0.536199	0.536199	0.536199	0.536199	0.536199
0.536199	0.536199	0.536199	0.536199	0.536199	0.536199	0.536199	0.536199	0.539647	0.536199	0.536199	0.536199	0.536199	0.563169	0.536199	0.536199	0.536199	0.536199	0.536199	0.536199	0.536199	0.536199	0.536199	0.536199	0.536199	0.536199	0.536199	0.536199	0.536199	0.537641	0.536199	0.536199	0.536199	0.537641	0.536199	0.536199	0.536199	0.536199	0.536199	0.536199	0.536199	0.536199	0.536199	0.536199	0.536199	0.95792	0.536199	0.536199	0.536199	0.536199	0.536199	0.536199	0.536199	0.536199	0.536199	0.536199	0.536199	0.536199	0.536199	0.536199	0.536199	0.536199	0.536199	0.536199	0.536199	0.536199	0.536199	0.536199	0.537641	0.536199	0.536199	0.536199	0.536199	0.536199
0.538797	0.536199	0.536199	0.536199	0.536199	0.536199	0.536199	0.536199	0.536199	0.537641	0.536199	0.536199	0.536199	0.536199	0.563169	0.536199	0.536199	0.536199	0.536199	0.536199	0.536199	0.536199	0.536199	0.536199	0.536199	0.536199	0.536199	0.536199	0.536199	0.537641	0.536199	0.536199	0.536199	0.537641	0.536199	0.536199	0.536199	0.536199	0.536199	0.536199	0.536199	0.536199	0.536199	0.536199	0.536199	0.536199	0.536199	0.536199	0.536199	0.536199	0.536199	0.536199	0.536199	0.536199	0.536199	0.536199	0.536199	0.536199	0.536199	0.536199	0.536199	0.536199	0.536199	0.536199	0.536199	0.536199	0.537641	0.536199	0.536199	0.536199	0.536199	0.536199	0.536199	0.536199
0.539647	0.536199	0.536199	0.537641	0.536199	0.536199	0.536199	0.536199	0.536199	0.536199	0.536199	0.536199	0.536199	0.536199	0.536199	0.537641	0.536199	0.536199	0.536199	0.536199	0.536199	0.536199	0.536199	0.536199	0.536199	0.536199	0.536199	0.536199	0.536199	0.537641	0.536199	0.536199	0.536199	0.536199	0.536199	0.536199	0.536199	0.536199	0.536199	0.536199	0.536199	0.536199	0.536199	0.536199	0.536199	0.536199	0.536199	0.536199	0.536199	0.536199	0.536199	0.536199	0.536199	0.536199	0.536199	0.536199	0.536199	0.536199	0.536199	0.536199	0.536199	0.536199	0.536199	0.536199	0.536199	0.536199	0.536199	0.536199	0.536199	0.536199	0.536199	0.536199	0.536199	0.536199
0.537641	0.536199	0.536199	0.536199	0.536199	0.536199	0.536199	0.536199	0.536199	0.536199	0.536199	0.536199	0.536199	0.536199	0.536199	0.536199	0.537641	0.536199	0.536199	0.536199	0.536199	0.536199	0.536199	0.536199	0.536199	0.536199	0.536199	0.536199	0.536199	0.536199	0.536199	0.536199	0.536199	0.536199	0.536199	0.536199	0.536199	0.536199	0.536199	0.536199	0.536199	0.536199	0.536199	0.536199	0.536199	1	0.536199	0.536199	0.536199	0.536199	0.536199	0.536199	0.536199	0.536199	0.536199	0.536199	0.536199	0.536199	0.536199	0.536199	0.536199	0.536199	0.536199	0.536199	0.536199	0.536199	0.536199	0.536199	0.536199	0.536199	0.536199	0.536199	0.536199	0.536199
0.537641	0.536199	0.536199	0.536199	0.536199	0.536199	0.536199	0.536199	0.536199	0.536199	0.536199	0.536199	0.536199	0.536199	0.536199	0.536199	0.536199	0.536199	0.536199	0.536199	0.536199	0.536199	0.536199	0.536199	0.536199	0.536199	0.536199	0.536199	0.536199	0.536199	0.536199	0.536199	0.536199	0.536199	0.630692	0.536199	0.536199	0.536199	0.536199	0.536199	0.536199	0.536199	0.536199	0.536199	0.536199	0.536199	0.536199	0.536199	0.536199	0.536199	0.536199	0.536199	0.536199	0.536199	0.536199	0.536199	0.536199	0.536199	0.536199	0.536199	0.536199	0.536199	0.536199	0.536199	0.536199	0.536199	0.536199	0.536199	0.536199	0.537641	0.536199	0.536199	0.536199	0.536199
0.537641	0.536199	0.536199	0.536199	0.536199	0.536199	0.537641	0.536199	0.536199	0.536199	0.536199	0.536199	0.536199	0.536199	0.536199	0.536199	0.536199	0.536199	0.536199	0.536199	0.536199	0.536199	0.536199	0.536199	0.536199	0.536199	0.536199	0.536199	0.539647	0.536199	0.536199	0.536199	0.536199	0.536199	0.536756	0.536199	0.536199	0.536199	0.536199	0.536199	0.536199	0.536199	0.536199	0.536199	0.536199	0.536199	0.536199	0.536199	0.536199	0.536199	0.536199	0.536199	0.536199	0.536199	0.536199	0.536199	0.536199	0.536199	0.536199	0.536199	0.536199	0.536199	0.536199	0.536199	0.536199	0.536199	0.536199	0.536199	0.536199	0.536199	0.536199	0.536199	0.536199	0.536199
0.537515	0.536199	0.536199	0.536287	0.53711	0.536199	0.536199	0.536199	0.536199	0.536199	0.536199	0.536199	0.536199	0.536199	0.536199	0.536199	0.536199	0.536199	0.536199	0.536199	0.536199	0.536199	0.536199	0.536199	0.536199	0.536199	0.536199	0.536199	0.537641	0.536199	0.536199	0.536199	0.536199	0.536199	0.537641	0.536199	0.536199	0.536199	0.536199	0.536199	0.536199	0.536199	0.536199	0.536199	0.536199	0.536199	1	0.536199	0.536199	0.536199	0.536199	0.536199	0.536199	0.536199	0.536199	0.536199	0.536199	0.536199	0.536199	0.536199	0.536199	0.536199	0.536199	0.536199	0.536199	0.536199	0.536199	0.536199	0.536199	0.536199	0.536199	0.536199	0.536199	0.536199
0.536199	0.536199	0.536199	0.536199	0.537641	0.536199	0.536199	0.536199	0.53704	0.536199	0.536199	0.536199	0.536199	0.536199	0.536199	0.536199	0.536199	0.536199	0.536199	0.536199	0.536199	0.536199	0.536199	0.536199	0.536199	0.536199	0.536199	0.536199	0.536199	0.536199	0.536199	0.536199	0.536199	0.536199	0.536199	0.536199	0.536199	0.536199	0.536199	0.536199	0.536199	0.536199	0.536199	0.536199	0.536199	0.536199	0.555142	0.536199	0.536199	0.536199	0.536199	0.536199	0.536199	0.536199	0.536199	0.536199	0.536199	0.536199	0.536199	0.536199	0.536199	0.536199	0.536199	0.536199	0.536199	0.536199	0.536199	0.536199	0.536199	0.536199	0.536199	0.536199	0.536199	0.536199
0.536516	0.536199	0.536199	0.536199	0.537258	0.537641	0.536199	0.536199	0.536199	0.536199	0.536199	0.536199	0.536199	0.536199	0.536199	0.536199	0.536199	0.536199	0.536199	0.536199	0.536199	0.536199	0.536199	0.536199	0.536199	0.536199	0.536199	0.536199	0.536199	0.536199	0.536199	0.536199	0.536199	0.536199	0.536199	0.679544	0.536199	0.536199	0.536199	0.536199	0.536199	0.536199	0.536199	0.536199	0.536199	0.536199	0.537641	0.536199	0.536199	0.536199	0.536199	0.536199	0.536199	0.536199	0.536199	0.536199	0.536199	0.536199	0.536199	0.536199	0.536199	0.536199	0.536199	0.536199	0.536199	0.536199	0.536199	0.536199	0.536199	0.536199	0.536199	0.536199	0.536199	0.536199
0.537641	0.536199	0.536199	0.536199	0.536199	0.536199	0.536199	0.536199	0.536199	0.536199	0.536199	0.536199	0.536199	0.536199	0.536199	0.536199	0.536199	0.536199	0.536199	0.536199	0.536199	0.536199	0.536199	0.536199	0.536199	0.536199	0.536199	0.536199	0.536199	0.536199	0.536199	0.536199	0.536199	0.536199	0.536199	0.536199	0.536199	0.536199	0.536199	0.536199	0.536199	0.536199	0.536199	0.536199	0.536199	0.536199	0.536199	0.537641	0.536199	0.536199	0.536199	0.536199	0.536199	0.536199	0.536199	0.536199	0.536199	0.536199	0.536199	0.536199	0.536199	0.536199	0.536199	0.536199	0.536199	0.536199	0.536199	0.536199	0.536199	0.536199	0.536199	0.536199	0.536199	0.536199
0.537641	0.536199	0.536199	0.536199	0.536199	0.536199	0.536199	0.536199	0.536199	0.536199	0.536199	0.536199	0.536199	0.536199	0.536199	0.536199	0.536199	0.536199	0.536199	0.536199	0.536199	0.536199	0.536199	0.536199	0.536199	0.536333	0.536199	0.536199	0.536199	0.536199	0.536199	0.536199	0.536199	0.54305	0.536199	0.536199	0.536199	0.536199	0.536199	0.536199	0.536199	0.536208	0.536199	0.536216	0.5362	0.536199	0.536199	0.536199	0.536199	0.536199	0.536199	0.536199	0.536199	0.536199	0.536199	0.536199	0.536199	0.536199	0.536199	0.536199	0.536199	0.536199	0.536199	0.536199	0.536199	0.536199	0.536199	0.536199	0.536199	0.536199	0.536199	0.536199	0.536199	0.536199
0.536199	0.536199	0.536199	0.536199	0.536199	0.536199	0.536199	0.536199	0.536199	0.536199	0.536199	0.536199	0.536199	0.536199	0.536199	0.536199	0.536199	0.536199	0.536199	0.536199	0.536199	0.537641	0.536199	0.536199	0.536199	0.536199	0.536199	0.536199	0.536199	0.536199	0.536199	0.536199	0.536199	0.536199	0.536205	0.536199	0.536199	0.536199	0.536199	0.536199	0.536199	0.536214	0.53621	0.536199	0.536203	0.536199	0.536199	0.536199	0.536199	0.536199	0.536199	0.536199	0.536199	0.536199	0.536199	0.536199	0.536199	0.536199	0.536199	0.536199	0.536199	0.536199	0.536199	0.536199	0.536199	0.536199	0.536199	0.536199	0.536199	0.536199	0.536199	0.536199	0.536199	0.536199
0.536199	0.536199	0.536199	0.536199	0.536199	0.536199	0.536199	0.536199	0.536199	0.536199	0.536199	0.536199	0.536199	0.536199	0.536199	0.536199	0.536199	0.536199	0.536199	0.536199	0.536199	0.537641	0.536199	0.536199	0.536199	0.536199	0.536199	0.536199	0.536199	0.536199	0.536199	0.536199	0.536199	0.536199	0.536199	0.536199	0.536199	0.536219	0.536247	0.536199	0.536199	0.536213	0.536199	0.536199	0.5362	0.536199	0.536199	0.536199	0.536199	0.536199	0.536199	0.536199	0.536199	0.536199	0.536199	0.536199	0.536199	0.536199	0.536199	0.536199	0.536199	0.536199	0.536199	0.536199	0.536199	0.536199	0.536199	0.536199	0.536199	0.536199	0.536199	0.536199	0.536199	0.536199
0.536199	0.536199	0.536199	0.536199	0.536199	0.536199	0.536199	0.536199	0.536199	0.536199	0.536199	0.536199	0.536199	0.536199	0.536199	0.536199	0.536199	0.536199	0.536199	0.536199	0.536199	0.536199	0.536199	0.536199	0.536199	0.536199	0.536199	0.536199	0.536199	0.536199	0.536199	0.538808	0.536199	0.536199	0.536199	0.536199	0.536199	0.536199	0.536199	0.5362	0.536203	0.536199	0.536199	0.536199	0.536205	0.536213	0.536199	0.536199	0.536199	1	0.536199	0.536199	0.536199	0.536199	0.536199	0.536199	0.536199	0.536199	0.536199	0.536199	0.536199	0.536199	0.536199	0.536199	0.536199	0.536199	0.536199	0.536199	0.536199	0.536199	0.536199	0.536199	0.536199	0.536199
0.536199	0.536199	0.536199	0.536199	0.536199	0.536199	0.536199	0.536199	0.536199	0.536199	0.536199	0.536199	0.536199	0.536199	0.536199	0.536199	0.536199	0.536199	0.536199	0.536199	0.536199	0.536199	0.536199	0.536199	0.536199	0.536199	0.536199	0.536199	0.536199	0.536199	0.543886	0.5362	0.536199	0.536199	0.536199	0.5362	0.536199	0.536199	0.536211	0.536221	0.536199	0.536199	0.536199	0.536199	0.536215	0.536199	0.536199	0.536199	0.536199	0.536199	0.555063	0.536199	0.536199	0.536199	0.536199	0.536199	0.536199	0.536199	0.536199	0.536199	0.536199	0.536199	0.536199	0.536199	0.536199	0.536199	0.536199	0.536199	0.536199	0.536199	0.536199	0.536199	0.536199	0.536199
0.536199	0.536199	0.536199	0.536199	0.536199	0.536199	0.536199	0.536199	0.536199	0.536199	0.536199	0.536199	0.536199	0.536199	0.536199	0.536199	0.536199	0.536199	0.536199	0.536199	0.536199	0.536199	0.536199	0.536199	0.536199	0.536199	0.536199	0.536199	0.536199	0.544172	0.536201	0.536199	0.536199	0.536199	0.536199	0.536199	0.536199	0.536205	0.536234	0.536199	0.536199	0.536199	0.536199	0.536205	0.536199	0.536512	0.536199	0.536199	0.536199	0.536199	0.555142	0.536199	0.536199	0.536199	0.536199	0.536199	0.536199	0.536199	0.536199	0.536199	0.536199	0.536199	0.536199	0.536199	0.536199	0.536199	0.536199	0.536199	0.536199	0.536199	0.536199	0.536199	0.536199	0.536199
0.536199	0.536199	0.536199	0.536199	0.536199	0.536199	0.536199	0.536199	0.536199	0.536199	0.536199	0.536199	0.536199	0.536199	0.536199	0.536199	0.536199	0.536199	0.536199	0.536199	0.536199	0.536199	0.536199	0.536199	0.536199	0.536199	0.536199	0.536199	0.55197	0.536199	0.536199	0.536199	0.536199	0.536199	0.536199	0.536199	0.536199	0.536202	0.53628	0.536199	0.536199	0.536199	0.536204	0.536199	0.536199	0.537998	0.536199	0.536199	0.536199	0.536199	0.536199	0.537641	0.536199	0.536199	0.536199	0.536199	0.536199	0.536199	0.536199	0.536199	0.536199	0.536199	0.536199	0.536199	0.536199	0.536199	0.536199	0.536199	0.536199	0.536199	0.536199	0.536199	0.536199	0.536199
0.536199	0.536199	0.536199	0.536199	0.536199	0.536199	0.536199	0.536199	0.536199	0.536199	0.536199	0.536199	0.536199	0.536199	0.536199	0.536199	0.536199	0.536199	0.536199	0.536199	0.536199	0.536199	0.536199	0.536199	0.536199	0.536199	0.536199	0.555107	0.536205	0.536199	0.536199	0.536199	0.536203	0.536199	0.536199	0.536228	0.536199	0.536212	0.536256	0.536199	0.536199	0.536211	0.536199	0.536199	0.536199	0.536199	0.536199	0.536199	0.536199	0.536199	0.536199	0.536199	0.537641	0.536199	0.536199	0.536199	0.536199	0.536199	0.536199	0.536199	0.536199	0.536199	0.536199	0.536199	0.536199	0.536199	0.536199	0.536199	0.536199	0.536199	0.536199	0.536199	0.536199	0.536199
0.536199	0.536199	0.536199	0.536199	0.536199	0.536199	0.536199	0.536199	0.536199	0.536199	0.536199	0.536199	0.536199	0.536199	0.536199	0.536199	0.536199	0.536199	0.536199	0.536199	0.536199	0.536199	0.536199	0.536199	0.538204	0.575045	0.569817	0.536199	0.536199	0.536199	0.536199	0.536199	0.536199	0.536199	0.536217	0.53621	0.536235	0.536209	0.536252	0.536214	0.536228	0.536199	0.536199	0.536199	0.536199	0.536199	0.536199	0.536199	0.536199	0.536199	0.536199	0.536199	0.536199	0.537641	0.536199	0.536199	0.536199	0.536199	0.536199	0.536199	0.536199	0.536199	0.536199	0.536199	0.536199	0.536199	0.536199	0.536199	0.536199	0.536199	0.536199	0.536199	0.536199	0.536199
0.536199	0.536199	0.536199	0.536199	0.536199	0.536199	0.536199	0.536199	0.536199	0.536199	0.536199	0.536199	0.536199	0.536199	0.536199	0.536199	0.536199	0.536199	0.536199	0.537606	0.536199	0.536199	0.549671	0.549671	0.537641	0.536199	0.536244	0.536199	0.536199	0.536199	0.536199	0.536199	0.536199	0.536199	0.536199	0.536212	0.536226	0.536205	0.536199	0.53621	0.536199	0.536199	0.536199	0.536199	0.536199	0.536199	0.536199	0.536199	0.536199	0.536199	0.536199	0.536199	0.536199	0.536199	1	0.536199	0.536199	0.536199	0.536199	0.536199	0.536199	0.536199	0.536199	0.536199	0.536199	0.536199	0.536199	0.536199	0.536199	0.536199	0.536199	0.536199	0.536199	0.536199
0.536199	0.536199	0.536199	0.536199	0.536199	0.536199	0.536199	0.536199	0.536199	0.536199	0.536199	0.536199	0.536199	0.536199	0.536199	0.536199	0.536199	0.536199	0.536199	0.536199	0.536199	0.536199	0.536199	0.536199	0.536255	0.536199	0.536679	0.536199	0.536199	0.536203	0.536199	0.536199	0.536357	0.536216	0.536225	0.536221	0.536234	0.536207	0.536268	0.536199	0.536199	0.536199	0.536199	0.53712	0.536199	0.536199	0.536199	0.536199	0.536199	0.536199	0.536199	0.536199	0.536199	0.536199	0.536199	0.537042	0.536199	0.536199	0.536199	0.536199	0.536199	0.536199	0.536199	0.536199	0.536199	0.536199	0.536199	0.536199	0.536199	0.536199	0.536199	0.536199	0.536199	0.536199
0.536199	0.536199	0.536199	0.536199	0.536199	0.536199	0.536199	0.536199	0.536199	0.536199	0.536199	0.536199	0.536199	0.536199	0.536199	0.536199	0.536199	0.536199	0.536199	0.536199	0.536199	0.536199	0.536199	0.536199	0.536199	0.537641	0.539647	0.539647	0.538264	0.536199	0.536199	0.536443	0.536246	0.536391	0.536253	0.536218	0.536199	0.536199	0.538306	0.536199	0.536199	0.536199	0.536199	0.536199	0.551189	0.536199	0.536199	0.536199	0.536199	0.536199	0.536199	0.536199	0.536199	0.536199	0.536199	0.536199	0.536199	0.536199	0.536199	0.536199	0.536199	0.536199	0.536199	0.536199	0.536199	0.536199	0.536199	0.536199	0.536199	0.536199	0.536199	0.536199	0.536199	0.536199
0.536199	0.536199	0.536199	0.536199	0.536199	0.536199	0.536199	0.536199	0.536199	0.536199	0.536199	0.536199	0.536199	0.536199	0.536199	0.536199	0.536199	0.536199	0.536199	0.536199	0.536199	0.536199	0.536199	0.536199	0.537194	0.537641	0.537641	0.537641	0.536199	0.536199	0.536975	0.536244	0.536676	0.536402	0.536342	0.536213	0.53621	0.538336	0.536199	0.536199	0.536199	0.536199	0.536199	0.536199	0.536199	0.56516	0.536199	0.536199	0.536199	0.536199	0.536199	0.536199	0.536199	0.536199	0.536199	0.536199	0.536199	0.536199	0.536199	0.536199	0.536199	0.536199	0.536199	0.536199	0.536199	0.536199	0.536199	0.536199	0.536199	0.536199	0.536199	0.536199	0.536199	0.536199
0.536199	0.536199	0.536199	0.536199	0.536199	0.536199	0.536199	0.536199	0.536199	0.536199	0.536199	0.536199	0.536199	0.536199	0.536199	0.536199	0.536199	0.536199	0.536199	0.536199	0.536199	0.536199	0.536199	0.536199	0.536199	0.537274	0.537641	0.536199	0.536716	0.537641	0.536398	0.537281	0.537075	0.536616	0.536238	0.53622	0.538797	0.536199	0.536199	0.536199	0.536199	0.536199	0.536199	0.536199	0.573983	0.536199	0.536199	0.536385	0.536199	0.536199	0.536199	0.536199	0.536199	0.536199	0.536199	0.536199	0.536199	1	0.536199	0.536199	0.536199	0.536199	0.536199	0.536199	0.536199	0.536199	0.536199	0.536199	0.536199	0.536199	0.536199	0.536199	0.536199	0.536199
0.536199	0.536199	0.536199	0.536199	0.536199	0.536199	0.536199	0.536199	0.536199	0.536199	0.536199	0.536199	0.536199	0.536199	0.536199	0.536199	0.536199	0.536199	0.536199	0.536199	0.536199	0.536199	0.536199	0.536199	0.536199	0.537641	0.537641	0.537641	0.537641	0.537641	0.537641	0.537641	0.537151	0.536237	0.536249	0.539617	0.536199	0.536199	0.536199	0.536199	0.536199	0.536199	0.536199	0.573575	0.536199	0.536199	0.536199	0.536223	0.536199	0.536199	0.536199	0.536199	0.536199	0.5362	0.536199	0.536199	0.536199	0.536199	0.536199	0.536199	0.536199	0.536199	0.536199	0.536199	0.536199	0.537641	0.536199	0.536199	0.536199	0.536199	0.536199	0.536199	0.536199	0.536199
0.536199	0.536199	0.536199	0.536199	0.536199	0.536199	0.536199	0.536199	0.536199	0.536199	0.536199	0.536199	0.536199	0.536199	0.536199	0.536199	0.536199	0.536199	0.536199	0.536199	0.536199	0.536199	0.536199	0.536199	0.536199	0.536876	0.537641	0.536199	0.537405	0.537641	0.537641	0.537641	0.536871	0.536199	0.539647	0.536199	0.536199	0.563169	0.558339	0.556716	0.580515	0.602513	0.580432	0.536199	0.536199	0.536199	0.536199	0.536202	0.536199	0.536199	0.536199	0.536199	0.536199	0.536201	0.536199	0.536199	0.536199	0.536199	0.536199	0.536199	0.537641	0.536199	0.536199	0.536199	0.537641	0.536199	0.536199	0.536199	0.536199	0.536199	0.536199	0.536199	0.536199	0.536199
0.536199	0.536199	0.536199	0.536199	0.536199	0.536199	0.536199	0.536199	0.536199	0.536199	0.536199	0.536199	0.536199	0.536199	0.536199	0.536199	0.536199	0.536199	0.536199	0.536199	0.536199	0.536199	0.536199	0.536199	0.536199	0.536199	0.536199	0.536199	0.536199	0.536199	0.537641	0.537641	0.53669	0.537641	0.536199	0.536199	0.537641	0.537641	0.537641	0.549288	0.536199	0.537641	0.536199	0.536199	0.536199	0.536199	0.536199	0.536199	0.536199	0.536199	0.536199	0.536199	0.536199	0.536199	0.536199	0.536199	0.536199	0.536199	0.536199	0.536199	0.536199	0.536199	0.536199	0.537641	0.536199	0.536199	0.536199	0.536199	0.536199	0.536199	0.536199	0.536199	0.536199	0.536199
0.536199	0.536199	0.536199	0.536199	0.536199	0.536199	0.536199	0.536199	0.536199	0.536199	0.536199	0.536199	0.536199	0.536199	0.536199	0.536199	0.536199	0.536199	0.536199	0.536199	0.536199	0.536199	0.536199	0.536199	0.536199	0.536199	0.536199	0.536199	0.536199	0.536199	0.537641	0.537641	0.537641	0.537641	0.536199	0.536199	0.537641	0.537641	0.563169	0.536199	0.537641	0.536199	0.536199	0.536199	0.536199	0.536201	0.536199	0.536199	0.536199	0.536199	0.536199	0.536201	0.536199	0.536199	0.536199	0.536199	0.536199	0.536199	0.536199	0.536199	0.536199	0.536199	1	0.536199	0.536199	0.536199	0.536199	0.536199	0.536199	0.536199	0.536199	0.536199	0.536199	0.536199
0.536199	0.536199	0.536199	0.536199	0.536199	0.536199	0.536199	0.536199	0.536199	0.536199	0.536199	0.536199	0.536199	0.536199	0.536199	0.536199	0.536199	0.536199	0.536199	0.536199	0.536199	0.536199	0.536199	0.536199	0.536199	0.536199	0.536199	0.536199	0.536199	0.536199	0.537641	0.536199	0.536199	0.536199	0.536199	0.536199	0.536199	0.537641	0.536199	0.536199	0.536199	0.536199	0.536199	0.536199	0.536199	0.536199	0.537948	0.536199	0.536199	0.536199	0.536199	0.536199	0.536199	0.536199	0.536199	0.536199	0.536199	0.536199	0.536199	0.536199	0.536199	0.536199	0.537641	0.536199	0.536199	0.536199	0.536199	0.536199	0.536199	0.536199	0.536199	0.536199	0.536199	0.536199
0.536199	0.536199	0.536199	0.536199	0.536199	0.536199	0.536199	0.536199	0.536199	0.536199	0.536199	0.536199	0.536199	0.536199	0.536199	0.536199	0.536199	0.536199	0.536199	0.536199	0.536199	0.536199	0.536199	0.536199	0.536199	0.536199	0.536199	0.536199	0.536199	0.536199	0.536199	0.536199	0.536199	0.536199	0.536199	0.536199	0.537641	0.536199	0.536199	0.539647	0.536199	0.536199	0.536199	0.536199	0.536199	0.536828	0.536199	0.536199	0.536199	0.536199	0.536199	0.536199	0.536199	0.536199	0.536199	0.536199	0.536199	0.536199	0.536199	0.536199	0.536199	0.536199	0.536199	0.536199	0.536199	0.536199	0.536199	0.536199	0.536199	0.536199	0.536199	0.536199	0.536199	0.536199
0.555142	0.536199	0.536199	0.536199	0.537449	0.536199	0.536199	0.536199	0.536199	0.536199	0.536199	0.536199	0.536199	0.536199	0.536199	0.536199	0.536199	0.536199	0.536199	0.536199	0.536199	0.536199	0.536199	0.536199	0.536199	0.536199	0.536199	0.536199	0.536199	0.536199	0.536199	0.536199	0.536199	0.536199	0.536199	0.536199	0.537641	0.536199	0.536199	0.539647	0.536199	0.536199	0.536199	0.536199	0.536922	0.536199	0.536199	0.536199	0.536199	0.536199	0.536199	0.536199	0.536199	0.536199	0.536312	0.536199	0.536199	0.536199	0.536199	0.536199	0.536199	0.536199	0.536199	0.536199	0.536199	0.536199	0.536199	0.536199	0.536199	0.536199	0.536199	0.536199	0.536199	0.536199
0.536199	0.555142	0.555142	0.555142	0.536199	0.536199	0.536199	0.536199	0.536199	0.536199	0.536199	0.536199	0.536199	0.536199	0.536199	0.536199	0.536199	0.536199	0.536199	0.536199	0.536199	0.536199	0.536199	0.536199	0.536199	0.536199	0.536199	0.536199	0.536199	0.536199	0.536199	0.536199	0.536199	0.536199	0.536199	0.536199	0.536199	0.536199	0.536199	0.536199	0.536199	0.536199	0.536199	0.538232	0.536199	0.536199	0.536199	0.536199	0.536199	0.536199	0.536199	0.536199	0.536199	0.536199	0.536199	0.536199	0.536199	0.536199	0.536199	0.536199	0.536199	0.536199	0.536199	0.536199	0.536199	0.536199	1	0.536199	0.536199	0.536199	0.536199	0.536199	0.536199	0.536199
0.536199	0.536199	0.536199	0.536199	1	0.536199	0.536199	0.536199	0.536199	0.536199	0.536199	0.536199	0.536199	0.536199	0.536199	0.536199	0.536199	0.536199	0.536199	0.536199	0.536199	0.536199	0.536199	0.536199	0.536199	0.536199	0.536199	0.536199	0.536199	0.536199	0.536199	0.536199	0.536199	0.536199	0.536199	0.536199	0.536199	0.536199	0.536199	0.537641	0.536199	0.536199	0.5384	0.536199	0.536199	0.536199	0.536199	0.536199	0.536199	0.536199	0.536209	0.536199	0.536199	0.536199	0.536199	0.536199	0.536199	0.536199	0.536199	0.536199	0.536199	0.536199	0.536199	0.536199	0.536199	0.536199	0.536199	0.537641	0.536199	0.536199	0.536199	0.536199	0.536199	0.536199
0.536199	0.536199	0.536199	0.537641	0.536199	0.536199	0.536199	0.536199	0.536199	0.536199	0.536199	0.536199	0.536199	0.536199	0.536199	0.536199	0.536199	0.536199	0.536199	0.536199	0.536199	0.536199	0.536199	0.536199	0.536199	0.536199	0.536199	0.536199	0.536199	0.536199	0.536199	0.536199	0.536199	0.536199	0.536199	0.536199	0.536199	0.536682	0.536199	0.537641	0.536199	0.538476	0.536199	0.536199	0.536199	0.536199	0.536199	0.536199	0.536199	0.536199	0.536199	0.536199	0.539584	0.536199	0.536199	0.536213	0.536199	0.536199	0.536199	0.536199	0.536199	0.536199	0.536199	0.536199	0.536199	0.536199	0.536199	0.537641	0.536199	0.536199	0.536199	0.536199	0.536199	0.536199
0.536199	0.536199	0.536199	0.537641	0.536199	0.536199	0.536199	0.536199	0.536199	0.536199	0.536199	0.536199	0.536199	0.536199	0.536199	0.536199	0.536199	0.536199	0.536199	0.536199	0.536199	0.536199	0.536199	0.536199	0.536199	0.536199	0.536199	0.536199	0.536199	0.536199	0.536199	0.536199	0.536199	0.536199	0.536199	0.536199	0.536199	0.536314	0.537641	0.537641	0.536199	0.539292	0.536199	0.536199	0.536199	0.536199	0.536199	0.536199	0.536202	0.536199	0.536199	0.537604	0.536199	0.536199	0.536199	0.536199	0.536199	0.536199	0.536199	0.536199	0.536199	0.536199	0.536199	0.536199	0.536199	0.536199	0.536199	0.536199	0.536199	0.536199	0.536199	0.536199	0.536199	0.536199
0.536199	0.536199	0.536199	0.536199	0.536199	0.536199	0.536199	0.536199	0.536199	0.536199	0.536199	0.536199	0.536199	0.536199	0.536199	0.536199	0.536199	0.536199	0.536199	0.536199	0.536199	0.536199	0.536199	0.536199	0.536199	0.536199	0.536199	0.536199	0.536199	0.536199	0.536199	0.536199	0.536199	0.536199	0.536199	0.536199	0.536199	0.536199	0.536199	0.537641	0.539647	0.536199	0.536199	0.536199	0.536199	0.536199	0.536199	0.536205	0.536199	0.536199	0.536199	0.539133	0.536199	0.536199	0.536199	0.536199	0.536199	0.536199	0.536199	0.536199	0.536199	0.536199	0.536199	0.536199	0.536199	0.536199	0.536199	0.537641	0.536199	0.536199	0.536199	0.536199	0.536199	0.536199
0.536199	0.536199	0.536199	0.803274	0.536199	0.536199	0.536199	0.536199	0.536199	0.536199	0.536199	0.536199	0.536199	0.536199	0.536199	0.536199	0.536199	0.536199	0.536199	0.536199	0.536199	0.536199	0.536199	0.536199	0.536199	0.536199	0.536199	0.536199	0.536199	0.536199	0.536199	0.536199	0.536199	0.536199	0.536199	0.536199	0.536199	0.536199	0.536199	0.546576	0.536199	0.537027	0.536199	0.536199	0.536199	0.536199	0.536199	0.536199	0.536199	0.536199	0.536199	0.540396	0.536229	0.536199	0.536199	0.536199	0.536199	0.536199	0.536199	0.536199	0.536199	0.536199	0.536199	0.536199	0.536199	0.536199	0.536199	0.536199	0.536199	0.536199	0.536199	0.536199	0.536199	0.536199
0.536199	0.536199	0.536199	0.536199	0.536199	0.537641	1	0.537641	0.536199	0.536199	0.536199	0.536199	0.536199	0.536199	0.536199	0.536199	0.536199	0.536199	0.536199	0.536199	0.536199	0.536199	0.536199	0.536199	0.536199	0.536199	0.536199	0.536199	0.536199	0.536199	0.536199	0.536199	0.536199	0.536199	0.536199	0.536199	0.536199	0.536819	0.536199	0.536199	0.537641	0.537406	0.536199	0.536199	0.536199	0.536221	0.536199	0.536199	0.536199	0.536199	0.544113	0.537183	0.536199	0.536199	0.536199	0.536199	0.536199	0.536199	0.536199	0.536199	0.536199	0.536199	0.536199	0.536199	0.536199	0.536199	0.536199	0.536199	0.536199	0.536199	0.536199	0.536199	0.536199	0.536199
0.537641	0.536199	0.536199	0.536199	0.536199	0.537641	0.536199	0.536199	0.536199	0.536199	0.536199	0.536199	0.536199	0.536199	0.536199	0.536199	0.536199	0.536199	0.536199	0.536199	0.536199	0.536199	0.536199	0.536199	0.536199	0.536199	0.536199	0.536199	0.536199	0.536199	0.536199	0.536199	0.536199	0.536199	0.536199	0.536199	0.536199	0.536199	0.536199	0.536199	0.537398	0.536199	0.536199	0.536199	0.536205	0.536199	0.536199	0.536199	0.536199	0.548266	0.538334	0.536199	0.536199	0.536199	0.536199	0.536199	0.536199	0.536199	0.536199	0.536199	0.536199	0.536199	0.536199	0.536199	0.536199	0.536199	0.536199	0.536199	0.536199	0.536199	0.536199	1	0.536199	0.536199
0.536303	0.536199	0.536199	0.536199	0.536199	0.536199	0.536199	0.536199	0.536199	0.536199	0.536199	0.536199	0.536199	0.536199	0.536199	0.536199	0.536199	0.536199	0.536199	0.536199	0.536199	0.536199	0.536199	0.536199	0.536199	0.536199	0.536199	0.536199	0.536199	0.536199	0.536199	0.536199	0.536199	0.536199	0.536199	0.536199	0.536199	0.536199	0.536199	0.536199	0.536199	0.536199	0.537641	0.537641	0.536199	0.536199	0.536199	0.536199	0.557698	0.5386	0.537641	0.536199	0.536199	0.536199	0.536199	0.536199	0.536199	0.536199	0.536199	0.536199	0.536199	0.536199	0.536199	0.536199	0.536199	0.536199	0.536199	0.536199	0.536199	0.536199	0.536199	0.536199	0.536199	0.536199
0.536199	0.536199	0.536199	0.536199	0.536199	0.536199	0.536199	0.536199	0.536199	0.536199	0.536199	0.536199	0.536199	0.536199	0.536199	0.536199	0.536199	0.536199	0.536199	0.536199	0.536199	0.536199	0.536199	0.536199	0.536199	0.536199	0.536199	0.536199	0.536199	0.536199	0.536199	0.536199	0.536199	0.536199	0.536199	0.536199	0.537641	0.536199	0.536199	0.536199	0.536199	0.537641	0.537641	0.536538	0.537641	0.537641	0.539647	0.557698	0.539452	0.536199	0.536199	0.536199	0.536199	0.536199	0.536199	0.536199	0.536199	0.536199	0.536199	0.536199	0.536199	0.536199	0.536199	0.536199	0.536199	0.536199	0.536199	0.536199	0.536199	0.536199	0.536199	0.536199	0.536199	0.536199
0.536199	0.536199	0.536199	0.536199	0.536199	0.536199	0.536199	0.536199	0.563169	0.537641	0.536199	0.536199	0.536199	0.536199	0.536199	0.536199	0.536199	0.536199	0.536199	0.536199	0.536199	0.536199	0.536199	0.536199	0.536199	0.536199	0.536199	0.536199	0.536199	0.536199	0.536199	0.536199	0.536199	0.536199	0.536199	0.536199	0.536199	0.536199	0.536199	0.536199	0.536199	0.536199	0.537641	0.536199	0.536199	0.536199	0.537641	0.537354	0.539647	0.536199	0.536199	0.536199	0.536199	0.536199	0.536199	0.536199	0.536199	0.536199	0.536199	0.536199	0.536199	0.536199	0.536199	0.536199	0.536199	0.536199	0.536199	0.536199	0.536199	0.536199	0.536199	0.536199	0.536199	0.536199
0.536199	0.536199	0.536199	0.536199	0.536199	0.536199	0.536199	1	0.536199	0.536199	0.547674	0.537641	0.537109	0.536199	0.536199	0.536199	0.536199	0.536199	0.536199	0.536199	0.536199	0.536199	0.536199	0.536199	0.536199	0.536199	0.536199	0.536199	0.536199	0.536199	0.536199	0.536199	0.536199	0.536199	0.536199	0.536199	0.536199	0.536199	0.536199	0.536199	0.536199	0.536199	0.537641	0.536199	0.536199	0.536199	0.537641	0.537641	0.537641	0.536199	0.536199	0.536199	0.536199	0.536199	0.536199	0.536199	0.536199	0.536199	0.536199	0.536199	0.536199	0.536199	0.536199	0.536199	0.536199	0.536199	0.536199	0.536199	0.536199	0.536199	0.536199	0.536199	0.536199	0.536199
0.536199	0.536199	0.536199	0.536199	0.536199	0.536199	0.536199	0.536199	0.536199	0.536199	0.536199	0.538204	0.536199	0.536199	0.536199	0.536199	0.536199	0.536199	0.536199	0.536199	0.536199	0.536199	0.536199	0.536199	0.536199	0.536199	0.536199	0.536199	0.536199	0.536199	0.536199	0.536199	0.536199	0.536199	0.536199	0.536199	0.536199	0.536199	0.536199	0.536199	0.536199	0.536199	0.537641	0.536199	0.536199	0.537641	0.536199	0.536199	0.536199	0.536199	0.536199	0.536199	0.536199	0.536199	0.536199	0.536199	0.536199	0.536199	0.536199	0.536199	0.536199	0.536199	0.536199	0.536199	0.536199	0.536199	0.536199	0.536199	0.536199	0.536199	0.536199	0.536199	0.536199	0.536199
0.536199	0.536199	0.536199	0.536199	0.536199	0.536199	0.536199	1	0.536199	0.536199	0.536199	0.536199	0.562599	0.563169	0.555142	0.536199	0.536199	0.536199	0.536199	0.536199	0.536199	0.536199	0.536199	0.536199	0.536199	0.536199	0.536199	0.536199	0.536199	0.536199	0.536199	0.536199	0.536199	0.536199	0.536199	0.536199	0.536199	0.536199	0.536199	0.536199	0.536199	0.536199	0.536199	0.536199	0.536199	0.537641	0.537641	0.536268	0.536199	0.536199	0.536199	0.536199	0.536199	0.536199	0.536199	0.536199	0.536199	0.536199	0.536199	0.536199	0.536199	0.536199	0.536199	0.536199	0.536199	0.536199	0.536199	0.536199	0.536199	0.536199	0.536199	0.536199	0.536199	0.536199
0.536199	0.536199	0.536199	0.536199	0.536199	0.536199	0.536199	0.536199	0.536199	0.536199	0.536199	0.536199	0.536199	0.536199	0.536199	0.536199	0.536199	0.536199	0.536199	0.536199	0.536199	0.536199	0.536199	0.536199	0.536199	0.536199	0.536199	0.536199	0.536199	0.536199	0.536199	0.536199	0.536199	0.536199	0.536199	0.536199	0.536199	0.536199	0.536199	0.536199	0.536199	0.536199	0.536199	0.536199	0.536199	0.537641	0.537641	0.536199	0.536199	0.536199	0.536199	0.536199	0.536199	0.536199	0.536199	0.536199	0.536199	0.536199	0.536199	0.536199	0.536199	0.536199	0.536199	0.536199	0.536199	0.536199	0.536199	0.536199	0.536199	0.536199	0.536199	0.536199	0.536199	0.536199
0.536199	0.536199	0.536199	0.536199	0.536199	0.536199	0.536199	0.536199	0.536199	0.536199	0.537641	0.536199	0.536199	0.536199	0.536199	0.536199	0.536199	0.536199	0.536199	0.536199	0.536199	0.536199	0.536199	0.536199	0.536199	0.536199	0.536199	0.536199	0.536199	0.536199	0.536199	0.536199	0.536199	0.536199	0.536199	0.536199	0.536199	0.536199	0.536199	0.536199	0.536199	0.536199	0.536199	0.536199	0.536199	0.537641	0.537591	0.536199	0.536199	0.536199	0.536199	0.536199	0.536199	0.536199	0.536199	0.536199	0.536199	0.536199	0.536199	0.536199	0.536199	0.536199	0.536199	0.536199	0.536199	0.536199	0.536199	0.536199	0.536199	0.536199	0.536199	0.536199	0.536199	0.536199
0.536199	0.536199	0.536199	0.536199	0.536199	0.536199	0.536199	0.536199	0.536199	0.536199	0.536199	1	0.536199	0.536199	0.536199	0.536199	0.536199	0.555142	0.536199	0.536199	0.536199	0.536199	0.536199	0.536199	0.536199	0.536199	0.536199	0.536199	0.536199	0.536199	0.536199	0.536199	0.536199	0.536199	0.536199	0.536199	0.536199	0.536199	0.536199	0.536199	0.536199	0.536199	0.536199	0.536199	0.536199	0.536199	0.536199	0.536199	0.536199	0.536199	0.536199	0.536199	0.536199	0.536199	0.536199	0.536199	0.536199	0.536199	0.536199	0.536199	0.536199	0.536199	0.536199	0.536199	0.536199	0.536199	0.536199	0.536199	0.536199	0.536199	0.536199	0.536199	0.536199	0.536199
0.536199	0.536199	0.536199	0.536199	0.536199	0.536199	0.536199	0.536199	0.536199	0.536199	0.536199	0.536199	0.537641	0.536199	0.536199	0.536199	0.549671	0.563169	0.536199	0.536199	0.536199	0.536199	0.536199	0.536199	0.536199	0.536199	0.536199	0.536199	0.536199	0.536199	0.536199	0.536199	0.536199	0.536199	0.536199	0.536199	0.536199	0.536199	0.536199	0.536199	0.536199	0.536199	0.536199	0.536199	0.536199	0.536199	0.536199	0.536199	0.536199	0.536199	0.536199	0.536199	0.536199	0.536199	0.536199	0.536199	0.536199	0.536199	0.536199	0.536199	0.536199	0.536199	0.536199	0.536199	0.536199	0.536199	0.536199	0.536199	0.536199	0.536199	0.536199	0.536199	0.536199	0.536199
0.536199	0.536199	0.536199	0.536199	0.536199	0.536199	0.536199	0.536199	0.536199	0.536199	0.536199	0.536199	0.536199	0.536199	0.536199	0.536199	0.539647	0.536199	0.536199	0.536199	0.536199	0.536199	0.536199	0.536199	0.536199	0.536199	0.536199	0.536199	0.536199	0.536199	0.536199	0.536199	0.536199	0.536199	0.536199	0.536199	0.536199	0.536199	0.536199	0.536199	0.536199	0.536199	0.536199	0.536199	0.536199	0.536199	0.536199	0.536199	0.536199	0.536199	0.536199	0.536199	0.536199	0.536199	0.536199	0.536199	0.536199	0.536199	0.536199	0.536199	0.536199	0.536199	0.536199	0.536199	0.536199	0.536199	0.536199	0.536199	0.536199	0.536199	0.536199	0.536199	0.536199	0.536199
0.536199	0.536199	0.536199	0.536199	0.536199	0.536199	0.536199	0.536199	0.536199	0.536199	0.536199	0.536199	0.536199	0.536199	0.549447	0.551353	0.536199	0.536199	0.536199	0.536199	0.536199	0.536199	0.536199	0.536199	0.536199	0.536199	0.536199	0.536199	0.536199	0.536199	0.536199	0.536199	0.536199	0.536199	0.536199	0.536199	0.536199	0.536199	0.536199	0.536199	0.536199	0.536199	0.536199	0.536199	0.536199	0.536199	0.536199	0.536199	0.536199	0.536199	0.536199	0.536199	0.536199	0.536199	0.536199	0.536199	0.536199	0.536199	0.536199	0.536199	0.536199	0.536199	0.536199	0.536199	0.536199	0.536199	0.536199	0.536199	0.536199	0.536199	0.536199	0.536199	0.536199	0.536199
0.536199	0.536199	0.536199	0.536199	0.536199	0.536199	0.536199	0.536199	0.536199	0.536199	0.536199	0.536199	0.536199	0.536199	1	0.539647	0.536199	0.536199	0.536199	0.536199	0.536199	0.536199	0.536199	0.536199	0.536199	0.536199	0.536199	0.536199	0.536199	0.536199	0.536199	0.536199	0.536199	0.536199	0.536199	0.536199	0.536199	0.536199	0.536199	0.536199	0.536199	0.536199	0.536199	0.536199	0.536199	0.536199	0.536199	0.536199	0.536199	0.536199	0.536199	0.536199	0.536199	0.536199	0.536199	0.536199	0.536199	0.536199	0.536199	0.536199	0.536199	0.536199	0.536199	0.536199	0.536199	0.536199	0.536199	0.536199	0.536199	0.536199	0.536199	0.536199	0.536199	0.536199
0.536199	0.536199	0.536199	0.536199	0.536199	0.536199	0.536199	0.536199	0.536199	0.536199	0.536199	0.536199	0.536199	0.536199	0.536199	0.536199	0.536199	0.536199	0.537641	0.536199	0.536199	0.536199	0.536199	0.536199	0.536199	0.536199	0.536199	0.536199	0.536199	0.536199	0.536199	0.536199	0.536199	0.536199	0.536199	0.536199	0.536199	0.536199	0.536199	0.536199	0.536199	0.536199	0.536199	0.536199	0.536199	0.536199	0.536199	0.536199	0.536199	0.536199	0.536199	0.537641	0.536199	0.536199	0.536199	0.536199	0.536199	0.536199	0.536199	0.536199	0.536199	0.536199	0.536199	0.536199	0.536199	0.536199	0.536199	0.536199	0.536199	0.536199	0.536199	0.536199	0.536199	0.536199
0.536199	0.536199	0.536199	0.536199	0.536199	0.536199	0.536199	0.536199	0.536199	0.536199	0.536199	0.536199	0.536199	0.536199	0.536199	0.536199	0.536199	0.536199	0.537641	1	0.536199	0.536199	0.536199	0.536199	0.536199	0.536199	0.536199	0.536199	0.536199	0.536199	0.536199	0.536199	0.536199	0.536199	0.536199	0.536199	0.536199	0.536199	0.536199	0.536199	0.536199	0.536199	0.536199	0.536199	0.536199	0.536199	0.536199	0.536199	0.536199	0.536199	0.536199	0.536199	0.536199	0.536199	0.536199	0.536199	0.536199	0.536199	0.536199	0.536199	0.536199	0.536199	0.536199	0.536199	0.536199	0.536199	0.536199	0.536199	0.536199	0.536199	0.536199	0.536199	0.536199	0.536199
0.536199	0.536199	0.536199	0.536199	0.536199	0.536889	0.537641	0.536199	0.536199	0.536199	0.536199	0.536199	0.536199	0.536199	0.536199	0.536199	0.536199	0.536199	0.536199	0.536199	0.537641	0.536199	0.536199	0.536199	0.536199	0.536199	0.536199	0.536199	0.536199	0.536199	0.536199	0.536199	0.536199	0.536199	0.536199	0.536199	0.536199	0.536199	0.536199	0.536199	0.536199	0.536199	0.536199	0.536199	0.536199	0.536199	0.536199	0.536199	0.536199	0.536199	0.536199	0.536199	0.536199	0.536199	0.536199	0.536199	0.536199	0.536199	0.536199	0.536199	0.536199	0.536199	0.536199	0.536199	0.536199	0.536199	0.536199	0.536199	0.536199	0.536199	0.536199	0.536199	0.536199	0.536199
0.536199	0.536199	0.536199	0.536199	0.536199	0.536199	0.536199	0.536199	0.536199	0.536199	0.536199	0.536199	0.536199	0.536199	0.536199	0.536199	0.536199	0.536199	0.536199	0.536199	0.536199	0.536199	0.536199	0.536199	0.536199	0.536199	0.536199	0.536199	0.536199	0.536199	0.536199	0.536199	0.536199	0.536199	0.536199	0.536199	0.536199	0.536199	0.536199	0.536199	0.536199	0.536199	0.536199	0.536199	0.536199	0.536199	0.536199	0.536199	0.536199	0.536199	0.536199	0.536199	0.536199	0.536199	0.536199	0.536199	0.536199	0.536199	0.536199	0.536199	0.536199	0.536199	0.536199	0.536199	0.536199	0.536199	0.536199	0.536199	0.536199	0.536199	0.536199	0.536199	0.536199	0.536199
0.536199	0.536199	0.536199	0.536199	0.536199	0.536199	0.536199	0.536199	0.536199	0.536199	0.536199	0.536199	0.536199	0.536199	0.536199	0.536199	0.536199	0.536199	0.536199	0.536199	0.536199	0.536199	1	0.536199	0.536199	0.536199	0.536199	0.536199	0.536199	0.536199	0.536199	0.536199	0.536199	0.536199	0.536199	0.536199	0.536199	0.536199	0.536199	0.536199	0.536199	0.536199	0.536199	0.536199	0.536199	0.536199	0.536199	0.536199	0.536199	0.536199	0.536199	0.536199	0.536199	0.536199	0.536199	0.536199	0.536199	0.536199	0.536199	0.536199	0.536199	0.536199	0.536199	0.536199	0.536199	0.536199	0.536199	0.536199	0.536199	0.536199	0.536199	0.536199	0.536199	0.536199
0.536199	0.536199	0.536199	0.536199	0.536199	0.536199	0.536199	0.536199	0.536199	0.536199	0.536199	0.536199	0.536199	0.537641	0.537641	0.536199	0.536199	0.536199	0.536199	0.536199	0.536199	0.536199	0.536199	0.537641	0.536199	0.536199	0.536199	0.536199	0.536199	0.536199	0.536199	0.536199	0.536199	0.536199	0.536199	0.536199	0.536199	0.536199	0.536199	0.536199	0.536199	0.536199	0.536199	0.536199	0.536199	0.536199	0.536199	0.536199	0.536199	0.536199	0.536199	0.536199	0.536199	0.536199	0.536199	0.536199	0.536199	0.536199	0.536199	0.536199	0.536199	0.536199	0.536199	0.536199	0.536199	0.536199	0.536199	0.536199	0.536199	0.536199	0.536199	0.536199	0.536199	0.536199
