Crust moisture [-]
0.445854	0.505237	0.445554	0.378457	0.444264	0.448505	0.378457	0.444264	0.444264	0.444264	0.444264	0.444264	0.444264	0.41814	0.378457	0.378457	0.378457	0.378457	0.378457	0.378457	0.378457	0.4099	0.4099	0.4099	0.378457	0.378457	0.378457	0.378457	0.378457	0.378457	0.378457	0.378457	0.378457	0.378457	0.4099	0.4099	0.444264	0.378457	0.378457	0.378457	0.378457	0.378457	0.444264	0.4099	0.4099	0.4099	0.4099	0.4099	0.444264	0.378457	0.378457	0.378457	0.378457	0.378457	0.378457	0.444264	0.444264	0.378457	0.378457	0.378457	0.378457	0.378457	0.378457	0.4099	0.378457	0.378457	0.444264	0.378457	0.378457	0.378457	0.378457	0.378457	0.444264	0.444264
0.444264	0.444264	0.444264	0.378457	0.444264	0.444264	0.378457	0.444264	0.444264	0.444264	0.444264	0.444264	0.444264	0.418239	0.378457	0.378457	0.378457	0.378457	0.378457	0.378457	0.378457	0.4099	0.4099	0.4099	0.378457	0.378457	0.378457	0.378457	0.383264	0.378457	0.378457	0.378457	0.378457	0.378457	0.4099	0.4099	0.444264	0.378457	0.378457	0.378457	0.378457	0.378457	0.449755	0.4099	0.4099	0.4099	0.4099	0.4099	0.444264	0.378457	0.378457	0.378457	0.378457	0.378457	0.378457	0.444264	0.444264	0.378457	0.378457	0.378457	0.378457	0.378457	0.378457	0.4099	0.378457	0.378457	0.444264	0.378457	0.378457	0.378457	0.378457	0.378457	0.444264	0.444264
0.378457	0.4099	0.4099	0.4099	0.4099	0.4099	0.465878	0.444264	0.444264	0.444264	0.444264	0.444264	0.444264	0.378457	0.427795	0.378457	0.378457	0.378457	0.378457	0.444264	0.444264	0.4099	0.444264	0.444264	0.378457	0.378457	0.378457	0.378457	0.378457	0.378457	0.378457	0.378457	0.378457	0.378457	0.378457	0.378457	0.378457	0.378457	0.378457	0.378457	0.447625	0.444264	0.378457	0.378457	0.378457	0.4099	0.4099	0.4099	0.4099	0.378457	0.378457	0.378457	0.378457	0.378457	0.378457	0.444264	0.444264	0.378457	0.378457	0.378457	0.378457	0.4099	0.4099	0.378457	0.4099	0.4099	0.4099	0.378457	0.378457	0.378457	0.378457	0.378457	0.378457	0.378457
0.4099	0.4099	0.4099	0.4099	0.4099	0.4099	0.4099	0.444264	0.444264	0.444264	0.444264	0.444264	0.444264	0.385669	0.418248	0.471668	0.378457	0.378457	0.378457	0.378457	0.378457	0.444264	0.444264	0.444264	0.444264	0.378457	0.378457	0.4099	0.378457	0.378457	0.378457	0.378457	0.378457	0.378457	0.378457	0.378457	0.378457	0.378457	0.378457	0.378457	0.378457	0.378457	0.378457	0.378457	0.378457	0.378457	0.378457	0.378457	0.378457	0.378457	0.378457	0.378457	0.378457	0.378457	0.378457	0.378457	0.378457	0.378457	0.4099	0.4099	0.4099	0.44898	0.444264	0.4099	0.4099	0.4099	0.4099	0.4099	0.4099	0.4099	0.4099	0.4099	0.378457	0.378457
0.4099	0.4099	0.4099	0.4099	0.441839	0.421521	0.411933	0.445335	0.444264	0.444264	0.444264	0.444264	0.444264	0.378457	0.383297	0.500056	0.417848	0.478706	0.418702	0.378457	0.378457	0.444264	0.444264	0.444264	0.444264	0.378457	0.378457	0.4099	0.378457	0.378457	0.49765	0.378457	0.378457	0.378457	0.378457	0.378457	0.378457	0.378457	0.378457	0.378457	0.378457	0.378457	0.378457	0.378457	0.378457	0.378457	0.378457	0.378457	0.378457	0.378457	0.378457	0.378457	0.378457	0.378457	0.378457	0.378457	0.378457	0.378457	0.4099	0.4099	0.4099	0.444264	0.448788	0.4099	0.431821	0.409936	0.4099	0.4099	0.4099	0.4099	0.4099	0.4099	0.378457	0.378457
0.482455	0.44917	0.457666	0.409908	0.4099	0.411368	0.4099	0.4099	0.4099	0.378457	0.378457	0.378457	0.444264	0.378457	0.378457	0.378457	0.431959	0.378457	0.378457	0.407928	0.378457	0.378457	0.4099	0.4099	0.444264	0.444264	0.444264	0.444264	0.444264	0.444264	0.378457	0.378457	0.378457	0.765869	0.378457	0.378457	0.378457	0.4099	0.4099	0.4099	0.378457	0.378457	0.378457	0.378457	0.378457	0.378457	0.4099	0.446575	0.413991	0.378457	0.378457	0.378457	0.4099	0.4099	0.4099	0.378457	0.378457	0.378457	0.378457	0.378457	0.4099	0.445728	0.505187	0.509089	0.4099	0.4099	0.4099	0.4099	0.4099	0.4099	0.4099	0.4099	0.4099	0.4099
0.444264	0.452231	0.457537	0.4099	0.444264	0.444264	0.4099	0.4099	0.4099	0.4099	0.471899	0.4099	0.4099	0.444264	0.444264	0.473137	0.444264	0.444264	0.378457	0.4099	0.4099	0.4099	0.378457	0.378457	0.378457	0.444264	0.444264	0.444264	0.444264	0.444264	0.444264	0.444264	0.444264	0.4099	0.4099	0.471774	0.432793	0.4099	0.4099	0.4099	0.460377	0.466265	0.378457	0.378457	0.378457	0.470486	0.451099	0.4099	0.4099	0.457334	0.4099	0.4099	0.4099	0.4099	0.4099	0.436637	0.4099	0.378457	0.378457	0.378457	0.490147	0.5003	0.450177	0.4099	0.4099	0.4099	0.4099	0.4099	0.4099	0.4099	0.4099	0.4099	0.378457	0.378457
0.444264	0.504095	0.476133	0.411334	0.444264	0.444264	0.4099	0.4099	0.4099	0.4099	0.436764	0.4099	0.4099	0.444264	0.444264	0.473126	0.444264	0.444264	0.378457	0.4099	0.4099	0.4099	0.378457	0.378457	0.378457	0.444264	0.444264	0.444264	0.444264	0.444264	0.444264	0.444264	0.444264	0.4099	0.4099	0.4099	0.4099	0.41519	0.603015	0.4099	0.496576	0.444264	0.378457	0.418303	0.417882	0.4099	0.4099	0.4099	0.4099	0.4099	0.469959	0.449516	0.470151	0.491347	0.423517	0.4099	0.410945	0.383702	0.378457	0.378457	0.444264	0.444264	0.444264	0.4099	0.4099	0.4099	0.4099	0.4099	0.4099	0.4099	0.4099	0.4099	0.378457	0.378457
0.429827	0.413307	0.4099	0.414046	0.458412	0.446384	0.4099	0.449855	0.444264	0.444264	0.43418	0.4099	0.4099	0.4099	0.4099	0.454612	0.444264	0.444264	0.444264	0.4099	0.4099	0.473356	0.378457	0.378457	0.378457	0.378457	0.378457	0.378457	0.444264	0.444264	0.444264	0.444264	0.444264	0.444264	0.4099	0.4099	0.4099	0.378457	0.378457	0.4099	0.4099	0.430463	0.89238	0.378457	0.378457	0.378457	0.4099	0.4099	0.444264	0.444264	0.444264	0.444264	0.444286	0.448902	0.538872	0.593398	0.473844	0.4099	0.378457	0.378457	0.378457	0.444264	0.444264	0.4099	0.4099	0.4099	0.4099	0.4099	0.4099	0.4099	0.4099	0.4099	0.378457	0.378457
0.474311	0.411933	0.4099	0.444264	0.4099	0.4099	0.450351	0.4099	0.4099	0.4099	0.434012	0.4099	0.4099	0.4099	0.4099	0.4099	0.41539	0.4099	0.444264	0.4099	0.4099	0.474783	0.4099	0.470949	0.378457	0.378457	0.378457	0.378457	0.444264	0.444264	0.444264	0.447974	0.444264	0.444264	0.444264	0.444264	0.444264	0.444264	0.444264	0.378457	0.4099	0.4099	0.378457	0.378457	0.378457	0.378457	0.4099	0.4099	0.444264	0.444264	0.444264	0.444264	0.444264	0.444264	0.448638	0.4099	0.439098	0.4099	0.4099	0.4099	0.4099	0.4099	0.4099	0.4099	0.4099	0.432991	0.418028	0.4099	0.4099	0.4099	0.378457	0.378457	0.378457	0.378457
0.471925	0.4099	0.4099	0.449562	0.4099	0.4099	0.453267	0.4099	0.423988	0.467872	0.4099	0.4099	0.4099	0.4099	0.4099	0.4099	0.4099	0.4099	0.444264	0.4099	0.413353	0.474328	0.4099	0.4099	0.417723	0.378457	0.378457	0.378457	0.444264	0.444264	0.454233	0.444264	0.444264	0.444264	0.444286	0.444264	0.444264	0.444264	0.444264	0.378457	0.4099	0.4099	0.378457	0.378457	0.378457	0.378457	0.4099	0.4099	0.444264	0.444264	0.444264	0.444264	0.444264	0.444264	0.444264	0.4099	0.4099	0.460831	0.4099	0.4099	0.4099	0.4099	0.440969	0.441643	0.441408	0.4099	0.4099	0.4099	0.4099	0.4099	0.378457	0.378457	0.378457	0.378457
0.4099	0.449021	0.452427	0.4099	0.4099	0.4099	0.4099	0.4099	0.4099	0.444264	0.451412	0.4099	0.4099	0.4099	0.4099	0.4099	0.4099	0.441475	0.541832	0.504867	0.444264	0.378457	0.4099	0.4099	0.4099	0.472825	0.444264	0.444264	0.463158	0.444264	0.47456	0.444264	0.444264	0.444264	0.44445	0.444264	0.444264	0.444264	0.444264	0.444264	0.444264	0.448638	0.380093	0.597067	0.378457	0.378457	0.444264	0.444264	0.444264	0.444264	0.444264	0.444264	0.444264	0.444264	0.444264	0.444264	0.447555	0.4099	0.4099	0.4099	0.474603	0.42952	0.4099	0.4099	0.4099	0.4099	0.4099	0.4099	0.4099	0.4099	0.4099	0.4099	0.378457	0.378457
0.4099	0.445496	0.454745	0.4099	0.444264	0.444264	0.450544	0.447565	0.453041	0.473222	0.443522	0.4099	0.4099	0.4099	0.4099	0.4099	0.4099	0.4099	0.45171	0.439447	0.411221	0.378457	0.4099	0.4099	0.4099	0.4099	0.470371	0.4099	0.4099	0.4099	0.411485	0.444264	0.444264	0.444264	0.444264	0.444264	0.444264	0.444264	0.444264	0.444264	0.4099	0.4099	0.4099	0.419581	0.378457	0.378457	0.444264	0.444264	0.444264	0.444264	0.444264	0.444264	0.444264	0.444264	0.444264	0.444264	0.444264	0.451175	0.4099	0.478738	0.4099	0.4099	0.4099	0.4099	0.4099	0.4099	0.4099	0.378457	0.378457	0.448544	0.4099	0.4099	0.444264	0.444264
0.417846	0.444264	0.448885	0.4099	0.444264	0.444264	0.446457	0.449519	0.454812	0.473901	0.4099	0.4099	0.4099	0.4099	0.4099	0.4099	0.4099	0.4099	0.511031	0.414383	0.4099	0.382541	0.41025	0.4121	0.4099	0.4099	0.443363	0.4099	0.4099	0.4099	0.4099	0.469781	0.444264	0.444264	0.444264	0.444264	0.445257	0.444264	0.444264	0.444264	0.4099	0.4099	0.4099	0.378457	0.378457	0.378457	0.444264	0.444264	0.444264	0.444264	0.444264	0.444264	0.444264	0.444264	0.444264	0.444264	0.444264	0.444264	0.4099	0.4099	0.4099	0.4099	0.409942	0.441459	0.4099	0.4099	0.4099	0.378457	0.378457	0.474027	0.4099	0.4099	0.444264	0.444264
0.416766	0.4099	0.4099	0.460124	0.462116	0.452313	0.444264	0.457822	0.474449	0.474814	0.4099	0.4099	0.438312	0.4099	0.4099	0.473749	0.4099	0.440504	0.4099	0.4099	0.418873	0.444264	0.378457	0.378457	0.378457	0.4099	0.4099	0.435264	0.4099	0.4099	0.4099	0.444776	0.444264	0.444264	0.444264	0.444264	0.444264	0.445999	0.444264	0.444264	0.444264	0.444264	0.444264	0.378457	0.378457	0.378457	0.378457	0.378457	0.4099	0.444264	0.444264	0.444264	0.444264	0.444264	0.444264	0.444264	0.444264	0.444424	0.444264	0.44572	0.4099	0.4099	0.4099	0.4099	0.411537	0.4099	0.4099	0.378457	0.378457	0.444264	0.444264	0.444264	0.444264	0.444264
0.431782	0.4099	0.4099	0.4099	0.4099	0.4099	0.4099	0.444264	0.500312	0.4099	0.4099	0.4099	0.4099	0.468943	0.414543	0.4099	0.4099	0.441643	0.4099	0.444264	0.503889	0.378457	0.378457	0.378457	0.378457	0.4099	0.4099	0.4099	0.435405	0.4099	0.4099	0.452313	0.446983	0.447944	0.462892	0.444264	0.444772	0.444264	0.444264	0.444264	0.444264	0.444264	0.444264	0.4099	0.4099	0.378457	0.378457	0.378457	0.378457	0.4099	0.4099	0.4099	0.4099	0.4099	0.4099	0.444264	0.444264	0.444264	0.444272	0.444264	0.451188	0.4099	0.4099	0.4099	0.4099	0.4099	0.4099	0.498266	0.444264	0.444264	0.444264	0.444264	0.444264	0.444264
0.4099	0.4099	0.4099	0.4099	0.4099	0.4099	0.4099	0.444264	0.500989	0.4099	0.4099	0.420855	0.4099	0.481251	0.4099	0.409908	0.414068	0.4099	0.4099	0.444264	0.444264	0.378457	0.378457	0.378457	0.378457	0.4099	0.4099	0.4099	0.4099	0.441449	0.4099	0.452656	0.452098	0.474289	0.444264	0.445897	0.444264	0.445104	0.444264	0.444264	0.444264	0.444264	0.444264	0.4099	0.4099	0.552188	0.378457	0.378457	0.378457	0.4099	0.4099	0.4099	0.4099	0.4099	0.4099	0.444468	0.444264	0.444264	0.444264	0.444333	0.444264	0.4099	0.4099	0.4099	0.4099	0.4099	0.4099	0.450762	0.503858	0.444264	0.444264	0.444264	0.444264	0.444264
0.453112	0.4099	0.4099	0.4099	0.451996	0.444264	0.444264	0.4099	0.4099	0.476366	0.4099	0.4099	0.4099	0.473561	0.570619	0.4099	0.4099	0.4099	0.4099	0.4099	0.4099	0.4099	0.4099	0.4099	0.4099	0.378457	0.378457	0.4099	0.4099	0.441643	0.4099	0.4099	0.4099	0.475472	0.453435	0.444264	0.444264	0.444264	0.447097	0.444264	0.444264	0.444264	0.444264	0.444264	0.444264	0.378457	0.378457	0.378457	0.378457	0.378457	0.378457	0.4099	0.378457	0.378457	0.4099	0.444264	0.444447	0.444264	0.444264	0.444264	0.444438	0.444264	0.444264	0.444264	0.444819	0.44886	0.470327	0.473257	0.46695	0.44592	0.4099	0.4099	0.4099	0.4099
0.466919	0.451701	0.451192	0.474022	0.4099	0.4099	0.444264	0.444264	0.444264	0.4099	0.4099	0.4099	0.470738	0.4099	0.4099	0.445632	0.4099	0.4099	0.414937	0.4099	0.4099	0.4099	0.4099	0.4099	0.4099	0.4099	0.4099	0.4099	0.4099	0.440908	0.444264	0.4099	0.4099	0.4099	0.444264	0.444264	0.444264	0.447996	0.444264	0.444264	0.444264	0.444264	0.444264	0.444264	0.444264	0.378457	0.378457	0.378457	0.378457	0.378457	0.378457	0.378457	0.378457	0.378457	0.4099	0.444264	0.444264	0.444569	0.444264	0.444264	0.445303	0.444264	0.444264	0.444264	0.444264	0.444291	0.458909	0.4099	0.4099	0.4099	0.4099	0.4099	0.4099	0.4099
0.475042	0.457141	0.454407	0.454266	0.4099	0.4099	0.444264	0.444264	0.446276	0.4099	0.4099	0.4099	0.449516	0.4099	0.4099	0.4099	0.441643	0.4099	0.4099	0.4099	0.4099	0.4099	0.4099	0.4099	0.4099	0.4099	0.4099	0.441207	0.4099	0.416038	0.451355	0.4099	0.4099	0.410625	0.444264	0.444264	0.450067	0.444264	0.444264	0.444264	0.444904	0.444264	0.444264	0.444264	0.444264	0.784178	0.378457	0.378457	0.378457	0.378457	0.378457	0.378457	0.378457	0.378457	0.4099	0.445563	0.444264	0.444264	0.445795	0.444264	0.445975	0.444264	0.444264	0.444264	0.444264	0.444264	0.446335	0.4099	0.4099	0.4099	0.4099	0.4099	0.4099	0.4099
0.474871	0.4099	0.4099	0.4099	0.4099	0.4099	0.467493	0.449855	0.451327	0.4099	0.445192	0.444264	0.4099	0.4099	0.4099	0.4099	0.4099	0.441643	0.4099	0.467615	0.473933	0.4099	0.4099	0.4099	0.4099	0.4099	0.4099	0.441036	0.411818	0.4099	0.444264	0.4099	0.4099	0.4099	0.490219	0.4099	0.444264	0.444264	0.444264	0.445179	0.444264	0.444264	0.444264	0.444264	0.448311	0.4099	0.378457	0.378457	0.378457	0.378457	0.378457	0.378457	0.378457	0.378457	0.378457	0.444264	0.448662	0.444264	0.444264	0.451529	0.452098	0.444264	0.444264	0.444264	0.444264	0.444264	0.444264	0.448851	0.471259	0.473655	0.4099	0.4099	0.4099	0.4099
0.471755	0.4099	0.4099	0.45029	0.449072	0.448914	0.467927	0.4099	0.4099	0.459633	0.444264	0.446314	0.444264	0.444264	0.444264	0.4099	0.434157	0.409946	0.4099	0.4099	0.4099	0.4099	0.4099	0.4099	0.4099	0.4099	0.4099	0.4099	0.504963	0.444264	0.445284	0.444552	0.444264	0.4099	0.461113	0.444264	0.444264	0.444264	0.448761	0.444264	0.444264	0.444264	0.444264	0.4099	0.4099	0.378457	0.378457	0.378457	0.378457	0.378457	0.378457	0.378457	0.378457	0.378457	0.378457	0.4099	0.4099	0.4099	0.4099	0.4099	0.444264	0.444264	0.444264	0.444264	0.444264	0.444264	0.444264	0.444264	0.461194	0.4099	0.4099	0.4099	0.378457	0.378457
0.471952	0.4099	0.4099	0.451104	0.45883	0.456239	0.45624	0.4099	0.4099	0.466647	0.456613	0.444264	0.448923	0.444264	0.444264	0.441099	0.4099	0.4099	0.4099	0.4099	0.4099	0.4099	0.4099	0.4099	0.4099	0.415561	0.4099	0.4099	0.476115	0.445402	0.444332	0.444309	0.444264	0.4099	0.474008	0.444264	0.444264	0.450012	0.444264	0.444264	0.444264	0.444264	0.444264	0.4099	0.4099	0.378457	0.777612	0.378457	0.378457	0.378457	0.378457	0.378457	0.378457	0.378457	0.378457	0.4099	0.4099	0.4099	0.4099	0.4099	0.444264	0.444264	0.444264	0.444264	0.444264	0.444264	0.444264	0.444264	0.444264	0.4099	0.4099	0.4099	0.378457	0.378457
0.4099	0.444641	0.445154	0.448742	0.461145	0.474066	0.473731	0.473763	0.474168	0.456557	0.4099	0.4099	0.444264	0.4099	0.4099	0.426456	0.4099	0.4099	0.4099	0.4099	0.4099	0.4099	0.4099	0.4099	0.4099	0.4099	0.4099	0.4099	0.450532	0.444688	0.444599	0.444264	0.444264	0.444264	0.4099	0.4099	0.4099	0.444264	0.444264	0.444264	0.444264	0.444264	0.444264	0.444264	0.444264	0.444264	0.418205	0.378457	0.378457	0.378457	0.378457	0.378457	0.378457	0.378457	0.378457	0.378457	0.378457	0.4099	0.444264	0.444264	0.444264	0.444264	0.444264	0.444264	0.444264	0.444264	0.444264	0.444264	0.444264	0.444264	0.4099	0.4099	0.4099	0.4099
0.455423	0.44672	0.445032	0.447506	0.459486	0.474363	0.4099	0.4099	0.4099	0.4099	0.4099	0.4099	0.4099	0.4099	0.4099	0.4099	0.4099	0.4099	0.4099	0.4099	0.4099	0.4099	0.4099	0.4099	0.4099	0.4099	0.4099	0.462028	0.444643	0.444355	0.444486	0.444277	0.444264	0.4099	0.4099	0.520772	0.444264	0.444264	0.444264	0.444264	0.444264	0.444264	0.444264	0.444264	0.444264	0.378457	0.378457	0.378457	0.378457	0.378457	0.378457	0.378457	0.378457	0.378457	0.378457	0.378457	0.378457	0.378457	0.444264	0.458178	0.444264	0.444264	0.444264	0.444264	0.444264	0.444264	0.444264	0.444264	0.444264	0.444264	0.444264	0.444264	0.444264	0.444264
0.46091	0.447876	0.452588	0.446372	0.451641	0.474024	0.4099	0.4099	0.4099	0.4099	0.4099	0.4099	0.4099	0.4099	0.4099	0.4099	0.414212	0.4099	0.4099	0.4099	0.4099	0.4099	0.4099	0.4099	0.4099	0.4099	0.4099	0.446393	0.444973	0.444448	0.444283	0.44427	0.444264	0.4099	0.4099	0.4099	0.444264	0.444264	0.444264	0.444264	0.444264	0.444264	0.444264	0.444264	0.444264	0.378457	0.378457	0.418376	0.378457	0.378457	0.378457	0.378457	0.378457	0.378457	0.378457	0.378457	0.378457	0.378457	0.444264	0.448712	0.444264	0.444264	0.444264	0.444264	0.444264	0.444264	0.444264	0.444264	0.444264	0.444264	0.444264	0.444264	0.444264	0.444264
0.473785	0.448466	0.453375	0.4099	0.44896	0.464446	0.4099	0.4099	0.4099	0.4099	0.4099	0.4099	0.4099	0.4099	0.4099	0.4099	0.4099	0.4099	0.4099	0.4099	0.4099	0.4099	0.4099	0.4099	0.4099	0.473682	0.448115	0.445421	0.444449	0.444279	0.444399	0.444376	0.444264	0.462362	0.4099	0.4099	0.444264	0.444264	0.444264	0.444264	0.444264	0.44455	0.444264	0.444631	0.444337	0.444264	0.378457	0.378457	0.378457	0.378457	0.378457	0.378457	0.378457	0.378457	0.378457	0.378457	0.378457	0.4099	0.444264	0.445731	0.444264	0.4099	0.4099	0.4099	0.444264	0.444264	0.444264	0.444264	0.444264	0.444264	0.444264	0.444264	0.444264	0.444264
0.4099	0.445942	0.456963	0.4099	0.446036	0.456091	0.4099	0.4099	0.4099	0.4099	0.4099	0.4099	0.4099	0.4099	0.4099	0.4099	0.4099	0.4099	0.4099	0.4099	0.4099	0.474939	0.4099	0.4099	0.4099	0.462619	0.44784	0.4448	0.445183	0.444769	0.444274	0.444264	0.444264	0.4099	0.454455	0.444264	0.444264	0.444264	0.444264	0.444264	0.444264	0.444744	0.444526	0.444264	0.444457	0.444264	0.444264	0.444264	0.4099	0.378457	0.378457	0.378457	0.378457	0.378457	0.4099	0.4099	0.4099	0.4099	0.4099	0.4099	0.378457	0.378457	0.378457	0.378457	0.444264	0.444264	0.444264	0.444264	0.444264	0.444264	0.444264	0.444264	0.444264	0.444264
0.4099	0.444264	0.449336	0.4099	0.448951	0.448841	0.4099	0.4099	0.4099	0.4099	0.4099	0.4099	0.4099	0.4099	0.4099	0.4099	0.4099	0.4099	0.4099	0.4099	0.4099	0.474554	0.4099	0.4099	0.4099	0.45586	0.445556	0.444569	0.445392	0.444513	0.444264	0.444264	0.444264	0.4099	0.444264	0.444264	0.444264	0.444822	0.446079	0.444264	0.444264	0.444605	0.444264	0.444264	0.444299	0.444264	0.444264	0.444264	0.4099	0.378457	0.378457	0.378457	0.378457	0.378457	0.4099	0.4099	0.4099	0.4099	0.4099	0.4099	0.378457	0.378457	0.378457	0.378457	0.444264	0.444264	0.444264	0.444264	0.444264	0.444264	0.444264	0.444264	0.444264	0.444264
0.4099	0.444264	0.444264	0.4099	0.4099	0.4099	0.4099	0.4099	0.4099	0.4099	0.4099	0.4099	0.4099	0.4099	0.4099	0.4099	0.4099	0.4099	0.4099	0.4099	0.4099	0.4099	0.4099	0.4099	0.4099	0.446875	0.446065	0.446332	0.4454	0.444264	0.444264	0.446257	0.444269	0.444264	0.444264	0.444264	0.444264	0.444264	0.444264	0.44433	0.444405	0.444264	0.444264	0.444264	0.444551	0.444547	0.444264	0.444264	0.444264	0.872119	0.378457	0.378457	0.378457	0.378457	0.4099	0.4099	0.4099	0.4099	0.378457	0.378457	0.378457	0.378457	0.378457	0.378457	0.378457	0.378457	0.444264	0.444264	0.444264	0.444264	0.444264	0.444264	0.444264	0.444264
0.4099	0.378457	0.378457	0.378457	0.378457	0.378457	0.4099	0.4099	0.4099	0.4099	0.4099	0.4099	0.4099	0.4099	0.4099	0.4099	0.4099	0.4099	0.4099	0.4099	0.4099	0.449292	0.444264	0.447357	0.453211	0.448495	0.451167	0.445135	0.444264	0.444264	0.450565	0.444382	0.444264	0.444264	0.444264	0.444353	0.445015	0.444264	0.444702	0.444879	0.444264	0.444264	0.444264	0.444274	0.44459	0.444475	0.444264	0.444264	0.444264	0.378457	0.417748	0.378457	0.378457	0.378457	0.378457	0.4099	0.4099	0.378457	0.378457	0.378457	0.4099	0.378457	0.378457	0.378457	0.444264	0.444264	0.444264	0.444264	0.444264	0.444264	0.444264	0.444264	0.444264	0.444264
0.4099	0.378457	0.378457	0.378457	0.378457	0.378457	0.4099	0.4099	0.4099	0.4099	0.4099	0.4099	0.4099	0.4099	0.4099	0.4099	0.4099	0.4099	0.4099	0.4099	0.4099	0.444264	0.449292	0.469473	0.462794	0.472401	0.449057	0.444264	0.444264	0.449054	0.444458	0.444264	0.444264	0.444264	0.444264	0.444264	0.444264	0.444552	0.445311	0.444264	0.444264	0.444264	0.444264	0.444393	0.444264	0.446758	0.444264	0.444264	0.444264	0.378457	0.428565	0.378457	0.378457	0.378457	0.378457	0.4099	0.4099	0.383414	0.378457	0.378457	0.4099	0.378457	0.378457	0.378457	0.444264	0.444264	0.444264	0.444264	0.444264	0.444264	0.444264	0.444264	0.444264	0.444264
0.378457	0.378457	0.378457	0.378457	0.378457	0.378457	0.378457	0.378457	0.378457	0.378457	0.4099	0.4099	0.4099	0.4099	0.4099	0.4099	0.4099	0.4099	0.4099	0.4099	0.4099	0.4099	0.4099	0.4099	0.4099	0.462794	0.444264	0.444264	0.460552	0.444276	0.444264	0.444264	0.444264	0.444268	0.444264	0.444264	0.444264	0.444336	0.445797	0.444264	0.444264	0.444264	0.444364	0.444264	0.444415	0.44759	0.444264	0.444264	0.444264	0.444264	0.444264	0.475016	0.4099	0.4099	0.378457	0.378457	0.378457	0.378457	0.378457	0.378457	0.378457	0.378457	0.378457	0.378457	0.378457	0.378457	0.378457	0.444264	0.444264	0.444264	0.444264	0.444264	0.444264	0.444264
0.378457	0.378457	0.378457	0.378457	0.378457	0.378457	0.378457	0.378457	0.378457	0.378457	0.4099	0.4099	0.4099	0.4099	0.4099	0.4099	0.4099	0.4099	0.4099	0.4099	0.4099	0.4099	0.4099	0.4099	0.4099	0.444264	0.444264	0.468019	0.444759	0.444264	0.444264	0.444264	0.444469	0.444714	0.444924	0.44546	0.444264	0.444333	0.445493	0.444264	0.444264	0.444485	0.444264	0.444595	0.444899	0.444264	0.444264	0.444264	0.444264	0.444264	0.444264	0.4099	0.44264	0.4099	0.378457	0.378457	0.378457	0.378457	0.4099	0.4099	0.4099	0.4099	0.4099	0.378457	0.4099	0.4099	0.378457	0.444264	0.444264	0.444264	0.444264	0.444264	0.4099	0.4099
0.378457	0.378457	0.378457	0.378457	0.378457	0.378457	0.378457	0.378457	0.378457	0.378457	0.4099	0.4099	0.4099	0.4099	0.4099	0.4099	0.4099	0.4099	0.4099	0.4099	0.409932	0.430347	0.4099	0.4099	0.4099	0.503063	0.475839	0.444398	0.444264	0.444264	0.444264	0.444288	0.444264	0.444307	0.44431	0.444636	0.444551	0.444363	0.445097	0.444921	0.444809	0.444264	0.444918	0.445818	0.444264	0.444264	0.444264	0.444264	0.444264	0.444264	0.444264	0.4099	0.4099	0.417721	0.383937	0.378457	0.378457	0.378457	0.4099	0.4099	0.4099	0.4099	0.4099	0.378457	0.4099	0.4099	0.378457	0.444264	0.444264	0.444264	0.444264	0.447776	0.4099	0.4099
0.378457	0.378457	0.378457	0.378457	0.378457	0.378457	0.378457	0.378457	0.378457	0.4099	0.4099	0.4099	0.4099	0.4099	0.4099	0.4099	0.4099	0.4099	0.4099	0.474093	0.446985	0.446135	0.507635	0.502433	0.473677	0.453014	0.447823	0.444264	0.444264	0.444264	0.444353	0.444569	0.444379	0.444264	0.444264	0.444266	0.444616	0.444267	0.444264	0.444434	0.444264	0.445356	0.446504	0.444264	0.444264	0.444264	0.444264	0.444264	0.444264	0.444264	0.444264	0.444264	0.4099	0.4099	0.864521	0.4099	0.4099	0.4099	0.4099	0.4099	0.4099	0.4099	0.4099	0.4099	0.4099	0.4099	0.378457	0.378457	0.378457	0.444264	0.4099	0.4099	0.378457	0.378457
0.378457	0.378457	0.378457	0.378457	0.378457	0.378457	0.378457	0.378457	0.378457	0.378457	0.4099	0.4099	0.4099	0.4099	0.4099	0.444264	0.4099	0.4099	0.4099	0.449516	0.4468	0.444264	0.4099	0.4099	0.462802	0.451347	0.449001	0.444264	0.444264	0.444648	0.44442	0.44465	0.445912	0.444735	0.444275	0.444345	0.444486	0.44453	0.445454	0.444264	0.444859	0.446612	0.445615	0.444741	0.444264	0.444264	0.444264	0.444264	0.444266	0.444264	0.444264	0.444264	0.444264	0.444264	0.444264	0.441637	0.4099	0.4099	0.4099	0.4099	0.4099	0.378457	0.378457	0.4099	0.378457	0.378457	0.444264	0.378457	0.378457	0.378457	0.4099	0.4099	0.4099	0.4099
0.378457	0.378457	0.378457	0.378457	0.378457	0.378457	0.378457	0.378457	0.378457	0.378457	0.4099	0.4099	0.4099	0.4099	0.4099	0.444264	0.4099	0.4099	0.4099	0.448762	0.444264	0.450545	0.4099	0.4099	0.451047	0.456853	0.462669	0.453304	0.447013	0.444808	0.445298	0.445362	0.445489	0.44531	0.444538	0.444265	0.444264	0.444264	0.444701	0.445953	0.446069	0.444593	0.444264	0.444264	0.452451	0.444264	0.444264	0.444264	0.444264	0.444264	0.444264	0.444264	0.444264	0.444264	0.444264	0.419744	0.44124	0.4099	0.4099	0.4099	0.4099	0.378457	0.378457	0.4099	0.378457	0.378457	0.444264	0.378457	0.378457	0.378457	0.4099	0.4099	0.4099	0.4099
0.378457	0.378457	0.378457	0.378457	0.378457	0.378457	0.378457	0.378457	0.378457	0.378457	0.444264	0.444264	0.4099	0.4099	0.4099	0.4099	0.444264	0.444264	0.4099	0.444264	0.45614	0.466358	0.468103	0.467615	0.466082	0.4734	0.456444	0.451435	0.447181	0.445759	0.446457	0.444837	0.445971	0.44555	0.445095	0.444669	0.444798	0.444349	0.452313	0.46415	0.446612	0.444264	0.444264	0.444264	0.444264	0.455319	0.444264	0.444264	0.444264	0.444264	0.444264	0.444354	0.444264	0.444264	0.444264	0.4099	0.4099	0.4099	0.378457	0.378457	0.378457	0.378457	0.378457	0.4099	0.4099	0.4099	0.378457	0.378457	0.378457	0.378457	0.378457	0.378457	0.378457	0.378457
0.378457	0.378457	0.378457	0.378457	0.378457	0.378457	0.378457	0.378457	0.378457	0.378457	0.378457	0.378457	0.378457	0.4099	0.4099	0.4099	0.378457	0.378457	0.444264	0.4099	0.4099	0.4099	0.4099	0.4099	0.4099	0.466173	0.45214	0.448121	0.449871	0.458937	0.44726	0.446766	0.446931	0.445863	0.445385	0.445262	0.446095	0.4099	0.4099	0.452204	0.444264	0.444264	0.444264	0.444264	0.471053	0.444264	0.445277	0.449134	0.444264	0.444264	0.444264	0.444264	0.444264	0.444264	0.444264	0.444264	0.444264	0.653314	0.4099	0.4099	0.4099	0.378457	0.378457	0.378457	0.378457	0.378457	0.378457	0.378457	0.378457	0.378457	0.444264	0.444264	0.378457	0.378457
0.378457	0.378457	0.378457	0.378457	0.378457	0.378457	0.378457	0.378457	0.378457	0.378457	0.378457	0.378457	0.378457	0.4099	0.4099	0.4099	0.378457	0.378457	0.444264	0.4099	0.4099	0.4099	0.4099	0.4099	0.4099	0.466847	0.449808	0.452592	0.474195	0.456537	0.461535	0.452157	0.445789	0.444914	0.446657	0.447713	0.444264	0.4099	0.4099	0.444264	0.444264	0.444264	0.444264	0.462734	0.444264	0.444354	0.444264	0.446478	0.444264	0.444556	0.444264	0.444264	0.444264	0.444585	0.444264	0.444264	0.444264	0.4099	0.43014	0.4099	0.4099	0.378457	0.378457	0.378457	0.378457	0.383737	0.378457	0.378457	0.378457	0.378457	0.444264	0.444264	0.378457	0.378457
0.378457	0.378457	0.378457	0.378457	0.378457	0.378457	0.378457	0.378457	0.378457	0.378457	0.378457	0.378457	0.378457	0.4099	0.4099	0.4099	0.4099	0.4099	0.378457	0.444264	0.444264	0.378457	0.378457	0.378457	0.444264	0.456903	0.46655	0.4099	0.466265	0.473975	0.470738	0.456772	0.449134	0.444264	0.489552	0.444264	0.413228	0.503227	0.478416	0.473339	0.482102	0.474307	0.471797	0.444264	0.444412	0.444264	0.444264	0.444419	0.444264	0.444264	0.444477	0.444264	0.444264	0.444893	0.444264	0.444264	0.444264	0.444264	0.444264	0.444264	0.498263	0.378457	0.378457	0.378457	0.378457	0.378457	0.382281	0.378457	0.378457	0.378457	0.378457	0.378457	0.444264	0.444264
0.378457	0.378457	0.378457	0.378457	0.378457	0.378457	0.378457	0.378457	0.378457	0.378457	0.378457	0.378457	0.378457	0.4099	0.4099	0.4099	0.4099	0.4099	0.4099	0.444264	0.444264	0.444264	0.378457	0.378457	0.444264	0.4099	0.4099	0.4099	0.4099	0.4099	0.466847	0.453675	0.451208	0.460029	0.444264	0.444264	0.473137	0.449495	0.444264	0.471357	0.444264	0.44567	0.444264	0.444718	0.444264	0.444264	0.444264	0.444264	0.444264	0.444264	0.444588	0.444264	0.444367	0.444264	0.444264	0.444264	0.444264	0.444264	0.444264	0.444264	0.444264	0.378457	0.378457	0.378457	0.378457	0.378457	0.378457	0.378457	0.378457	0.378457	0.378457	0.378457	0.4099	0.4099
0.378457	0.378457	0.378457	0.378457	0.378457	0.378457	0.378457	0.378457	0.378457	0.378457	0.378457	0.378457	0.378457	0.4099	0.4099	0.4099	0.4099	0.4099	0.4099	0.444264	0.444264	0.444264	0.378457	0.378457	0.444264	0.4099	0.4099	0.4099	0.4099	0.4099	0.467159	0.452668	0.474002	0.473955	0.444264	0.444264	0.462619	0.444264	0.500964	0.444264	0.445906	0.444264	0.444264	0.444264	0.445301	0.444318	0.444264	0.444264	0.444264	0.444264	0.444264	0.445513	0.444264	0.444264	0.444264	0.444264	0.444264	0.444264	0.444264	0.444264	0.444264	0.378457	0.887261	0.378457	0.378457	0.378457	0.378457	0.378457	0.378457	0.378457	0.378457	0.378457	0.4099	0.4099
0.4099	0.4099	0.4099	0.378457	0.378457	0.378457	0.378457	0.378457	0.378457	0.378457	0.378457	0.378457	0.378457	0.4099	0.4099	0.4099	0.4099	0.4099	0.4099	0.4099	0.4099	0.444264	0.444264	0.444264	0.378457	0.4099	0.4099	0.4099	0.4099	0.4099	0.473472	0.4099	0.4099	0.4099	0.444264	0.444264	0.444264	0.444264	0.444264	0.444264	0.378457	0.378457	0.444264	0.444264	0.445781	0.444264	0.449479	0.444264	0.444278	0.444264	0.444447	0.444264	0.444264	0.444264	0.444264	0.444264	0.444264	0.444264	0.444264	0.444264	0.444264	0.378457	0.412663	0.378457	0.378457	0.378457	0.378457	0.378457	0.378457	0.378457	0.378457	0.378457	0.378457	0.378457
0.378457	0.444264	0.444264	0.378457	0.378457	0.378488	0.378457	0.378457	0.378457	0.378457	0.378457	0.378457	0.378457	0.378457	0.378457	0.4099	0.4099	0.4099	0.4099	0.4099	0.4099	0.378457	0.378457	0.378457	0.378457	0.444264	0.444264	0.4099	0.4099	0.4099	0.4099	0.4099	0.4099	0.4099	0.378457	0.378457	0.446614	0.444264	0.444264	0.450717	0.444264	0.444264	0.444264	0.446103	0.444264	0.445417	0.444264	0.44483	0.444264	0.446458	0.444264	0.444264	0.444264	0.444264	0.444264	0.444264	0.444264	0.444264	0.444264	0.444264	0.444264	0.444264	0.444264	0.378457	0.378457	0.378457	0.378457	0.378457	0.378457	0.378457	0.378457	0.378457	0.378457	0.378457
0.418303	0.444264	0.444264	0.378457	0.383848	0.378457	0.378457	0.378457	0.378457	0.378457	0.378457	0.378457	0.378457	0.378457	0.378457	0.4099	0.4099	0.4099	0.4099	0.4099	0.4099	0.378457	0.378457	0.378457	0.378457	0.444264	0.444264	0.4099	0.4099	0.4099	0.4099	0.4099	0.4099	0.4099	0.378457	0.378457	0.448581	0.444264	0.444264	0.474566	0.444264	0.444264	0.451355	0.444264	0.444303	0.444264	0.444264	0.444264	0.444465	0.446197	0.444264	0.444264	0.444264	0.444264	0.445495	0.444264	0.444264	0.444264	0.444264	0.446469	0.444264	0.444264	0.444264	0.378457	0.378457	0.378457	0.378457	0.378457	0.378457	0.378457	0.378457	0.378457	0.378457	0.378457
0.378457	0.417754	0.418647	0.431332	0.378457	0.378457	0.378457	0.378457	0.378457	0.378457	0.378457	0.378457	0.378457	0.378457	0.378457	0.378457	0.4099	0.4099	0.4099	0.4099	0.4099	0.4099	0.378457	0.378457	0.378457	0.444264	0.444264	0.4099	0.4099	0.4099	0.4099	0.378457	0.378457	0.444264	0.444264	0.444264	0.378457	0.378457	0.378457	0.4099	0.4099	0.4099	0.444264	0.444872	0.444264	0.444264	0.444264	0.444264	0.444264	0.446604	0.444264	0.444264	0.444264	0.444264	0.444264	0.444264	0.444264	0.444264	0.444264	0.444264	0.445305	0.444264	0.444264	0.444264	0.378457	0.378457	0.839273	0.378457	0.378457	0.378457	0.378457	0.378457	0.378457	0.378457
0.378457	0.378457	0.378457	0.378457	0.647273	0.378457	0.378457	0.378457	0.378457	0.378457	0.378457	0.378457	0.378457	0.378457	0.378457	0.378457	0.378457	0.378457	0.378457	0.4099	0.4099	0.4099	0.444264	0.444264	0.444264	0.444264	0.444264	0.444264	0.378457	0.378457	0.4099	0.378457	0.378457	0.378457	0.378457	0.378457	0.378457	0.444264	0.454565	0.456329	0.444264	0.444264	0.454101	0.444264	0.444475	0.444264	0.444264	0.444645	0.444264	0.444977	0.44535	0.444264	0.444264	0.444264	0.444264	0.444264	0.444264	0.444291	0.444264	0.444264	0.444701	0.444264	0.444264	0.444264	0.444264	0.444264	0.378457	0.41832	0.378457	0.378457	0.378457	0.378457	0.378457	0.378457
0.378457	0.378457	0.378457	0.383447	0.378457	0.378457	0.378457	0.378457	0.378457	0.378457	0.378457	0.378457	0.378457	0.378457	0.378457	0.378457	0.378457	0.378457	0.378457	0.4099	0.4099	0.4099	0.444264	0.444264	0.444264	0.444264	0.444264	0.444264	0.378457	0.378457	0.4099	0.378457	0.378457	0.378457	0.378457	0.378457	0.378457	0.473498	0.449377	0.463626	0.444264	0.452737	0.444264	0.444264	0.445273	0.444605	0.444267	0.444757	0.444308	0.444576	0.444264	0.444264	0.450111	0.444264	0.444264	0.444419	0.444361	0.444264	0.444264	0.444297	0.444264	0.444264	0.444264	0.444264	0.444264	0.448234	0.378457	0.383709	0.378457	0.378457	0.378457	0.378457	0.378457	0.378457
0.4099	0.378457	0.378457	0.433592	0.378457	0.378457	0.378457	0.378457	0.378457	0.378457	0.378457	0.378457	0.378457	0.378457	0.378457	0.378457	0.378457	0.378457	0.444264	0.444264	0.444264	0.4099	0.444264	0.444264	0.378457	0.444264	0.444264	0.444264	0.378457	0.378457	0.444264	0.444264	0.444264	0.4099	0.4099	0.4099	0.4099	0.466269	0.470607	0.474384	0.451848	0.476167	0.444264	0.444556	0.44516	0.444801	0.444333	0.444433	0.44559	0.444264	0.444264	0.444527	0.444264	0.444264	0.444264	0.444272	0.444264	0.444264	0.444264	0.444264	0.444264	0.444264	0.444264	0.444264	0.4099	0.4099	0.4099	0.4099	0.4099	0.378457	0.378457	0.378457	0.378457	0.378457
0.378457	0.378457	0.378457	0.4099	0.4099	0.4099	0.378457	0.378457	0.378457	0.378457	0.378457	0.378457	0.378457	0.378457	0.378457	0.378457	0.378457	0.378457	0.378457	0.444264	0.444264	0.4099	0.4099	0.4099	0.444264	0.444264	0.444264	0.378457	0.444264	0.444264	0.444264	0.444264	0.444264	0.378457	0.4099	0.4099	0.4099	0.4099	0.4099	0.465734	0.483524	0.444264	0.4492	0.445681	0.445309	0.44482	0.444836	0.447564	0.444264	0.444264	0.444264	0.446859	0.444264	0.444264	0.44454	0.444264	0.444264	0.444786	0.444264	0.444264	0.444264	0.444264	0.444264	0.444264	0.444264	0.444264	0.444264	0.440911	0.4099	0.4099	0.378457	0.378457	0.378457	0.378457
0.378457	0.378457	0.378457	0.519993	0.4099	0.4099	0.378457	0.378457	0.378457	0.378457	0.378457	0.378457	0.378457	0.378457	0.378457	0.378457	0.378457	0.378457	0.378457	0.444264	0.444264	0.4099	0.4099	0.4099	0.444264	0.444264	0.444264	0.378457	0.444264	0.444264	0.444264	0.444264	0.444264	0.378457	0.4099	0.4099	0.4099	0.4099	0.4099	0.504394	0.444264	0.456671	0.449457	0.445422	0.445565	0.445167	0.444469	0.445197	0.445795	0.444264	0.444264	0.449524	0.444594	0.445132	0.444264	0.444375	0.444536	0.444264	0.444264	0.444264	0.444264	0.444264	0.444264	0.444264	0.444264	0.444264	0.444264	0.4099	0.409982	0.4099	0.378457	0.378457	0.378457	0.378457
0.378457	0.378457	0.378457	0.4099	0.424039	0.415338	0.878419	0.417756	0.378457	0.378457	0.378457	0.378457	0.378457	0.378457	0.378457	0.378457	0.378457	0.378457	0.378457	0.444264	0.444264	0.444264	0.444264	0.444264	0.378457	0.444264	0.444264	0.444264	0.378457	0.378457	0.378457	0.444264	0.444264	0.4099	0.450234	0.457525	0.4099	0.473524	0.473907	0.4099	0.474226	0.457824	0.448853	0.446448	0.447396	0.447265	0.444922	0.445596	0.444264	0.444264	0.455234	0.444569	0.446837	0.444264	0.44451	0.444689	0.444264	0.444264	0.444264	0.444264	0.444264	0.444264	0.444264	0.444264	0.444264	0.444264	0.4099	0.444264	0.444264	0.4099	0.378457	0.378457	0.378457	0.378457
0.462845	0.4099	0.4099	0.378457	0.378457	0.383384	0.4099	0.4099	0.4099	0.378457	0.378457	0.378457	0.378457	0.378457	0.378457	0.378457	0.378457	0.378457	0.378457	0.378457	0.378457	0.378457	0.444264	0.444264	0.378457	0.444264	0.444264	0.444264	0.444264	0.444264	0.444264	0.444264	0.444264	0.4099	0.4099	0.4099	0.4099	0.4099	0.4099	0.4099	0.474039	0.455026	0.447967	0.44805	0.448087	0.446629	0.448052	0.444264	0.444264	0.471098	0.445328	0.451546	0.444264	0.444424	0.447086	0.444264	0.444264	0.444264	0.444264	0.444264	0.444264	0.444264	0.444264	0.444264	0.444264	0.444264	0.444264	0.444264	0.444264	0.444264	0.4099	0.625113	0.378457	0.378457
0.471624	0.4099	0.4099	0.378457	0.378457	0.378457	0.409911	0.4099	0.4099	0.378457	0.378457	0.378457	0.378457	0.378457	0.378457	0.378457	0.378457	0.378457	0.378457	0.378457	0.378457	0.378457	0.444264	0.444264	0.378457	0.444264	0.444264	0.444264	0.444264	0.444264	0.444264	0.444264	0.444264	0.4099	0.4099	0.4099	0.4099	0.4099	0.4099	0.4099	0.473511	0.454565	0.457921	0.458113	0.447531	0.450158	0.444264	0.444264	0.481011	0.446872	0.474088	0.444264	0.444664	0.444264	0.444658	0.455695	0.444264	0.444264	0.444264	0.444264	0.444435	0.444264	0.444264	0.444264	0.444264	0.444264	0.444264	0.444264	0.444264	0.444264	0.4099	0.4099	0.383328	0.378457
0.4099	0.378457	0.378457	0.378457	0.378457	0.383302	0.444264	0.4099	0.415338	0.4099	0.378457	0.378457	0.378457	0.378457	0.378457	0.378457	0.378457	0.378457	0.378457	0.378457	0.378457	0.378457	0.378457	0.378457	0.378457	0.444264	0.444264	0.444264	0.444264	0.444264	0.444264	0.444264	0.444264	0.444264	0.4099	0.4099	0.503702	0.4099	0.4099	0.4099	0.473498	0.474598	0.474633	0.456211	0.46675	0.47403	0.505433	0.502878	0.454278	0.4099	0.4099	0.444264	0.446977	0.444264	0.4099	0.444511	0.444264	0.444264	0.444264	0.444267	0.444264	0.444264	0.444264	0.444264	0.444264	0.444266	0.444264	0.444264	0.444264	0.444264	0.4099	0.4099	0.378457	0.378457
0.4099	0.444264	0.444264	0.378457	0.378457	0.378457	0.378457	0.4099	0.474649	0.411004	0.4099	0.4099	0.378457	0.4099	0.4099	0.378457	0.378457	0.378457	0.378457	0.378457	0.378457	0.378457	0.378457	0.378457	0.444264	0.444264	0.444264	0.444264	0.444264	0.444264	0.444264	0.444264	0.444264	0.4099	0.4099	0.4099	0.4099	0.4099	0.4099	0.4099	0.4099	0.4099	0.474175	0.4099	0.4099	0.4099	0.476319	0.452802	0.473771	0.4099	0.4099	0.453029	0.444784	0.444777	0.444395	0.444264	0.444264	0.444264	0.444268	0.444264	0.444264	0.444264	0.444264	0.444264	0.444264	0.444264	0.444264	0.444264	0.444264	0.444264	0.444264	0.444264	0.4099	0.4099
0.4099	0.444264	0.444264	0.378457	0.379646	0.378457	0.378457	0.87402	0.4099	0.4099	0.470494	0.440961	0.383416	0.4099	0.4099	0.378457	0.378457	0.378457	0.378457	0.378457	0.378457	0.378457	0.378457	0.378457	0.444264	0.444264	0.444264	0.444264	0.444264	0.444264	0.444264	0.444264	0.444264	0.4099	0.4099	0.4099	0.4099	0.4099	0.4099	0.4099	0.4099	0.4099	0.474042	0.4099	0.4099	0.4099	0.458825	0.473073	0.469431	0.4099	0.4099	0.444747	0.444349	0.444551	0.444264	0.444264	0.444264	0.444264	0.444264	0.444264	0.44441	0.444462	0.444264	0.444294	0.444264	0.444264	0.444264	0.444264	0.444264	0.444264	0.444264	0.444264	0.4099	0.4099
0.4099	0.378457	0.378457	0.378457	0.444264	0.444264	0.444264	0.378457	0.378457	0.4099	0.4099	0.4099	0.4099	0.4099	0.4099	0.444264	0.378457	0.378457	0.378457	0.378457	0.378457	0.378457	0.378457	0.378457	0.378457	0.444264	0.444264	0.444264	0.444264	0.444264	0.444264	0.378457	0.378457	0.4099	0.411052	0.4099	0.4099	0.4099	0.4099	0.4099	0.4099	0.4099	0.475069	0.4099	0.4099	0.475969	0.4099	0.4099	0.444264	0.445943	0.445204	0.445004	0.444899	0.444264	0.444264	0.444264	0.444271	0.444264	0.444264	0.444303	0.444493	0.444264	0.444264	0.444264	0.44427	0.444264	0.444264	0.444264	0.444264	0.444264	0.444264	0.444264	0.444264	0.444264
0.4099	0.4099	0.4099	0.449959	0.378457	0.378457	0.378457	0.650144	0.4099	0.4099	0.4099	0.4099	0.474569	0.486313	0.478029	0.444264	0.378457	0.378457	0.378457	0.378457	0.378457	0.378457	0.378457	0.378457	0.378457	0.378457	0.378457	0.378457	0.378457	0.378457	0.444264	0.444264	0.444264	0.4099	0.4099	0.4099	0.4099	0.4099	0.4099	0.4099	0.4099	0.4099	0.4099	0.4099	0.4099	0.475992	0.45991	0.449281	0.447662	0.445408	0.444626	0.444711	0.444264	0.444264	0.444264	0.444816	0.444264	0.444264	0.444271	0.444264	0.444264	0.444264	0.444264	0.444316	0.444264	0.444264	0.444264	0.444264	0.444264	0.444264	0.444264	0.444264	0.444264	0.444264
0.4099	0.4099	0.4099	0.444264	0.378457	0.378457	0.378457	0.4099	0.431947	0.4099	0.4099	0.4099	0.444264	0.444264	0.444264	0.444264	0.378457	0.378457	0.378457	0.378457	0.378457	0.378457	0.378457	0.378457	0.378457	0.378457	0.378457	0.378457	0.378457	0.378457	0.444264	0.444264	0.444264	0.4099	0.4099	0.4099	0.4099	0.4099	0.4099	0.4099	0.4099	0.4099	0.4099	0.4099	0.4099	0.475925	0.458485	0.453748	0.44606	0.444669	0.44444	0.444264	0.444264	0.444264	0.444264	0.444264	0.444526	0.444927	0.445408	0.444264	0.444264	0.444264	0.444264	0.445662	0.444264	0.444264	0.444264	0.444264	0.444264	0.444264	0.444264	0.444264	0.444264	0.444264
0.4099	0.444264	0.444264	0.444264	0.378457	0.378457	0.444264	0.378457	0.378457	0.444264	0.419156	0.378457	0.4099	0.444264	0.444264	0.444264	0.444264	0.444264	0.378457	0.378457	0.378457	0.378457	0.378457	0.378457	0.378457	0.378457	0.378457	0.378457	0.444264	0.444264	0.444264	0.378457	0.378457	0.444264	0.4099	0.4099	0.4099	0.455897	0.473423	0.4099	0.4099	0.4099	0.4099	0.4099	0.4099	0.47472	0.473771	0.448388	0.444673	0.44427	0.444264	0.444264	0.444264	0.444264	0.444264	0.445045	0.444761	0.445502	0.444264	0.444533	0.444264	0.444264	0.44441	0.444892	0.444264	0.444264	0.444264	0.444264	0.444264	0.444264	0.444264	0.444264	0.444264	0.444264
0.444264	0.444264	0.444264	0.444264	0.378457	0.378457	0.378457	0.444264	0.444264	0.444264	0.378457	0.675926	0.444264	0.444264	0.444264	0.444264	0.444264	0.471421	0.378457	0.378457	0.378457	0.378457	0.378457	0.378457	0.444264	0.444264	0.444264	0.444264	0.444264	0.444264	0.444264	0.378457	0.378457	0.444264	0.444264	0.446894	0.4099	0.4099	0.4099	0.4099	0.4099	0.4099	0.4099	0.4099	0.4099	0.4099	0.457846	0.445556	0.44504	0.444264	0.444264	0.444264	0.444264	0.444264	0.445038	0.445061	0.449238	0.444264	0.444264	0.444264	0.445201	0.444509	0.444627	0.444264	0.444264	0.444264	0.444264	0.444264	0.444264	0.444264	0.444264	0.444264	0.444264	0.444264
0.444264	0.444264	0.444264	0.444264	0.378457	0.378457	0.378457	0.444264	0.444264	0.444264	0.378457	0.378457	0.444264	0.444264	0.444264	0.444264	0.471421	0.471421	0.378457	0.378457	0.378457	0.378457	0.378457	0.378457	0.444264	0.444264	0.444264	0.444264	0.444264	0.444264	0.444264	0.378457	0.378457	0.444264	0.450067	0.450471	0.4099	0.4099	0.4099	0.4099	0.4099	0.4099	0.4099	0.4099	0.4099	0.4099	0.445223	0.44503	0.444264	0.444264	0.444264	0.444264	0.444264	0.444264	0.444601	0.444613	0.444987	0.447376	0.444264	0.444924	0.444627	0.444555	0.444264	0.444264	0.444264	0.444264	0.444264	0.444264	0.444264	0.444264	0.444264	0.444264	0.444264	0.444264
0.444264	0.444264	0.444264	0.4099	0.4099	0.4099	0.378457	0.378457	0.378457	0.378457	0.378457	0.378457	0.378457	0.444264	0.444264	0.4099	0.449551	0.444264	0.378457	0.378457	0.378457	0.378457	0.378457	0.378457	0.378457	0.378457	0.378457	0.378457	0.444264	0.444264	0.444264	0.378457	0.378457	0.4099	0.4099	0.4099	0.4099	0.4099	0.4099	0.4099	0.4099	0.4099	0.4099	0.465169	0.448871	0.44538	0.444697	0.444264	0.444264	0.444264	0.444264	0.444264	0.445197	0.444364	0.445483	0.445508	0.446169	0.444264	0.444901	0.444695	0.444703	0.444264	0.444264	0.444264	0.444264	0.444264	0.444264	0.444264	0.444264	0.444264	0.444264	0.444264	0.444264	0.444264
0.444264	0.444264	0.444264	0.445224	0.444313	0.444264	0.378457	0.378457	0.378457	0.378457	0.378457	0.378457	0.378457	0.4099	0.446186	0.439098	0.378457	0.378457	0.378457	0.378457	0.378457	0.378457	0.378457	0.378457	0.378457	0.378457	0.378457	0.378457	0.444264	0.444264	0.444264	0.4099	0.4099	0.4099	0.4099	0.4099	0.4099	0.4099	0.4099	0.4099	0.4099	0.4099	0.4099	0.457813	0.446094	0.444847	0.444264	0.444264	0.444264	0.444264	0.444264	0.447566	0.447007	0.447467	0.445052	0.451534	0.444264	0.44513	0.444668	0.444911	0.444264	0.444264	0.444264	0.444264	0.444264	0.444264	0.444264	0.444264	0.444264	0.444264	0.444264	0.444264	0.444264	0.444264
0.444264	0.444264	0.44632	0.445104	0.444357	0.444264	0.378457	0.378457	0.378457	0.378457	0.378457	0.378457	0.378457	0.4099	0.878368	0.457067	0.378457	0.378457	0.378457	0.378457	0.378457	0.378457	0.378457	0.378457	0.378457	0.378457	0.378457	0.378457	0.444264	0.444264	0.444264	0.4099	0.4099	0.4099	0.4099	0.4099	0.4099	0.4099	0.4099	0.4099	0.4099	0.4099	0.4099	0.449783	0.445216	0.444264	0.444264	0.444264	0.444264	0.444264	0.45041	0.45068	0.4545	0.446182	0.447678	0.452805	0.446709	0.445122	0.445816	0.444264	0.444264	0.444264	0.444264	0.444264	0.444264	0.444264	0.444264	0.444264	0.444264	0.444264	0.444264	0.444264	0.444264	0.444264
0.444264	0.451996	0.445727	0.444871	0.444856	0.444264	0.4099	0.444264	0.444264	0.378457	0.378457	0.378457	0.378457	0.378457	0.378457	0.410938	0.4099	0.413708	0.380968	0.378457	0.378457	0.378457	0.378457	0.378457	0.378457	0.378457	0.378457	0.378457	0.378457	0.378457	0.4099	0.378457	0.378457	0.4099	0.4099	0.4099	0.4099	0.4099	0.4099	0.458629	0.456903	0.457303	0.457375	0.446857	0.444264	0.444264	0.444264	0.444264	0.444264	0.456348	0.45922	0.474365	0.45734	0.466613	0.471749	0.4499	0.44515	0.445369	0.444264	0.444264	0.444264	0.444264	0.444264	0.444264	0.444264	0.444264	0.444264	0.444264	0.444264	0.444264	0.444264	0.444264	0.444264	0.444264
0.4099	0.453029	0.447264	0.446103	0.44675	0.444264	0.451079	0.444264	0.444264	0.4099	0.444264	0.444264	0.378457	0.378457	0.378457	0.4099	0.4099	0.4099	0.384381	0.848563	0.378457	0.378457	0.378457	0.378457	0.378457	0.378457	0.378457	0.378457	0.378457	0.378457	0.378457	0.378457	0.378457	0.4099	0.4099	0.4099	0.4099	0.4099	0.4099	0.4099	0.4099	0.4099	0.449133	0.444264	0.444264	0.444264	0.444264	0.444264	0.4099	0.4099	0.4099	0.473524	0.4099	0.4099	0.469065	0.448909	0.450647	0.444264	0.444264	0.444264	0.444264	0.444264	0.444264	0.444264	0.444264	0.444264	0.444264	0.444264	0.444264	0.444264	0.444264	0.444264	0.444264	0.444264
0.4099	0.451996	0.452777	0.452656	0.444264	0.464586	0.46484	0.444264	0.444264	0.4099	0.444264	0.444264	0.378457	0.378457	0.378457	0.4099	0.4099	0.4099	0.378457	0.378457	0.383861	0.378457	0.378457	0.378457	0.378457	0.378457	0.378457	0.378457	0.378457	0.378457	0.378457	0.378457	0.378457	0.4099	0.4099	0.4099	0.4099	0.4099	0.4099	0.4099	0.4099	0.4099	0.444264	0.444264	0.444264	0.444264	0.444264	0.454152	0.4099	0.4099	0.4099	0.466082	0.4099	0.4099	0.462448	0.473515	0.445979	0.444264	0.444264	0.444264	0.444264	0.444264	0.444264	0.444264	0.444264	0.444264	0.444264	0.444264	0.444264	0.444264	0.444264	0.444264	0.444264	0.444264
0.4099	0.4099	0.4099	0.444264	0.4099	0.411388	0.444264	0.444264	0.444264	0.444264	0.378457	0.378457	0.378457	0.378457	0.378457	0.378457	0.4099	0.4099	0.378457	0.4099	0.4099	0.4099	0.378457	0.378457	0.378457	0.378457	0.378457	0.378457	0.378457	0.378457	0.378457	0.378457	0.378457	0.378457	0.4099	0.4099	0.4099	0.444264	0.444264	0.444264	0.444264	0.444264	0.444264	0.444264	0.444264	0.444264	0.44938	0.459017	0.4099	0.4099	0.4099	0.455947	0.4099	0.4099	0.4099	0.449906	0.444264	0.444264	0.444264	0.444264	0.444264	0.444264	0.444264	0.444264	0.444264	0.444264	0.444264	0.444264	0.444264	0.444264	0.444264	0.444264	0.444264	0.444264
0.378457	0.378457	0.378457	0.4099	0.444264	0.444264	0.444264	0.444264	0.444264	0.444264	0.444264	0.444264	0.378457	0.378457	0.378457	0.444264	0.378457	0.378457	0.4099	0.415285	0.4099	0.4099	0.886438	0.378457	0.378457	0.378457	0.378457	0.378457	0.378457	0.378457	0.378457	0.378457	0.378457	0.378457	0.444264	0.444264	0.444264	0.444264	0.444264	0.444264	0.444264	0.444264	0.444264	0.444264	0.444264	0.4099	0.4099	0.4099	0.4099	0.4099	0.4099	0.448351	0.4099	0.4099	0.448762	0.444264	0.444264	0.444264	0.444264	0.444264	0.444264	0.444264	0.444264	0.444264	0.444264	0.444264	0.444264	0.444264	0.444264	0.444264	0.444264	0.444264	0.444264	0.444264
0.378457	0.378457	0.378457	0.4099	0.444264	0.444264	0.444264	0.444264	0.444264	0.444264	0.444264	0.444264	0.378457	0.378457	0.412663	0.444264	0.378457	0.378457	0.4099	0.4099	0.41117	0.4099	0.378457	0.383848	0.378457	0.378457	0.378457	0.378457	0.378457	0.378457	0.378457	0.378457	0.378457	0.378457	0.444264	0.444264	0.444264	0.444264	0.444264	0.444264	0.444264	0.444264	0.444264	0.444264	0.444264	0.4099	0.4099	0.4099	0.4099	0.4099	0.4099	0.444264	0.4099	0.4099	0.444264	0.444264	0.444264	0.444264	0.444264	0.444264	0.444264	0.444264	0.444264	0.444264	0.444264	0.444264	0.444264	0.444264	0.444264	0.444264	0.444264	0.444264	0.444264	0.444264
