Crust moisture [-]
0.447119	0.501585	0.44702	0.34567	0.446951	0.447027	0.34567	0.446951	0.446951	0.446951	0.446951	0.446951	0.446951	0.373756	0.34567	0.34567	0.34567	0.34567	0.34567	0.34567	0.34567	0.397007	0.397007	0.397007	0.34567	0.34567	0.34567	0.34567	0.34567	0.34567	0.34567	0.34567	0.34567	0.34567	0.397007	0.397007	0.446951	0.34567	0.34567	0.34567	0.34567	0.34567	0.446951	0.397007	0.397007	0.397007	0.397007	0.397007	0.446951	0.34567	0.34567	0.34567	0.34567	0.34567	0.34567	0.446951	0.446951	0.34567	0.34567	0.34567	0.34567	0.34567	0.34567	0.397007	0.34567	0.34567	0.446951	0.34567	0.34567	0.34567	0.34567	0.34567	0.446951	0.446951
0.446951	0.446978	0.446951	0.34567	0.446951	0.446951	0.34567	0.446951	0.446951	0.446951	0.446951	0.446951	0.446951	0.384241	0.34567	0.34567	0.34567	0.34567	0.34567	0.34567	0.34567	0.397007	0.397007	0.397007	0.34567	0.34567	0.34567	0.34567	0.34585	0.34567	0.34567	0.34567	0.34567	0.34567	0.397007	0.397007	0.446951	0.34567	0.34567	0.34567	0.34567	0.34567	0.450071	0.397007	0.397007	0.397007	0.397007	0.397007	0.446951	0.34567	0.34567	0.34567	0.34567	0.34567	0.34567	0.446951	0.446951	0.34567	0.34567	0.34567	0.34567	0.34567	0.34567	0.397007	0.34567	0.34567	0.446951	0.34567	0.34567	0.34567	0.34567	0.34567	0.446951	0.446951
0.34567	0.397007	0.397007	0.397007	0.397007	0.397007	0.465882	0.446951	0.446951	0.446951	0.446951	0.446951	0.446951	0.34567	0.399671	0.34567	0.34567	0.34567	0.34567	0.446951	0.446951	0.397007	0.446951	0.446951	0.34567	0.34567	0.34567	0.34567	0.34567	0.34567	0.34567	0.34567	0.34567	0.34567	0.34567	0.34567	0.34567	0.34567	0.34567	0.34567	0.450809	0.446951	0.34567	0.34567	0.34567	0.397007	0.397007	0.397007	0.397007	0.34567	0.34567	0.34567	0.34567	0.34567	0.34567	0.446951	0.446951	0.34567	0.34567	0.34567	0.34567	0.397007	0.397007	0.34567	0.397007	0.397007	0.397007	0.34567	0.34567	0.34567	0.34567	0.34567	0.34567	0.34567
0.397007	0.397007	0.397007	0.397007	0.397007	0.397048	0.397007	0.446951	0.446951	0.446951	0.446951	0.446951	0.446951	0.345842	0.368448	0.446951	0.34567	0.34567	0.34567	0.34567	0.34567	0.446951	0.446951	0.446951	0.446951	0.34567	0.34567	0.397007	0.34567	0.34567	0.34567	0.34567	0.34567	0.34567	0.34567	0.34567	0.34567	0.34567	0.34567	0.34567	0.34567	0.34567	0.34567	0.34567	0.34567	0.34567	0.34567	0.34567	0.34567	0.34567	0.34567	0.34567	0.34567	0.34567	0.34567	0.34567	0.34567	0.34567	0.397007	0.397007	0.397007	0.448916	0.446951	0.397007	0.397007	0.397007	0.397007	0.397007	0.397007	0.397007	0.397007	0.397007	0.34567	0.34567
0.397007	0.397007	0.397007	0.397007	0.453233	0.397491	0.397144	0.446996	0.446951	0.446951	0.446951	0.446951	0.446951	0.34567	0.345896	0.471073	0.348873	0.436477	0.388182	0.34567	0.34567	0.446951	0.446951	0.446951	0.446951	0.34567	0.34567	0.397007	0.34567	0.34567	0.3596	0.34567	0.34567	0.34567	0.34567	0.34567	0.34567	0.34567	0.34567	0.34567	0.34567	0.34567	0.34567	0.34567	0.34567	0.34567	0.34567	0.34567	0.34567	0.34567	0.34567	0.34567	0.34567	0.34567	0.34567	0.34567	0.34567	0.34567	0.397007	0.397007	0.397007	0.446951	0.448566	0.397007	0.397754	0.397369	0.397007	0.397007	0.397007	0.397007	0.397007	0.397007	0.34567	0.34567
0.468005	0.454859	0.463322	0.397076	0.397007	0.397156	0.397007	0.397007	0.397007	0.34567	0.34567	0.34567	0.446951	0.34567	0.34567	0.34567	0.395344	0.34567	0.34567	0.34567	0.34567	0.34567	0.397007	0.397007	0.446951	0.446951	0.446951	0.446951	0.446951	0.446951	0.34567	0.34567	0.34567	0.409159	0.34567	0.34567	0.34567	0.397007	0.397007	0.397007	0.34567	0.34567	0.34567	0.34567	0.34567	0.34567	0.397007	0.397377	0.397007	0.34567	0.34567	0.34567	0.397007	0.397007	0.397007	0.34567	0.34567	0.34567	0.34567	0.34567	0.397007	0.447063	0.502264	0.510523	0.397007	0.397007	0.397007	0.397007	0.397007	0.397007	0.397007	0.397007	0.397007	0.397007
0.446951	0.458786	0.464024	0.397007	0.446951	0.446951	0.397007	0.397007	0.397007	0.397007	0.456912	0.397007	0.397007	0.446951	0.446951	0.448639	0.446951	0.446951	0.34567	0.397007	0.397007	0.397007	0.34567	0.34567	0.34567	0.446951	0.446951	0.446951	0.446951	0.446951	0.446951	0.446951	0.446951	0.397007	0.397007	0.456078	0.398824	0.397007	0.397007	0.397007	0.461243	0.4653	0.34567	0.34567	0.34567	0.399301	0.397455	0.397007	0.397007	0.398088	0.397007	0.397007	0.397007	0.397007	0.397007	0.397694	0.397007	0.34567	0.34567	0.34567	0.474683	0.481849	0.450676	0.397007	0.397007	0.397007	0.397007	0.397007	0.397007	0.397007	0.397007	0.397007	0.34567	0.34567
0.446951	0.498829	0.496174	0.397083	0.446951	0.446951	0.397007	0.397007	0.397007	0.397007	0.398548	0.397007	0.397007	0.446951	0.446951	0.44815	0.446951	0.446951	0.34567	0.397007	0.397007	0.397007	0.34567	0.34567	0.34567	0.446951	0.446951	0.446951	0.446951	0.446951	0.446951	0.446951	0.446951	0.397007	0.397007	0.397007	0.397007	0.397229	0.466992	0.397007	0.488781	0.446951	0.34567	0.347245	0.346292	0.397007	0.397007	0.397007	0.397007	0.397007	0.39899	0.397403	0.399267	0.406821	0.397451	0.397007	0.397208	0.346294	0.34567	0.34567	0.446951	0.446951	0.446951	0.397007	0.397007	0.397007	0.397007	0.397007	0.397007	0.397007	0.397007	0.397007	0.34567	0.34567
0.401642	0.397171	0.397007	0.39728	0.46376	0.448781	0.397007	0.450214	0.446951	0.446951	0.397844	0.397007	0.397007	0.397007	0.397007	0.447304	0.446951	0.446951	0.446951	0.397007	0.397007	0.476507	0.34567	0.34567	0.34567	0.34567	0.34567	0.34567	0.446951	0.446951	0.446951	0.446951	0.446951	0.446951	0.397007	0.397007	0.397007	0.34567	0.34567	0.397007	0.397007	0.400895	1	0.34567	0.34567	0.34567	0.397007	0.397007	0.446951	0.446951	0.446951	0.446951	0.446952	0.452767	0.520087	0.556956	0.487372	0.397007	0.34567	0.34567	0.34567	0.446951	0.446951	0.397007	0.397007	0.397007	0.397007	0.397097	0.397007	0.397007	0.397007	0.397007	0.34567	0.34567
0.491459	0.397144	0.397007	0.446951	0.397007	0.397007	0.450955	0.397007	0.397007	0.397007	0.397716	0.397007	0.397007	0.397007	0.397007	0.397007	0.397411	0.397007	0.446951	0.397007	0.397007	0.491224	0.397007	0.454517	0.34567	0.34567	0.34567	0.34567	0.446951	0.446951	0.446951	0.453699	0.446951	0.446951	0.446951	0.446951	0.446951	0.446951	0.446951	0.34567	0.397007	0.397007	0.34567	0.34567	0.34567	0.34567	0.397007	0.397007	0.446951	0.446951	0.446951	0.446951	0.446951	0.446951	0.448293	0.397007	0.397007	0.397007	0.397007	0.397007	0.397007	0.397007	0.397007	0.397007	0.397007	0.397802	0.397557	0.397007	0.397007	0.397007	0.34567	0.34567	0.34567	0.34567
0.485166	0.397007	0.397007	0.449799	0.397007	0.397007	0.455703	0.397007	0.402284	0.398687	0.397007	0.397007	0.397007	0.397007	0.397007	0.397007	0.397007	0.397007	0.446951	0.397007	0.39718	0.489782	0.397007	0.397007	0.348066	0.34567	0.34567	0.34567	0.446951	0.446951	0.462303	0.446951	0.446951	0.446951	0.446989	0.446951	0.446951	0.446951	0.446951	0.34567	0.397007	0.397007	0.34567	0.34567	0.34567	0.34567	0.397007	0.397007	0.446951	0.446951	0.446951	0.446951	0.446951	0.446951	0.446951	0.397007	0.397007	0.39764	0.397007	0.397007	0.397007	0.397007	0.398146	0.411994	0.398328	0.397007	0.397007	0.397007	0.397007	0.397007	0.34567	0.34567	0.34567	0.34567
0.397007	0.452974	0.453346	0.397007	0.397007	0.397007	0.397007	0.397007	0.397007	0.446951	0.397461	0.397007	0.397007	0.397007	0.397007	0.397007	0.397007	0.438009	0.525749	0.500768	0.446951	0.34567	0.397007	0.397007	0.397007	0.447009	0.446951	0.446951	0.465708	0.446951	0.490938	0.446951	0.446951	0.446951	0.447335	0.446951	0.446951	0.446951	0.446951	0.446951	0.446951	0.448293	0.345745	0.395602	0.34567	0.34567	0.446951	0.446951	0.446951	0.446951	0.446951	0.446951	0.446951	0.446951	0.446951	0.446951	0.4506	0.397007	0.397007	0.397007	0.462666	0.397593	0.397007	0.397007	0.397007	0.397007	0.397007	0.397007	0.397007	0.397007	0.397007	0.397007	0.34567	0.34567
0.397007	0.448324	0.456439	0.397007	0.446951	0.446951	0.459106	0.452355	0.460165	0.4774	0.397266	0.397007	0.397007	0.397007	0.397007	0.397007	0.397007	0.397007	0.453038	0.397953	0.397176	0.34567	0.397007	0.397007	0.397007	0.397007	0.444326	0.397007	0.397007	0.397007	0.397159	0.446951	0.446951	0.446951	0.446951	0.446951	0.446951	0.446951	0.446951	0.446951	0.397007	0.397007	0.397007	0.388027	0.34567	0.34567	0.446951	0.446951	0.446951	0.446951	0.446951	0.446951	0.446951	0.446951	0.446951	0.446951	0.446951	0.452111	0.397007	0.476025	0.397037	0.397007	0.397007	0.397007	0.397007	0.397007	0.397007	0.34567	0.34567	0.448123	0.397007	0.397007	0.446951	0.446951
0.401795	0.446951	0.45224	0.397007	0.446951	0.446951	0.450541	0.453829	0.462797	0.488723	0.397007	0.397007	0.397007	0.397007	0.397007	0.397007	0.397007	0.397007	0.513682	0.397287	0.397007	0.345897	0.397144	0.397173	0.397007	0.397007	0.451719	0.397007	0.397007	0.397007	0.397007	0.477622	0.446951	0.446951	0.446951	0.446951	0.449012	0.446951	0.446951	0.446951	0.397007	0.397007	0.397007	0.34567	0.34567	0.34567	0.446951	0.446951	0.446951	0.446951	0.446951	0.446951	0.446951	0.446951	0.446951	0.446951	0.446951	0.446951	0.397007	0.397007	0.397007	0.397007	0.397219	0.399633	0.397007	0.397007	0.397007	0.34567	0.34567	0.488548	0.397007	0.397007	0.446951	0.446951
0.397465	0.397007	0.397007	0.46085	0.463978	0.453939	0.446951	0.463204	0.490739	0.491614	0.397007	0.397007	0.397007	0.397007	0.397007	0.487809	0.397007	0.398135	0.397007	0.397007	0.397362	0.446951	0.34567	0.34567	0.34567	0.397007	0.397007	0.401262	0.397007	0.397007	0.397007	0.447557	0.446951	0.446951	0.446951	0.446951	0.446951	0.450253	0.446951	0.446951	0.446951	0.446951	0.446951	0.34567	0.34567	0.34567	0.34567	0.34567	0.397007	0.446951	0.446951	0.446951	0.446951	0.446951	0.446951	0.446951	0.446951	0.447209	0.446951	0.447875	0.397007	0.397007	0.397007	0.397007	0.397322	0.397007	0.397007	0.34567	0.34567	0.446951	0.446951	0.446951	0.446951	0.446951
0.398167	0.397007	0.397007	0.397007	0.397007	0.397007	0.397007	0.446951	0.491507	0.397007	0.397007	0.397007	0.397007	0.402628	0.397221	0.397007	0.397007	0.437723	0.397007	0.446951	0.497001	0.34567	0.34567	0.34567	0.34567	0.397007	0.397007	0.397007	0.39861	0.397007	0.397007	0.453939	0.45041	0.451988	0.482634	0.446951	0.447495	0.446951	0.446951	0.446951	0.446951	0.446951	0.446951	0.397007	0.397007	0.34567	0.34567	0.34567	0.34567	0.397007	0.397007	0.397007	0.397007	0.397007	0.397007	0.446951	0.446951	0.446951	0.446951	0.446951	0.452249	0.397007	0.397007	0.397007	0.397007	0.397007	0.397007	0.486601	0.446951	0.446951	0.446951	0.446951	0.446951	0.446951
0.397007	0.397007	0.397007	0.397007	0.397007	0.397007	0.397007	0.446951	0.49401	0.397007	0.397007	0.397403	0.397007	0.455522	0.397029	0.397076	0.397279	0.397007	0.397007	0.446951	0.446951	0.345832	0.34567	0.34567	0.34567	0.397007	0.397007	0.397007	0.397007	0.434396	0.397007	0.454449	0.453621	0.490627	0.446951	0.448714	0.446951	0.448529	0.446951	0.446951	0.446951	0.446951	0.446951	0.397007	0.397007	0.380218	0.34567	0.34567	0.34567	0.397007	0.397007	0.397007	0.397007	0.397007	0.397007	0.446971	0.446951	0.446951	0.446951	0.446954	0.446951	0.397007	0.397007	0.397007	0.397007	0.397007	0.397007	0.453995	0.496765	0.446951	0.446951	0.446951	0.446951	0.446951
0.464786	0.397007	0.397007	0.397007	0.45347	0.446951	0.446951	0.397007	0.397046	0.496931	0.397007	0.397007	0.397007	0.481415	0.553539	0.397007	0.397007	0.397042	0.397007	0.397007	0.397007	0.397007	0.397007	0.397007	0.397007	0.34567	0.34567	0.397007	0.397007	0.424371	0.397007	0.397007	0.397007	0.493766	0.45573	0.446951	0.446951	0.446951	0.451778	0.446951	0.446951	0.446951	0.446951	0.446951	0.446951	0.34567	0.34567	0.34567	0.34567	0.34567	0.34567	0.397007	0.34567	0.34567	0.397007	0.446951	0.446959	0.446951	0.446951	0.446951	0.446984	0.446951	0.446951	0.446951	0.447772	0.452851	0.47556	0.474274	0.466405	0.447131	0.397007	0.397007	0.397007	0.397007
0.490299	0.459658	0.458564	0.489954	0.397007	0.397007	0.446951	0.446951	0.446951	0.397007	0.397074	0.397007	0.472546	0.397007	0.397007	0.459451	0.397007	0.397007	0.39735	0.397007	0.397007	0.397007	0.397007	0.397007	0.397007	0.397007	0.397007	0.397007	0.397007	0.398246	0.446951	0.397007	0.397073	0.397007	0.446951	0.446951	0.446951	0.451533	0.446951	0.446951	0.446951	0.446951	0.446951	0.446951	0.446951	0.34567	0.34567	0.34567	0.34567	0.34567	0.34567	0.34567	0.34567	0.34567	0.397007	0.446951	0.446951	0.446964	0.446951	0.446951	0.448338	0.446951	0.446951	0.446951	0.446951	0.446952	0.462679	0.397007	0.397007	0.397007	0.397007	0.397007	0.397007	0.397007
0.494058	0.46384	0.458362	0.45811	0.397007	0.397007	0.446951	0.446951	0.448477	0.397007	0.397007	0.397007	0.449733	0.397007	0.397007	0.397007	0.413503	0.397007	0.397035	0.397007	0.397007	0.397007	0.397007	0.397007	0.397007	0.397007	0.397007	0.399107	0.397007	0.397346	0.452502	0.397007	0.397007	0.397078	0.446951	0.446951	0.450513	0.446951	0.446951	0.446951	0.447996	0.446951	0.446951	0.446951	0.446951	0.476114	0.34567	0.34567	0.34567	0.34567	0.34567	0.34567	0.34567	0.34567	0.397007	0.447027	0.446951	0.446951	0.448081	0.446951	0.448531	0.446951	0.446951	0.446951	0.446951	0.446951	0.450016	0.397007	0.397007	0.397007	0.397007	0.397007	0.397007	0.397007
0.493444	0.397007	0.397007	0.397007	0.397007	0.397007	0.47082	0.450214	0.457929	0.397007	0.447617	0.446951	0.397007	0.397007	0.397007	0.397007	0.397007	0.400494	0.397007	0.467455	0.487921	0.397007	0.397007	0.397007	0.397007	0.397007	0.397007	0.398074	0.397279	0.397007	0.446951	0.397007	0.397007	0.397007	0.460154	0.397007	0.446951	0.446951	0.446951	0.44819	0.446951	0.446951	0.446951	0.446951	0.447726	0.397007	0.34567	0.34567	0.34567	0.34567	0.34567	0.34567	0.34567	0.34567	0.34567	0.446951	0.448337	0.446951	0.446951	0.452764	0.453621	0.446951	0.446951	0.446951	0.446951	0.446951	0.446951	0.452407	0.473443	0.483463	0.397007	0.397007	0.397007	0.397007
0.491864	0.397007	0.397007	0.455992	0.453854	0.453606	0.475547	0.397007	0.397007	0.466286	0.446951	0.448309	0.446951	0.446951	0.446951	0.397007	0.397737	0.397429	0.397007	0.397007	0.397007	0.397007	0.397007	0.397007	0.397007	0.397007	0.397007	0.397007	0.501618	0.446951	0.448762	0.447483	0.446951	0.397007	0.468788	0.446951	0.446951	0.446951	0.45282	0.446951	0.446951	0.446951	0.446951	0.397007	0.397007	0.34567	0.34567	0.34567	0.34567	0.34567	0.34567	0.34567	0.34567	0.34567	0.34567	0.397007	0.397007	0.397007	0.397007	0.397007	0.446951	0.446951	0.446951	0.446951	0.446951	0.446951	0.446951	0.446951	0.4625	0.397007	0.397007	0.397007	0.34567	0.34567
0.491374	0.397007	0.397007	0.45729	0.465161	0.461705	0.461798	0.397007	0.397007	0.465917	0.45537	0.446951	0.448812	0.446951	0.446951	0.397919	0.397007	0.397007	0.397007	0.397007	0.397007	0.397007	0.397007	0.397007	0.397007	0.397429	0.397007	0.397007	0.495314	0.4486	0.447025	0.447012	0.446951	0.397007	0.489652	0.446951	0.446951	0.450436	0.446951	0.446951	0.446951	0.446951	0.446951	0.397007	0.397007	0.34567	0.392707	0.34567	0.34567	0.34567	0.34567	0.34567	0.34567	0.34567	0.34567	0.397007	0.397007	0.397007	0.397007	0.397007	0.446951	0.446951	0.446951	0.446951	0.446951	0.446951	0.446951	0.446951	0.446951	0.397007	0.397007	0.397007	0.34567	0.34567
0.397007	0.447297	0.44789	0.452981	0.468136	0.488514	0.485295	0.486006	0.488895	0.455281	0.397007	0.397007	0.446951	0.397007	0.397007	0.397708	0.397007	0.397007	0.397007	0.397007	0.397007	0.397007	0.397007	0.397007	0.397022	0.397007	0.397007	0.397007	0.456862	0.447667	0.44758	0.446951	0.446951	0.446951	0.397019	0.397007	0.397007	0.446951	0.446951	0.446951	0.446951	0.446951	0.446951	0.446951	0.446951	0.446951	0.360452	0.34567	0.34567	0.34567	0.34567	0.34567	0.34567	0.34567	0.34567	0.34567	0.34567	0.397007	0.446951	0.446951	0.446951	0.446951	0.446951	0.446951	0.446951	0.446951	0.446951	0.446951	0.446951	0.446951	0.397007	0.397007	0.397007	0.397007
0.46614	0.449161	0.447741	0.451218	0.466171	0.489359	0.397007	0.397007	0.397007	0.397007	0.397007	0.397007	0.397007	0.397007	0.397007	0.397007	0.397007	0.397007	0.397007	0.397007	0.397007	0.397007	0.397007	0.397007	0.397007	0.397007	0.39704	0.468465	0.447458	0.447041	0.447415	0.446952	0.446951	0.397007	0.397015	0.464988	0.446951	0.446951	0.446951	0.446951	0.446951	0.446951	0.446951	0.446951	0.446951	0.34567	0.34567	0.34567	0.34567	0.34567	0.34567	0.34567	0.34567	0.34567	0.34567	0.34567	0.34567	0.34567	0.446951	0.457797	0.446951	0.446951	0.446951	0.446951	0.446951	0.446951	0.446951	0.446951	0.446951	0.446951	0.446951	0.446951	0.446951	0.446951
0.471444	0.450731	0.45447	0.449413	0.454926	0.488357	0.397007	0.397007	0.397007	0.397007	0.397007	0.397007	0.397007	0.397007	0.397007	0.397007	0.397468	0.397007	0.397007	0.397007	0.397007	0.397007	0.397007	0.397007	0.397007	0.397007	0.397007	0.450271	0.448156	0.447291	0.446952	0.446951	0.446951	0.397007	0.397007	0.397007	0.446951	0.446951	0.446951	0.446951	0.446951	0.446951	0.446951	0.446951	0.446951	0.34567	0.34567	0.36299	0.34567	0.34567	0.34567	0.34567	0.34567	0.34567	0.34567	0.34567	0.34567	0.34567	0.446951	0.451495	0.446951	0.446951	0.446951	0.446951	0.446951	0.446951	0.446951	0.446951	0.446951	0.446951	0.446951	0.446951	0.446951	0.446951
0.487555	0.450732	0.454183	0.397007	0.451381	0.462373	0.397007	0.397007	0.397007	0.397007	0.397007	0.397007	0.397007	0.397007	0.397007	0.397007	0.397299	0.397007	0.397007	0.397007	0.397007	0.397007	0.397007	0.397007	0.397007	0.485117	0.451483	0.448686	0.447262	0.446951	0.447171	0.447135	0.446951	0.461623	0.397007	0.397007	0.446951	0.446951	0.446951	0.446951	0.446951	0.447626	0.446951	0.447819	0.447122	0.446951	0.34567	0.34567	0.34567	0.34567	0.34567	0.34567	0.34567	0.34567	0.34567	0.34567	0.34567	0.397007	0.446951	0.448443	0.446951	0.397007	0.397007	0.397007	0.446951	0.446951	0.446951	0.446951	0.446951	0.446951	0.446951	0.446951	0.446951	0.446951
0.397007	0.447622	0.45593	0.397007	0.447596	0.454535	0.397007	0.397007	0.397007	0.397007	0.397007	0.397007	0.397007	0.397007	0.397007	0.397007	0.397007	0.397007	0.397007	0.397007	0.397007	0.49107	0.397007	0.397007	0.397007	0.464812	0.451934	0.44791	0.448759	0.447869	0.446951	0.446951	0.446951	0.397007	0.458226	0.446951	0.446951	0.446951	0.446951	0.446951	0.446951	0.44808	0.447569	0.446951	0.447403	0.446951	0.446951	0.446951	0.397007	0.34567	0.34567	0.34567	0.34567	0.34567	0.397007	0.397007	0.397007	0.397007	0.397007	0.397007	0.34567	0.34567	0.34567	0.34567	0.446951	0.446951	0.446951	0.446951	0.446951	0.446951	0.446951	0.446951	0.446951	0.446951
0.397007	0.446951	0.449481	0.397007	0.448864	0.448662	0.397007	0.397007	0.397007	0.397007	0.397007	0.397007	0.397007	0.397007	0.397007	0.397007	0.397007	0.397007	0.397007	0.397007	0.397007	0.490076	0.397007	0.397007	0.397007	0.460007	0.449219	0.447317	0.448932	0.447353	0.446951	0.446951	0.446951	0.397007	0.446951	0.446951	0.446951	0.448229	0.451196	0.446951	0.446951	0.447751	0.446951	0.446951	0.447024	0.446951	0.446951	0.446951	0.397007	0.34567	0.34567	0.34567	0.34567	0.34567	0.397007	0.397007	0.397007	0.397007	0.397007	0.397007	0.34567	0.34567	0.34567	0.34567	0.446951	0.446951	0.446951	0.446951	0.446951	0.446951	0.446951	0.446951	0.446951	0.446951
0.397007	0.446951	0.446951	0.397007	0.397007	0.397007	0.397007	0.397007	0.397007	0.397007	0.397007	0.397007	0.397007	0.397007	0.397007	0.397007	0.397007	0.397007	0.397007	0.397007	0.397007	0.397007	0.397007	0.397007	0.397007	0.450984	0.449727	0.45008	0.448952	0.446951	0.446951	0.447318	0.446951	0.446951	0.446951	0.446951	0.446951	0.446951	0.446951	0.447095	0.447271	0.446951	0.446951	0.446951	0.447608	0.447621	0.446951	0.446951	0.446951	0.463981	0.34567	0.34567	0.34567	0.34567	0.397007	0.397007	0.397007	0.397007	0.34567	0.34567	0.34567	0.34567	0.34567	0.34567	0.34567	0.34567	0.446951	0.446951	0.446951	0.446951	0.446951	0.446951	0.446951	0.446951
0.397007	0.34567	0.34567	0.34567	0.34567	0.34567	0.397007	0.397007	0.397007	0.397007	0.397007	0.397007	0.397007	0.397007	0.397007	0.397007	0.397007	0.397007	0.397007	0.397007	0.397007	0.449421	0.446951	0.450215	0.459339	0.452179	0.456277	0.448031	0.446951	0.446951	0.448289	0.447172	0.446951	0.446951	0.446951	0.447124	0.448666	0.446951	0.447961	0.448376	0.446951	0.446951	0.446951	0.446964	0.447719	0.447418	0.446951	0.446951	0.446951	0.34567	0.346357	0.34567	0.34567	0.34567	0.34567	0.397007	0.397007	0.34567	0.34567	0.34567	0.397007	0.34567	0.34567	0.34567	0.446951	0.446951	0.446951	0.446951	0.446951	0.446951	0.446951	0.446951	0.446951	0.446951
0.397007	0.34567	0.34567	0.34567	0.34567	0.34567	0.397007	0.397007	0.397007	0.397007	0.397007	0.397007	0.397007	0.397007	0.397007	0.397007	0.397007	0.397007	0.397007	0.397007	0.397007	0.446951	0.449421	0.470404	0.465103	0.475685	0.453224	0.446951	0.446951	0.447415	0.447313	0.446951	0.446951	0.446951	0.446951	0.446951	0.446951	0.447586	0.449356	0.446951	0.446951	0.446951	0.446951	0.447248	0.446951	0.449584	0.446951	0.446951	0.446951	0.34567	0.404303	0.34567	0.34567	0.34567	0.34567	0.397007	0.397007	0.346199	0.34567	0.34567	0.397007	0.34567	0.34567	0.34567	0.446951	0.446951	0.446951	0.446951	0.446951	0.446951	0.446951	0.446951	0.446951	0.446951
0.34567	0.34567	0.34567	0.34567	0.34567	0.34567	0.34567	0.34567	0.34567	0.34567	0.397007	0.397007	0.397007	0.397007	0.397007	0.397007	0.397007	0.397007	0.397007	0.397007	0.397007	0.397007	0.397007	0.397007	0.397007	0.465103	0.446951	0.446951	0.448907	0.446951	0.446951	0.446951	0.446951	0.446951	0.446951	0.446951	0.446951	0.447081	0.45047	0.446951	0.446951	0.446951	0.447175	0.446951	0.447229	0.448754	0.446951	0.446951	0.446951	0.446951	0.446951	0.47417	0.397007	0.397007	0.34567	0.34567	0.34567	0.34567	0.34567	0.34567	0.34567	0.34567	0.34567	0.34567	0.34567	0.34567	0.34567	0.446951	0.446951	0.446951	0.446951	0.446951	0.446951	0.446951
0.34567	0.34567	0.34567	0.34567	0.34567	0.34567	0.34567	0.34567	0.34567	0.34567	0.397007	0.397007	0.397007	0.397007	0.397007	0.397007	0.397007	0.397007	0.397007	0.39708	0.397007	0.397007	0.397007	0.397007	0.397007	0.446951	0.446951	0.448131	0.447899	0.446951	0.446951	0.446951	0.447354	0.447925	0.448443	0.449641	0.446951	0.447069	0.449744	0.446951	0.446951	0.447452	0.446951	0.447562	0.448292	0.446951	0.446951	0.446951	0.446951	0.446951	0.446951	0.397007	0.454221	0.397007	0.34567	0.34567	0.34567	0.34567	0.397007	0.397007	0.397007	0.397007	0.397007	0.34567	0.397007	0.397007	0.34567	0.446951	0.446951	0.446951	0.446951	0.446951	0.397007	0.397007
0.34567	0.34567	0.34567	0.34567	0.34567	0.34567	0.34567	0.34567	0.34567	0.34567	0.397007	0.397007	0.397007	0.397007	0.397007	0.397007	0.397007	0.397007	0.397007	0.397007	0.397295	0.397662	0.397007	0.397007	0.397007	0.497172	0.455735	0.447104	0.446951	0.446951	0.446951	0.446956	0.446951	0.447021	0.446993	0.447734	0.447509	0.447132	0.448785	0.448435	0.448194	0.446951	0.44813	0.450167	0.446951	0.446951	0.446951	0.446951	0.446951	0.446951	0.446951	0.397007	0.397007	0.397357	0.346567	0.34567	0.34567	0.34567	0.397007	0.397007	0.397007	0.397007	0.397007	0.34567	0.397007	0.397007	0.34567	0.446951	0.446951	0.446951	0.446951	0.447169	0.397007	0.397007
0.34567	0.34567	0.34567	0.34567	0.34567	0.34567	0.34567	0.34567	0.34567	0.397007	0.397007	0.397007	0.397007	0.397007	0.397007	0.397007	0.397007	0.397007	0.397007	0.488886	0.449607	0.449566	0.507912	0.494053	0.484749	0.461747	0.453861	0.446951	0.446951	0.446951	0.447081	0.447538	0.447151	0.446951	0.446951	0.446951	0.447657	0.446951	0.446951	0.447287	0.446951	0.4488	0.451207	0.446951	0.446951	0.446951	0.446951	0.446951	0.446951	0.446951	0.446951	0.446951	0.397007	0.397007	0.538998	0.397007	0.397007	0.397007	0.397007	0.397007	0.397007	0.397007	0.397007	0.397007	0.397007	0.397007	0.34567	0.34567	0.34567	0.446951	0.397007	0.397007	0.34567	0.34567
0.34567	0.34567	0.34567	0.34567	0.34567	0.34567	0.34567	0.34567	0.34567	0.34567	0.397007	0.397007	0.397007	0.397007	0.397007	0.446951	0.397007	0.397007	0.397007	0.449733	0.449116	0.446951	0.397007	0.397007	0.468877	0.459495	0.455394	0.446951	0.446951	0.447599	0.447213	0.447682	0.450372	0.447882	0.446951	0.447052	0.447336	0.447484	0.449574	0.446951	0.447513	0.450559	0.449386	0.446953	0.446951	0.446951	0.446951	0.446951	0.446953	0.446951	0.446951	0.446951	0.446951	0.446951	0.446951	0.43731	0.397007	0.397007	0.397007	0.397007	0.397007	0.34567	0.34567	0.397007	0.34567	0.34567	0.446951	0.34567	0.34567	0.34567	0.397007	0.397007	0.397007	0.397007
0.34567	0.34567	0.34567	0.34567	0.34567	0.34567	0.34567	0.34567	0.34567	0.34567	0.397007	0.397007	0.397007	0.397007	0.397007	0.446951	0.397007	0.397007	0.397007	0.448519	0.446951	0.454218	0.397007	0.397007	0.454682	0.465204	0.476528	0.464002	0.452183	0.447896	0.448939	0.448786	0.449347	0.449045	0.447388	0.446951	0.446951	0.446951	0.447831	0.448549	0.448319	0.447021	0.446951	0.446951	0.447955	0.446951	0.446951	0.446951	0.446951	0.446951	0.446951	0.446951	0.446951	0.446951	0.446951	0.397488	0.398654	0.397007	0.397007	0.397007	0.397007	0.34567	0.34567	0.397007	0.34567	0.34567	0.446951	0.34567	0.34567	0.34567	0.397007	0.397007	0.397007	0.397007
0.34567	0.34567	0.34567	0.34567	0.34567	0.34567	0.34567	0.34567	0.34567	0.34567	0.446951	0.446951	0.397007	0.397007	0.397007	0.397007	0.446951	0.446951	0.397007	0.446951	0.454613	0.465451	0.46823	0.467455	0.465004	0.477504	0.464447	0.459774	0.452376	0.449508	0.450185	0.447786	0.450058	0.449252	0.448524	0.447729	0.448043	0.447017	0.453939	0.467374	0.449661	0.446951	0.446951	0.446951	0.446951	0.448009	0.446951	0.446951	0.446951	0.446951	0.446951	0.447158	0.446951	0.446951	0.446951	0.397007	0.397007	0.397007	0.34567	0.34567	0.34567	0.34567	0.34567	0.397007	0.397007	0.397007	0.34567	0.34567	0.34567	0.34567	0.34567	0.34567	0.34567	0.34567
0.34567	0.34567	0.34567	0.34567	0.34567	0.34567	0.34567	0.34567	0.34567	0.34567	0.34567	0.34567	0.34567	0.397007	0.397007	0.397007	0.34567	0.34567	0.446951	0.397007	0.397007	0.397007	0.397007	0.397007	0.397007	0.465151	0.456465	0.452845	0.456454	0.468897	0.4517	0.450692	0.451158	0.449761	0.449127	0.448906	0.450506	0.397007	0.397007	0.453777	0.446951	0.446951	0.446951	0.446951	0.449741	0.446951	0.449121	0.450407	0.446951	0.446951	0.446951	0.446951	0.446951	0.446951	0.446951	0.446951	0.446951	0.474627	0.397007	0.397007	0.397007	0.34567	0.34567	0.34567	0.34567	0.34567	0.34567	0.34567	0.34567	0.34567	0.446951	0.446951	0.34567	0.34567
0.34567	0.34567	0.34567	0.34567	0.34567	0.34567	0.34567	0.34567	0.34567	0.34567	0.34567	0.34567	0.34567	0.397007	0.397007	0.397007	0.34567	0.34567	0.446951	0.397007	0.397007	0.397007	0.397007	0.397007	0.397007	0.46624	0.453085	0.457202	0.489276	0.464659	0.472995	0.457692	0.449023	0.44793	0.4514	0.452892	0.446951	0.397007	0.397007	0.446951	0.446951	0.446951	0.446951	0.447067	0.446951	0.447109	0.446951	0.448057	0.446951	0.447629	0.446951	0.446951	0.446951	0.447709	0.446951	0.446951	0.446951	0.397007	0.397743	0.397007	0.397007	0.34567	0.34567	0.34567	0.34567	0.346292	0.34567	0.34567	0.34567	0.34567	0.446951	0.446951	0.34567	0.34567
0.34567	0.34567	0.34567	0.34567	0.34567	0.34567	0.34567	0.34567	0.34567	0.34567	0.34567	0.34567	0.34567	0.397007	0.397007	0.397007	0.397007	0.397007	0.34567	0.446951	0.446951	0.34567	0.34567	0.34567	0.446951	0.455834	0.465759	0.397007	0.4653	0.488185	0.472546	0.465323	0.455278	0.446951	0.477058	0.446951	0.397231	0.495767	0.458568	0.45177	0.464524	0.45227	0.449303	0.446951	0.447204	0.446951	0.446951	0.44704	0.446951	0.446951	0.447431	0.446951	0.446951	0.448436	0.446951	0.446951	0.446951	0.446951	0.446951	0.446951	0.487559	0.34567	0.34567	0.34567	0.34567	0.34567	0.345981	0.34567	0.34567	0.34567	0.34567	0.34567	0.446951	0.446951
0.34567	0.34567	0.34567	0.34567	0.34567	0.34567	0.34567	0.34567	0.34567	0.34567	0.34567	0.34567	0.34567	0.397007	0.397007	0.397007	0.397007	0.397007	0.397007	0.446951	0.446951	0.446951	0.34567	0.34567	0.446951	0.397007	0.397007	0.397007	0.397007	0.397007	0.46624	0.459393	0.459077	0.470124	0.446951	0.446951	0.474116	0.454039	0.446951	0.446951	0.446951	0.449777	0.446951	0.447744	0.446951	0.446951	0.446951	0.446951	0.446951	0.446951	0.447672	0.446951	0.447184	0.446951	0.446951	0.446951	0.446951	0.446951	0.446951	0.446951	0.446951	0.34567	0.34567	0.34567	0.34567	0.34567	0.34567	0.34567	0.34567	0.34567	0.34567	0.34567	0.397007	0.397007
0.34567	0.34567	0.34567	0.34567	0.34567	0.34567	0.34567	0.34567	0.34567	0.34567	0.34567	0.34567	0.34567	0.397007	0.397007	0.397007	0.397007	0.397007	0.397007	0.446951	0.446951	0.446951	0.34567	0.34567	0.446951	0.397007	0.397007	0.397007	0.397007	0.397007	0.466743	0.45688	0.488366	0.485823	0.446951	0.446951	0.464812	0.446951	0.488561	0.446951	0.449781	0.446951	0.446951	0.446951	0.448693	0.446993	0.446951	0.446951	0.446951	0.446951	0.446951	0.449885	0.446951	0.446951	0.446951	0.446951	0.446951	0.446951	0.446951	0.446951	0.446951	0.34567	0.480257	0.34567	0.34567	0.34567	0.34567	0.34567	0.34567	0.34567	0.34567	0.34567	0.397007	0.397007
0.397007	0.397007	0.397007	0.34567	0.34567	0.34567	0.346008	0.346096	0.34567	0.345757	0.34567	0.34567	0.34567	0.397007	0.397007	0.397007	0.397007	0.397007	0.397007	0.397007	0.397007	0.446951	0.446951	0.446951	0.34567	0.397007	0.397007	0.397007	0.397007	0.397007	0.47912	0.397007	0.397007	0.397007	0.446951	0.446951	0.446951	0.446951	0.446951	0.446951	0.34567	0.34567	0.446951	0.446951	0.449151	0.446951	0.449619	0.446951	0.446957	0.446951	0.447349	0.446951	0.446951	0.446951	0.446951	0.446951	0.446951	0.446951	0.446951	0.446951	0.446951	0.34567	0.34567	0.34567	0.34567	0.34567	0.34567	0.34567	0.34567	0.34567	0.34567	0.34567	0.34567	0.34567
0.34567	0.446951	0.446951	0.34567	0.34567	0.34604	0.34567	0.34567	0.34567	0.34567	0.34567	0.34567	0.34567	0.34567	0.34567	0.397007	0.397007	0.397007	0.397007	0.397007	0.397007	0.34567	0.34567	0.34567	0.34567	0.446951	0.446951	0.397007	0.397007	0.397007	0.397007	0.397007	0.397007	0.397007	0.34567	0.34567	0.446991	0.446951	0.446951	0.457901	0.446951	0.446951	0.446951	0.448556	0.446951	0.447628	0.446951	0.448163	0.446951	0.452039	0.446951	0.446951	0.446951	0.446951	0.446951	0.446951	0.446951	0.446951	0.446951	0.446951	0.446951	0.446951	0.446951	0.34567	0.34567	0.34567	0.34567	0.34567	0.34567	0.34567	0.34567	0.34567	0.34567	0.34567
0.347285	0.446951	0.446951	0.34567	0.346292	0.34567	0.34567	0.34567	0.34567	0.34567	0.34567	0.34567	0.34567	0.34567	0.34567	0.397007	0.397007	0.397007	0.397007	0.397007	0.397007	0.34567	0.34567	0.34567	0.34567	0.446951	0.446951	0.397007	0.397007	0.397007	0.397007	0.397007	0.397007	0.397007	0.34567	0.34567	0.447087	0.446951	0.446951	0.492297	0.446951	0.446951	0.452502	0.446951	0.446957	0.446951	0.446951	0.446951	0.447336	0.451428	0.446951	0.446951	0.446951	0.446951	0.447434	0.446951	0.446951	0.446951	0.446951	0.451955	0.446951	0.446951	0.446951	0.34567	0.34567	0.34567	0.34567	0.34567	0.34567	0.34567	0.34567	0.34567	0.34567	0.34567
0.34567	0.346912	0.387758	0.408818	0.34567	0.34567	0.34567	0.34567	0.34567	0.34567	0.34567	0.34567	0.34567	0.34567	0.34567	0.34567	0.397007	0.397007	0.397007	0.397007	0.397007	0.397007	0.34567	0.34567	0.34567	0.446951	0.446951	0.397007	0.397007	0.397007	0.397007	0.34567	0.34567	0.446951	0.446951	0.446951	0.34567	0.34567	0.34567	0.397007	0.397007	0.397007	0.446951	0.447356	0.446951	0.446951	0.446951	0.446951	0.446951	0.452421	0.446951	0.446951	0.446951	0.446951	0.446951	0.446951	0.446951	0.446951	0.446951	0.446951	0.449227	0.446951	0.446951	0.446951	0.34567	0.34567	0.405369	0.34567	0.34567	0.34567	0.34567	0.34567	0.34567	0.34567
0.34567	0.34567	0.34567	0.34567	0.393016	0.34567	0.34567	0.34567	0.34567	0.34567	0.34567	0.34567	0.34567	0.34567	0.34567	0.34567	0.34567	0.34567	0.34567	0.397007	0.397007	0.397007	0.446951	0.446951	0.446951	0.446951	0.446951	0.446951	0.34567	0.34567	0.397007	0.34567	0.34567	0.34567	0.34567	0.34567	0.34567	0.446951	0.46055	0.468775	0.446951	0.446951	0.45235	0.446951	0.447323	0.446951	0.446951	0.447754	0.446951	0.448582	0.449472	0.446951	0.446951	0.446951	0.446951	0.446951	0.446951	0.446962	0.446951	0.446951	0.447915	0.446951	0.446951	0.446951	0.446951	0.446951	0.34567	0.368676	0.34567	0.34567	0.34567	0.34567	0.34567	0.34567
0.34567	0.34567	0.34567	0.349505	0.34567	0.34567	0.34567	0.34567	0.34567	0.34567	0.34567	0.34567	0.34567	0.34567	0.34567	0.34567	0.34567	0.34567	0.34567	0.397007	0.397007	0.397007	0.446951	0.446951	0.446951	0.446951	0.446951	0.446951	0.34567	0.34567	0.397007	0.34567	0.34567	0.34567	0.34567	0.34567	0.34567	0.479701	0.453193	0.475815	0.446951	0.452045	0.446951	0.446951	0.448903	0.447592	0.446951	0.448033	0.447018	0.447622	0.446951	0.446951	0.449238	0.446951	0.446951	0.447284	0.447103	0.446951	0.446951	0.446967	0.446951	0.446951	0.446951	0.446951	0.446951	0.447641	0.34567	0.346614	0.34567	0.34567	0.34567	0.34567	0.34567	0.34567
0.397007	0.34567	0.34567	0.413569	0.34567	0.34567	0.34567	0.34567	0.34567	0.34567	0.34567	0.34567	0.34567	0.34567	0.34567	0.34567	0.34567	0.34567	0.446951	0.446951	0.446951	0.397007	0.446951	0.446951	0.34567	0.446951	0.446951	0.446951	0.34567	0.34567	0.446951	0.446951	0.446951	0.397007	0.397007	0.397007	0.397007	0.469894	0.47696	0.489993	0.459496	0.456955	0.446951	0.447254	0.448674	0.448026	0.44705	0.447253	0.449905	0.446951	0.446951	0.446951	0.446951	0.446951	0.446951	0.446951	0.446951	0.446951	0.446951	0.446951	0.446951	0.446951	0.446951	0.446951	0.397007	0.397007	0.397007	0.397007	0.397007	0.34567	0.34567	0.34567	0.34567	0.34567
0.34567	0.34567	0.34567	0.397007	0.397007	0.397007	0.34567	0.34567	0.34567	0.34567	0.34567	0.34567	0.34567	0.34567	0.34567	0.34567	0.34567	0.34567	0.34567	0.446951	0.446951	0.397007	0.397007	0.397007	0.446951	0.446951	0.446951	0.34567	0.446951	0.446951	0.446951	0.446951	0.446951	0.34567	0.397007	0.397007	0.397007	0.397007	0.397007	0.473873	0.467036	0.446951	0.455609	0.449414	0.448978	0.448059	0.448094	0.454332	0.446951	0.446951	0.446951	0.447568	0.446951	0.446951	0.447399	0.446951	0.446951	0.448	0.446951	0.446951	0.446951	0.446951	0.446951	0.446951	0.446951	0.446951	0.446951	0.412138	0.397007	0.397007	0.34567	0.34567	0.34567	0.34567
0.34567	0.34567	0.34567	0.462514	0.397007	0.397007	0.34567	0.34567	0.34567	0.34567	0.34567	0.34567	0.34567	0.34567	0.34567	0.34567	0.34567	0.34567	0.34567	0.446951	0.446951	0.397007	0.397007	0.397007	0.446951	0.446951	0.446951	0.34567	0.446951	0.446951	0.446951	0.446951	0.446951	0.34567	0.397007	0.397007	0.397007	0.397007	0.397007	0.500311	0.446951	0.464619	0.455838	0.448837	0.449513	0.44865	0.447208	0.448928	0.450253	0.446951	0.446951	0.448064	0.447666	0.448429	0.446951	0.447142	0.447338	0.446951	0.446951	0.446951	0.446951	0.446951	0.446951	0.446951	0.446951	0.446951	0.446951	0.397007	0.397081	0.397007	0.34567	0.34567	0.34567	0.34567
0.34567	0.34567	0.34567	0.397007	0.404919	0.398436	0.409754	0.34645	0.34567	0.34567	0.34567	0.34567	0.34567	0.34567	0.34567	0.34567	0.34567	0.34567	0.34567	0.446951	0.446951	0.446951	0.446951	0.446951	0.34567	0.446951	0.446951	0.446951	0.34567	0.34567	0.34567	0.446951	0.446951	0.397007	0.450767	0.45677	0.397007	0.480336	0.487751	0.397007	0.489396	0.465994	0.454611	0.450876	0.452889	0.452686	0.448137	0.449516	0.446951	0.446951	0.44867	0.44756	0.451113	0.446951	0.447372	0.447481	0.446951	0.446951	0.446951	0.446951	0.446951	0.446951	0.446951	0.446951	0.446951	0.446951	0.397007	0.446951	0.446951	0.397007	0.34567	0.34567	0.34567	0.34567
0.46987	0.397007	0.397007	0.34567	0.34567	0.345958	0.397007	0.397007	0.397007	0.34567	0.34567	0.34567	0.34567	0.34567	0.34567	0.34567	0.34567	0.34567	0.34567	0.34567	0.34567	0.34567	0.446951	0.446951	0.34567	0.446951	0.446951	0.446951	0.446951	0.446951	0.446951	0.446951	0.446951	0.397007	0.397007	0.397007	0.397007	0.397007	0.397007	0.397007	0.488641	0.461514	0.452578	0.452624	0.452843	0.451387	0.454033	0.446951	0.446951	0.449694	0.449149	0.456917	0.446951	0.447113	0.451472	0.446951	0.446951	0.446951	0.446951	0.446951	0.446951	0.446951	0.446951	0.446951	0.446951	0.446951	0.446951	0.446951	0.446951	0.446951	0.397007	0.466992	0.34567	0.34567
0.474116	0.397007	0.397007	0.34567	0.34567	0.34567	0.397105	0.397007	0.397007	0.34567	0.34567	0.34567	0.34567	0.34567	0.34567	0.34567	0.34567	0.34567	0.34567	0.34567	0.34567	0.34567	0.446951	0.446951	0.34567	0.446951	0.446951	0.446951	0.446951	0.446951	0.446951	0.446951	0.446951	0.397007	0.397007	0.397007	0.397007	0.397007	0.397007	0.397007	0.480016	0.46055	0.465897	0.466433	0.452026	0.45599	0.446951	0.446951	0.463952	0.452113	0.489258	0.446951	0.447382	0.446951	0.447846	0.460806	0.446951	0.446951	0.446951	0.446951	0.44735	0.446951	0.446951	0.446951	0.446951	0.446951	0.446951	0.446951	0.446951	0.446951	0.397007	0.397007	0.34595	0.34567
0.397007	0.34567	0.34567	0.34567	0.34567	0.345901	0.446951	0.397007	0.398436	0.397007	0.34567	0.34567	0.34567	0.34567	0.34567	0.34567	0.34567	0.34567	0.34567	0.34567	0.34567	0.34567	0.34567	0.34567	0.34567	0.446951	0.446951	0.446951	0.446951	0.446951	0.446951	0.446951	0.446951	0.446951	0.397007	0.397007	0.496382	0.397007	0.397007	0.397007	0.479701	0.490523	0.490653	0.464428	0.477545	0.489586	0.50307	0.495912	0.466425	0.397007	0.397007	0.446951	0.450521	0.446951	0.397007	0.447481	0.446951	0.446951	0.446951	0.446955	0.446951	0.446951	0.446951	0.446951	0.446951	0.446951	0.446951	0.446951	0.446951	0.446951	0.397007	0.397007	0.34567	0.34567
0.397007	0.446951	0.446951	0.34567	0.34567	0.34567	0.34567	0.397007	0.465472	0.397007	0.397007	0.397007	0.34567	0.397007	0.397007	0.34567	0.34567	0.34567	0.34567	0.34567	0.34567	0.34567	0.34567	0.34567	0.446951	0.446951	0.446951	0.446951	0.446951	0.446951	0.446951	0.446951	0.446951	0.397007	0.397007	0.397007	0.397007	0.397007	0.397007	0.397007	0.397007	0.397007	0.489452	0.397007	0.397007	0.397007	0.495663	0.462217	0.491731	0.397007	0.397007	0.455044	0.448106	0.448114	0.447208	0.446951	0.446951	0.446951	0.446956	0.446951	0.446951	0.446951	0.446951	0.446951	0.446951	0.446951	0.446951	0.446951	0.446951	0.446951	0.446951	0.446951	0.397007	0.397007
0.397007	0.446951	0.446951	0.34567	0.345827	0.34567	0.34567	0.512625	0.397007	0.397007	0.413041	0.398629	0.346127	0.397007	0.397007	0.34567	0.34567	0.34567	0.34567	0.34567	0.34567	0.34567	0.34567	0.34567	0.446951	0.446951	0.446951	0.446951	0.446951	0.446951	0.446951	0.446951	0.446951	0.397007	0.397007	0.397007	0.397007	0.397007	0.397007	0.397007	0.397007	0.397007	0.489238	0.397007	0.397063	0.397008	0.466188	0.487929	0.489424	0.397007	0.397007	0.447962	0.447109	0.447512	0.446951	0.446951	0.446951	0.446951	0.446951	0.446951	0.447271	0.447407	0.446951	0.447008	0.446951	0.446951	0.446951	0.446951	0.446951	0.446951	0.446951	0.446951	0.397007	0.397007
0.397007	0.34567	0.34567	0.34567	0.446951	0.446951	0.446951	0.34567	0.34567	0.397007	0.397007	0.397007	0.397007	0.397007	0.397007	0.446951	0.34567	0.34567	0.34567	0.34567	0.34567	0.34567	0.34567	0.34567	0.34567	0.446951	0.446951	0.446951	0.446951	0.446951	0.446951	0.34567	0.34567	0.397007	0.397233	0.397007	0.397007	0.397007	0.397007	0.397007	0.397007	0.397007	0.491846	0.397007	0.397007	0.494766	0.397007	0.397007	0.446951	0.450149	0.448875	0.44856	0.448215	0.446951	0.446951	0.446951	0.446959	0.446951	0.446951	0.447029	0.447467	0.446951	0.446951	0.446951	0.44696	0.446951	0.446951	0.446951	0.446951	0.446951	0.446951	0.446951	0.446951	0.446951
0.397007	0.397007	0.397007	0.450361	0.34567	0.34567	0.34567	0.469299	0.397007	0.397007	0.397007	0.397007	0.451414	0.464405	0.451773	0.446951	0.34567	0.34567	0.34567	0.34567	0.34567	0.34567	0.34567	0.34567	0.34567	0.34567	0.34567	0.34567	0.34567	0.34567	0.446951	0.446951	0.446951	0.397007	0.397007	0.397007	0.397007	0.397007	0.397007	0.397007	0.397007	0.397007	0.397007	0.397007	0.397007	0.494853	0.468072	0.455481	0.452851	0.449066	0.447629	0.447863	0.446951	0.446951	0.446951	0.448221	0.446951	0.446951	0.446951	0.446951	0.446951	0.446951	0.446951	0.447063	0.446951	0.446951	0.446951	0.446951	0.446951	0.446951	0.446951	0.446951	0.446951	0.446951
0.397007	0.397007	0.397007	0.446951	0.34567	0.34567	0.34567	0.397007	0.397893	0.397007	0.397007	0.397007	0.446951	0.446951	0.446951	0.446951	0.34567	0.34567	0.34567	0.34567	0.34567	0.34567	0.34567	0.34567	0.34567	0.34567	0.34567	0.34567	0.34567	0.34567	0.446951	0.446951	0.446951	0.397007	0.397007	0.397007	0.397007	0.397007	0.397007	0.397007	0.397007	0.397007	0.397007	0.397007	0.397007	0.494597	0.46767	0.461844	0.449891	0.447709	0.447312	0.446951	0.446951	0.446951	0.446951	0.446951	0.447516	0.448409	0.449571	0.446951	0.446951	0.446951	0.446951	0.450212	0.446951	0.446951	0.446951	0.446951	0.446951	0.446951	0.446951	0.446951	0.446951	0.446951
0.397007	0.446951	0.446951	0.446951	0.34567	0.34567	0.446951	0.34567	0.34567	0.446951	0.375511	0.34567	0.397007	0.446951	0.446951	0.446951	0.446951	0.446951	0.34567	0.34567	0.34567	0.34567	0.34567	0.34567	0.34567	0.34567	0.34567	0.34567	0.446951	0.446951	0.446951	0.34567	0.34567	0.446951	0.397007	0.397007	0.397007	0.458694	0.478026	0.397007	0.397007	0.397007	0.397007	0.397007	0.397007	0.491094	0.48659	0.452968	0.447707	0.446951	0.446951	0.446951	0.446951	0.446951	0.446951	0.448655	0.447954	0.449698	0.446951	0.447556	0.446951	0.446951	0.447258	0.448401	0.446951	0.446951	0.446951	0.446951	0.446951	0.446951	0.446951	0.446951	0.446951	0.446951
0.446951	0.446951	0.446951	0.446951	0.34567	0.34567	0.34567	0.446951	0.446951	0.446951	0.34567	0.395973	0.446951	0.446951	0.446951	0.446951	0.446951	0.446951	0.34567	0.34567	0.34567	0.34567	0.34567	0.34567	0.446951	0.446951	0.446951	0.446951	0.446951	0.446951	0.446951	0.34567	0.34567	0.446951	0.446951	0.449652	0.397007	0.397007	0.397007	0.397007	0.397007	0.397007	0.397007	0.397007	0.397007	0.397007	0.464165	0.449331	0.44852	0.446951	0.446951	0.446951	0.446951	0.446951	0.448514	0.448483	0.458281	0.446951	0.446951	0.446951	0.449061	0.447464	0.447752	0.446951	0.446951	0.446951	0.446951	0.446951	0.446951	0.446951	0.446951	0.446951	0.446951	0.446951
0.446951	0.446951	0.446951	0.446951	0.34567	0.34567	0.34567	0.446951	0.446951	0.446951	0.34567	0.34567	0.446951	0.446951	0.446951	0.446951	0.446951	0.446951	0.34567	0.34567	0.34567	0.34567	0.34567	0.34567	0.446951	0.446951	0.446951	0.446951	0.446951	0.446951	0.446951	0.34567	0.34567	0.446951	0.450513	0.451149	0.397007	0.397007	0.397007	0.397007	0.397007	0.397007	0.397007	0.397007	0.397007	0.397007	0.448606	0.448454	0.446951	0.446951	0.446951	0.446951	0.446951	0.446951	0.447441	0.447482	0.448398	0.453689	0.446951	0.448334	0.447687	0.447542	0.446951	0.446951	0.446951	0.446951	0.446951	0.446951	0.446951	0.446951	0.446951	0.446951	0.446951	0.446951
0.446951	0.446951	0.446951	0.397007	0.397007	0.397007	0.34567	0.34567	0.34567	0.34567	0.34567	0.34567	0.34567	0.446951	0.446951	0.397007	0.446951	0.446951	0.34567	0.34567	0.34567	0.34567	0.34567	0.34567	0.34567	0.34567	0.34567	0.34567	0.446951	0.446951	0.446951	0.34567	0.34567	0.397007	0.397007	0.397007	0.397007	0.397007	0.397007	0.397007	0.397007	0.397007	0.397007	0.466965	0.45263	0.448604	0.447569	0.446951	0.446951	0.446951	0.446951	0.446951	0.448642	0.446954	0.448942	0.449314	0.450379	0.446951	0.448144	0.447755	0.447811	0.446951	0.446951	0.446951	0.446951	0.446951	0.446951	0.446951	0.446951	0.446951	0.446951	0.446951	0.446951	0.446951
0.446951	0.446951	0.446951	0.448219	0.446952	0.446951	0.34567	0.34567	0.34567	0.34567	0.34567	0.34567	0.34567	0.397007	0.397379	0.397007	0.34567	0.34567	0.34567	0.34567	0.34567	0.34567	0.34567	0.34567	0.34567	0.34567	0.34567	0.34567	0.446951	0.446951	0.446951	0.397007	0.397007	0.397007	0.397007	0.397007	0.397007	0.397007	0.397007	0.397007	0.397007	0.397007	0.397007	0.46073	0.449205	0.447632	0.446951	0.446951	0.446951	0.446951	0.446951	0.45298	0.451318	0.451891	0.448114	0.460342	0.446951	0.448377	0.447626	0.448135	0.446951	0.446951	0.446951	0.446951	0.446951	0.446951	0.446951	0.446951	0.446951	0.446951	0.446951	0.446951	0.446951	0.446951
0.446951	0.446951	0.449116	0.448055	0.446956	0.446951	0.34567	0.34567	0.34567	0.34567	0.34567	0.34567	0.34567	0.397007	0.469638	0.411625	0.34567	0.34567	0.34567	0.34567	0.34567	0.34567	0.34567	0.34567	0.34567	0.34567	0.34567	0.34567	0.446951	0.446951	0.446951	0.397007	0.397007	0.397007	0.397007	0.397007	0.397007	0.397007	0.397007	0.397007	0.397007	0.397007	0.397007	0.453157	0.447828	0.446951	0.446951	0.446951	0.446951	0.446951	0.456522	0.455233	0.460992	0.449603	0.451318	0.45984	0.450896	0.448324	0.449739	0.446951	0.446951	0.446951	0.446951	0.446951	0.446951	0.446951	0.446951	0.446951	0.446951	0.446951	0.446951	0.446951	0.446951	0.446951
0.446951	0.45347	0.448321	0.447683	0.447595	0.446951	0.397007	0.446951	0.446951	0.34567	0.34567	0.34567	0.34567	0.34567	0.34567	0.397135	0.397007	0.39722	0.34567	0.34567	0.34567	0.34567	0.34567	0.34567	0.34567	0.34567	0.34567	0.34567	0.34567	0.34567	0.397007	0.34567	0.34567	0.397007	0.397007	0.397007	0.397007	0.397007	0.397007	0.458506	0.455834	0.456436	0.456542	0.449257	0.446951	0.446951	0.446951	0.446951	0.446951	0.460689	0.45944	0.489921	0.466117	0.47581	0.479017	0.454533	0.447999	0.448366	0.446951	0.446951	0.446951	0.446951	0.446951	0.446951	0.446951	0.446951	0.446951	0.446951	0.446951	0.446951	0.446951	0.446951	0.446951	0.446951
0.397007	0.455044	0.45071	0.44892	0.449984	0.446951	0.456161	0.446951	0.446951	0.397007	0.446951	0.446951	0.34567	0.34567	0.34567	0.397007	0.397007	0.397007	0.370523	0.405793	0.34567	0.34567	0.34567	0.34567	0.34567	0.34567	0.34567	0.34567	0.34567	0.34567	0.34567	0.34567	0.34567	0.397007	0.397007	0.397007	0.397007	0.397007	0.397007	0.397007	0.397007	0.397007	0.449188	0.446951	0.446951	0.446951	0.446951	0.446951	0.397007	0.397007	0.397007	0.480336	0.397007	0.397007	0.474667	0.452841	0.45604	0.446951	0.446951	0.446951	0.446951	0.446951	0.446951	0.446951	0.446951	0.446951	0.446951	0.446951	0.446951	0.446951	0.446951	0.446951	0.446951	0.446951
0.397007	0.45347	0.454638	0.454449	0.446951	0.468115	0.470199	0.446951	0.446951	0.397007	0.446951	0.446951	0.34567	0.34567	0.34567	0.397007	0.397007	0.397007	0.34567	0.34567	0.346951	0.34567	0.34567	0.34567	0.34567	0.34567	0.34567	0.34567	0.34567	0.34567	0.34567	0.34567	0.34567	0.397007	0.397007	0.397007	0.397007	0.397007	0.397007	0.397007	0.397007	0.397007	0.446951	0.446951	0.446951	0.446951	0.446951	0.459336	0.397007	0.397007	0.397007	0.465004	0.397007	0.397007	0.464527	0.480322	0.449691	0.446951	0.446951	0.446951	0.446951	0.446951	0.446951	0.446951	0.446951	0.446951	0.446951	0.446951	0.446951	0.446951	0.446951	0.446951	0.446951	0.446951
0.397007	0.397007	0.397007	0.446951	0.397007	0.397103	0.446951	0.446951	0.446951	0.446951	0.34567	0.34567	0.34567	0.34567	0.34567	0.34567	0.397007	0.397007	0.34567	0.397007	0.397007	0.397007	0.34567	0.34567	0.34567	0.34567	0.34567	0.34567	0.34567	0.34567	0.34567	0.34567	0.34567	0.34567	0.397007	0.397007	0.397007	0.446951	0.446951	0.446951	0.446951	0.446951	0.446951	0.446951	0.446951	0.446951	0.449543	0.459119	0.397007	0.397007	0.397007	0.454306	0.397007	0.397007	0.397007	0.454608	0.446951	0.446951	0.446951	0.446951	0.446951	0.446951	0.446951	0.446951	0.446951	0.446951	0.446951	0.446951	0.446951	0.446951	0.446951	0.446951	0.446951	0.446951
0.34567	0.34567	0.34567	0.397007	0.446951	0.446951	0.446951	0.446951	0.446951	0.446951	0.446951	0.446951	0.34567	0.34567	0.34567	0.446951	0.34567	0.34567	0.397007	0.397261	0.397007	0.397007	0.473783	0.34567	0.34567	0.34567	0.34567	0.34567	0.34567	0.34567	0.34567	0.34567	0.34567	0.34567	0.446951	0.446951	0.446951	0.446951	0.446951	0.446951	0.446951	0.446951	0.446951	0.446951	0.446951	0.397007	0.397007	0.397007	0.397007	0.397007	0.397007	0.447773	0.397007	0.397007	0.448519	0.446951	0.446951	0.446951	0.446951	0.446951	0.446951	0.446951	0.446951	0.446951	0.446951	0.446951	0.446951	0.446951	0.446951	0.446951	0.446951	0.446951	0.446951	0.446951
0.34567	0.34567	0.34567	0.397007	0.446951	0.446951	0.446951	0.446951	0.446951	0.446951	0.446951	0.446951	0.34567	0.34567	0.34567	0.446951	0.34567	0.34567	0.397007	0.397007	0.397073	0.397007	0.34567	0.346292	0.34567	0.34567	0.34567	0.34567	0.34567	0.34567	0.34567	0.34567	0.34567	0.34567	0.446951	0.446951	0.446951	0.446951	0.446951	0.446951	0.446951	0.446951	0.446951	0.446951	0.446951	0.397007	0.397007	0.397007	0.397007	0.397007	0.397007	0.446951	0.397007	0.397007	0.446951	0.446951	0.446951	0.446951	0.446951	0.446951	0.446951	0.446951	0.446951	0.446951	0.446951	0.446951	0.446951	0.446951	0.446951	0.446951	0.446951	0.446951	0.446951	0.446951
