Crust moisture [-]
0.107223	0.120354	0.106268	0.095127	0.105126	0.106961	0.095127	0.105126	0.105126	0.105126	0.105126	0.105126	0.105126	0.0953809	0.095127	0.095127	0.095127	0.095127	0.095127	0.095127	0.095127	0.12909	0.12909	0.12909	0.095127	0.095127	0.095127	0.095127	0.095127	0.095127	0.095127	0.095127	0.095127	0.095127	0.12909	0.12909	0.105126	0.095127	0.095127	0.095127	0.095127	0.095127	0.105126	0.12909	0.12909	0.12909	0.12909	0.12909	0.105126	0.095127	0.095127	0.095127	0.095127	0.095127	0.095127	0.105126	0.105126	0.095127	0.095127	0.095127	0.095127	0.095127	0.095127	0.12909	0.095127	0.095127	0.105126	0.095127	0.095127	0.095127	0.095127	0.095127	0.105126	0.105126
0.105126	0.105126	0.105126	0.095127	0.105126	0.105126	0.095127	0.105126	0.105126	0.105126	0.105126	0.105126	0.105126	0.0954684	0.095127	0.095127	0.095127	0.095127	0.095127	0.095127	0.095127	0.12909	0.12909	0.12909	0.095127	0.095127	0.095127	0.095127	0.0951505	0.095127	0.095127	0.095127	0.095127	0.095127	0.12909	0.12909	0.105126	0.095127	0.095127	0.095127	0.095127	0.095127	0.108662	0.12909	0.12909	0.12909	0.12909	0.12909	0.105126	0.095127	0.095127	0.095127	0.095127	0.095127	0.095127	0.105126	0.105126	0.095127	0.095127	0.095127	0.095127	0.095127	0.095127	0.12909	0.095127	0.095127	0.105126	0.095127	0.095127	0.095127	0.095127	0.095127	0.105126	0.105126
0.095127	0.12909	0.12909	0.12909	0.12909	0.12909	0.117691	0.105126	0.105126	0.105126	0.105126	0.105126	0.105126	0.095127	0.0991001	0.095127	0.095127	0.095127	0.095127	0.105126	0.105126	0.12909	0.105126	0.105126	0.095127	0.095127	0.095127	0.095127	0.095127	0.095127	0.095127	0.095127	0.095127	0.095127	0.095127	0.095127	0.095127	0.095127	0.095127	0.095127	0.106749	0.105126	0.095127	0.095127	0.095127	0.12909	0.12909	0.12909	0.12909	0.095127	0.095127	0.095127	0.095127	0.095127	0.095127	0.105126	0.105126	0.095127	0.095127	0.095127	0.095127	0.12909	0.12909	0.095127	0.12909	0.12909	0.12909	0.095127	0.095127	0.095127	0.095127	0.095127	0.095127	0.095127
0.12909	0.12909	0.12909	0.12909	0.12909	0.12909	0.12909	0.105126	0.105126	0.105126	0.105126	0.105126	0.105126	0.0951587	0.0955289	0.105348	0.095127	0.095127	0.095127	0.095127	0.095127	0.105126	0.105126	0.105126	0.105126	0.095127	0.095127	0.12909	0.095127	0.095127	0.095127	0.095127	0.095127	0.095127	0.095127	0.095127	0.095127	0.095127	0.095127	0.095127	0.095127	0.095127	0.095127	0.095127	0.095127	0.095127	0.095127	0.095127	0.095127	0.095127	0.095127	0.095127	0.095127	0.095127	0.095127	0.095127	0.095127	0.095127	0.12909	0.12909	0.12909	0.108027	0.105126	0.12909	0.12909	0.12909	0.12909	0.12909	0.12909	0.12909	0.12909	0.12909	0.095127	0.095127
0.12909	0.12909	0.12909	0.12909	0.138642	0.13576	0.130471	0.105903	0.105126	0.105126	0.105126	0.105126	0.105126	0.095127	0.095127	0.117773	0.0952345	0.10396	0.095756	0.095127	0.095127	0.105126	0.105126	0.105126	0.105126	0.095127	0.095127	0.12909	0.095127	0.095127	0.0956229	0.095127	0.095127	0.095127	0.095127	0.095127	0.095127	0.095127	0.095127	0.095127	0.095127	0.095127	0.095127	0.095127	0.095127	0.095127	0.095127	0.095127	0.095127	0.095127	0.095127	0.095127	0.095127	0.095127	0.095127	0.095127	0.095127	0.095127	0.12909	0.12909	0.12909	0.105126	0.107833	0.12909	0.137562	0.130714	0.12909	0.12909	0.12909	0.12909	0.12909	0.12909	0.095127	0.095127
0.114539	0.107852	0.116132	0.129428	0.12909	0.130353	0.12909	0.12909	0.12909	0.095127	0.095127	0.095127	0.105126	0.095127	0.095127	0.095127	0.0973626	0.095127	0.095127	0.095127	0.095127	0.095127	0.12909	0.12909	0.105126	0.105126	0.105126	0.105126	0.105126	0.105126	0.095127	0.095127	0.095127	0.100931	0.095127	0.095127	0.095127	0.12909	0.12909	0.12909	0.095127	0.095127	0.095127	0.095127	0.095127	0.095127	0.12909	0.131688	0.12909	0.095127	0.095127	0.095127	0.12909	0.12909	0.12909	0.095127	0.095127	0.095127	0.095127	0.095127	0.12909	0.105934	0.120416	0.12168	0.12909	0.12909	0.12909	0.12909	0.12909	0.12909	0.12909	0.12909	0.12909	0.12909
0.105126	0.110756	0.116042	0.12909	0.105126	0.105126	0.12909	0.12909	0.12909	0.12909	0.138798	0.12909	0.12909	0.105126	0.105126	0.117762	0.105126	0.105126	0.095127	0.12909	0.12909	0.12909	0.095127	0.095127	0.095127	0.105126	0.105126	0.105126	0.105126	0.105126	0.105126	0.105126	0.105126	0.12909	0.12909	0.138849	0.137863	0.12909	0.12909	0.12909	0.117626	0.117671	0.095127	0.095127	0.095127	0.138154	0.134686	0.12909	0.12909	0.137845	0.12909	0.12909	0.12909	0.12909	0.12909	0.137755	0.12909	0.095127	0.095127	0.095127	0.118077	0.118188	0.10902	0.12909	0.12909	0.12909	0.12909	0.12909	0.12909	0.12909	0.12909	0.12909	0.095127	0.095127
0.105126	0.119836	0.119428	0.129955	0.105126	0.105126	0.12909	0.12909	0.12909	0.12909	0.137989	0.12909	0.12909	0.105126	0.105126	0.1177	0.105126	0.105126	0.095127	0.12909	0.12909	0.12909	0.095127	0.095127	0.095127	0.105126	0.105126	0.105126	0.105126	0.105126	0.105126	0.105126	0.105126	0.12909	0.12909	0.12909	0.12909	0.132139	0.141151	0.12909	0.118466	0.105126	0.095127	0.0955458	0.095208	0.12909	0.12909	0.12909	0.12909	0.12909	0.138063	0.133424	0.1381	0.138269	0.136099	0.12909	0.130521	0.0952176	0.095127	0.095127	0.105126	0.105126	0.105126	0.12909	0.12909	0.12909	0.12909	0.12909	0.12909	0.12909	0.12909	0.12909	0.095127	0.095127
0.137841	0.13106	0.12909	0.131891	0.117015	0.106212	0.12909	0.108741	0.105126	0.105126	0.137834	0.12909	0.12909	0.12909	0.12909	0.115473	0.105126	0.105126	0.105126	0.12909	0.12909	0.117936	0.095127	0.095127	0.095127	0.095127	0.095127	0.095127	0.105126	0.105126	0.105126	0.105126	0.105126	0.105126	0.12909	0.12909	0.12909	0.095127	0.095127	0.12909	0.12909	0.137829	0.148458	0.095127	0.095127	0.095127	0.12909	0.12909	0.105126	0.105126	0.105126	0.105126	0.105137	0.107407	0.12297	0.157553	0.118162	0.12909	0.095127	0.095127	0.095127	0.105126	0.105126	0.12909	0.12909	0.12909	0.12909	0.12909	0.12909	0.12909	0.12909	0.12909	0.095127	0.095127
0.118706	0.130471	0.12909	0.105126	0.12909	0.12909	0.109173	0.12909	0.12909	0.12909	0.137782	0.12909	0.12909	0.12909	0.12909	0.12909	0.132785	0.12909	0.105126	0.12909	0.12909	0.118625	0.12909	0.138198	0.095127	0.095127	0.095127	0.095127	0.105126	0.105126	0.105126	0.107155	0.105126	0.105126	0.105126	0.105126	0.105126	0.105126	0.105126	0.095127	0.12909	0.12909	0.095127	0.095127	0.095127	0.095127	0.12909	0.12909	0.105126	0.105126	0.105126	0.105126	0.105126	0.105126	0.107682	0.12909	0.12909	0.12909	0.12909	0.12909	0.12909	0.12909	0.12909	0.12909	0.12909	0.137562	0.135779	0.12909	0.12909	0.12909	0.095127	0.095127	0.095127	0.095127
0.118349	0.12909	0.12909	0.108513	0.12909	0.12909	0.111856	0.12909	0.136264	0.138013	0.12909	0.12909	0.12909	0.12909	0.12909	0.12909	0.12909	0.12909	0.105126	0.12909	0.131125	0.118419	0.12909	0.12909	0.0952649	0.095127	0.095127	0.095127	0.105126	0.105126	0.112741	0.105126	0.105126	0.105126	0.105136	0.105126	0.105126	0.105126	0.105126	0.095127	0.12909	0.12909	0.095127	0.095127	0.095127	0.095127	0.12909	0.12909	0.105126	0.105126	0.105126	0.105126	0.105126	0.105126	0.105126	0.12909	0.12909	0.135518	0.12909	0.12909	0.12909	0.12909	0.137971	0.138554	0.138131	0.12909	0.12909	0.12909	0.12909	0.12909	0.095127	0.095127	0.095127	0.095127
0.12909	0.107582	0.11111	0.12909	0.12909	0.12909	0.12909	0.12909	0.12909	0.105126	0.13567	0.12909	0.12909	0.12909	0.12909	0.12909	0.12909	0.138255	0.123506	0.120186	0.105126	0.095127	0.12909	0.12909	0.12909	0.105126	0.105126	0.105126	0.11776	0.105126	0.118605	0.105126	0.105126	0.105126	0.105234	0.105126	0.105126	0.105126	0.105126	0.105126	0.105126	0.107682	0.095127	0.0979458	0.095127	0.095127	0.105126	0.105126	0.105126	0.105126	0.105126	0.105126	0.105126	0.105126	0.105126	0.105126	0.106742	0.12909	0.12909	0.12909	0.139313	0.137689	0.12909	0.12909	0.12909	0.12909	0.12909	0.12909	0.12909	0.12909	0.12909	0.12909	0.095127	0.095127
0.12909	0.105734	0.113174	0.12909	0.105126	0.105126	0.10942	0.106812	0.111633	0.118024	0.130901	0.12909	0.12909	0.12909	0.12909	0.12909	0.12909	0.12909	0.110359	0.137872	0.130446	0.095127	0.12909	0.12909	0.12909	0.12909	0.13815	0.12909	0.12909	0.12909	0.13041	0.105126	0.105126	0.105126	0.105126	0.105126	0.105126	0.105126	0.105126	0.105126	0.12909	0.12909	0.12909	0.0961838	0.095127	0.095127	0.105126	0.105126	0.105126	0.105126	0.105126	0.105126	0.105126	0.105126	0.105126	0.105126	0.105126	0.109896	0.12909	0.143188	0.12909	0.12909	0.12909	0.12909	0.12909	0.12909	0.12909	0.095127	0.095127	0.107588	0.12909	0.12909	0.105126	0.105126
0.133023	0.105126	0.10745	0.12909	0.105126	0.105126	0.106284	0.108085	0.113006	0.118314	0.12909	0.12909	0.12909	0.12909	0.12909	0.12909	0.12909	0.12909	0.122269	0.131987	0.12909	0.095127	0.12994	0.130678	0.12909	0.12909	0.138161	0.12909	0.12909	0.12909	0.12909	0.118091	0.105126	0.105126	0.105126	0.105126	0.105706	0.105126	0.105126	0.105126	0.12909	0.12909	0.12909	0.095127	0.095127	0.095127	0.105126	0.105126	0.105126	0.105126	0.105126	0.105126	0.105126	0.105126	0.105126	0.105126	0.105126	0.105126	0.12909	0.12909	0.12909	0.12909	0.12946	0.138181	0.12909	0.12909	0.12909	0.095127	0.095127	0.11825	0.12909	0.12909	0.105126	0.105126
0.133404	0.12909	0.12909	0.117614	0.117709	0.110975	0.105126	0.113031	0.11857	0.118693	0.12909	0.12909	0.12909	0.12909	0.12909	0.118232	0.12909	0.137925	0.12909	0.12909	0.134346	0.105126	0.095127	0.095127	0.095127	0.12909	0.12909	0.137994	0.12909	0.12909	0.12909	0.105376	0.105126	0.105126	0.105126	0.105126	0.105126	0.106094	0.105126	0.105126	0.105126	0.105126	0.105126	0.095127	0.095127	0.095127	0.095127	0.095127	0.12909	0.105126	0.105126	0.105126	0.105126	0.105126	0.105126	0.105126	0.105126	0.105205	0.105126	0.105923	0.12909	0.12909	0.12909	0.12909	0.131334	0.12909	0.12909	0.095127	0.095127	0.105126	0.105126	0.105126	0.105126	0.105126
0.13782	0.12909	0.12909	0.12909	0.12909	0.12909	0.12909	0.105126	0.11868	0.12909	0.12909	0.12909	0.12909	0.137907	0.131748	0.12909	0.12909	0.138533	0.12909	0.105126	0.119697	0.095127	0.095127	0.095127	0.095127	0.12909	0.12909	0.12909	0.137949	0.12909	0.12909	0.110975	0.106524	0.107049	0.118433	0.105126	0.105377	0.105126	0.105126	0.105126	0.105126	0.105126	0.105126	0.12909	0.12909	0.095127	0.095127	0.095127	0.095127	0.12909	0.12909	0.12909	0.12909	0.12909	0.12909	0.105126	0.105126	0.105126	0.105131	0.105126	0.109869	0.12909	0.12909	0.12909	0.12909	0.12909	0.12909	0.118276	0.105126	0.105126	0.105126	0.105126	0.105126	0.105126
0.12909	0.12909	0.12909	0.12909	0.12909	0.12909	0.12909	0.105126	0.119059	0.12909	0.12909	0.135546	0.12909	0.138893	0.12909	0.129428	0.132024	0.12909	0.12909	0.105126	0.105126	0.095127	0.095127	0.095127	0.095127	0.12909	0.12909	0.12909	0.12909	0.138274	0.12909	0.111316	0.11076	0.118564	0.105126	0.105929	0.105126	0.105587	0.105126	0.105126	0.105126	0.105126	0.105126	0.12909	0.12909	0.0961188	0.095127	0.095127	0.095127	0.12909	0.12909	0.12909	0.12909	0.12909	0.12909	0.105236	0.105126	0.105126	0.105126	0.105163	0.105126	0.12909	0.12909	0.12909	0.12909	0.12909	0.12909	0.109103	0.119661	0.105126	0.105126	0.105126	0.105126	0.105126
0.112262	0.12909	0.12909	0.12909	0.110657	0.105126	0.105126	0.12909	0.129181	0.119532	0.12909	0.12909	0.12909	0.118125	0.128252	0.12909	0.12909	0.12909	0.12909	0.12909	0.12909	0.12909	0.12909	0.12909	0.12909	0.095127	0.095127	0.12909	0.12909	0.138434	0.12909	0.12909	0.12909	0.119032	0.11209	0.105126	0.105126	0.105126	0.106628	0.105126	0.105126	0.105126	0.105126	0.105126	0.105126	0.095127	0.095127	0.095127	0.095127	0.095127	0.095127	0.12909	0.095127	0.095127	0.12909	0.105126	0.105226	0.105126	0.105126	0.105126	0.10522	0.105126	0.105126	0.105126	0.105377	0.107456	0.117974	0.117876	0.117707	0.107295	0.12909	0.12909	0.12909	0.12909
0.11878	0.110553	0.11001	0.118479	0.12909	0.12909	0.105126	0.105126	0.105126	0.12909	0.12909	0.12909	0.117897	0.12909	0.12909	0.138945	0.12909	0.12909	0.132643	0.12909	0.12909	0.12909	0.12909	0.12909	0.12909	0.12909	0.12909	0.12909	0.12909	0.137953	0.105126	0.12909	0.12909	0.12909	0.105126	0.105126	0.105126	0.106981	0.105126	0.105126	0.105126	0.105126	0.105126	0.105126	0.105126	0.095127	0.095127	0.095127	0.095127	0.095127	0.095127	0.095127	0.095127	0.095127	0.12909	0.105126	0.105126	0.105294	0.105126	0.105126	0.105606	0.105126	0.105126	0.105126	0.105126	0.105144	0.117328	0.12909	0.12909	0.12909	0.12909	0.12909	0.12909	0.12909
0.119087	0.115829	0.113001	0.112858	0.12909	0.12909	0.105126	0.105126	0.106185	0.12909	0.12909	0.12909	0.108477	0.12909	0.12909	0.12909	0.138652	0.12909	0.12909	0.12909	0.12909	0.12909	0.12909	0.12909	0.12909	0.12909	0.12909	0.138111	0.12909	0.132943	0.110004	0.12909	0.12909	0.129699	0.105126	0.105126	0.108922	0.105126	0.105126	0.105126	0.105446	0.105126	0.105126	0.105126	0.105126	0.134725	0.095127	0.095127	0.095127	0.095127	0.095127	0.095127	0.095127	0.095127	0.12909	0.105846	0.105126	0.105126	0.105938	0.105126	0.105996	0.105126	0.105126	0.105126	0.105126	0.105126	0.106191	0.12909	0.12909	0.12909	0.12909	0.12909	0.12909	0.12909
0.119007	0.12909	0.12909	0.12909	0.12909	0.12909	0.117825	0.108741	0.109801	0.12909	0.10563	0.105126	0.12909	0.12909	0.12909	0.12909	0.12909	0.138652	0.12909	0.117741	0.118204	0.12909	0.12909	0.12909	0.12909	0.12909	0.12909	0.137902	0.131182	0.12909	0.105126	0.12909	0.12909	0.12909	0.139941	0.12909	0.105126	0.105126	0.105126	0.105548	0.105126	0.105126	0.105126	0.105126	0.107386	0.12909	0.095127	0.095127	0.095127	0.095127	0.095127	0.095127	0.095127	0.095127	0.095127	0.105126	0.107707	0.105126	0.105126	0.110172	0.11076	0.105126	0.105126	0.105126	0.105126	0.105126	0.105126	0.107455	0.117923	0.118117	0.12909	0.12909	0.12909	0.12909
0.11881	0.12909	0.12909	0.108787	0.107583	0.107482	0.117989	0.12909	0.12909	0.11768	0.105126	0.106248	0.105126	0.105126	0.105126	0.12909	0.137562	0.131203	0.12909	0.12909	0.12909	0.12909	0.12909	0.12909	0.12909	0.12909	0.12909	0.12909	0.120348	0.105126	0.105676	0.10528	0.105126	0.12909	0.117929	0.105126	0.105126	0.105126	0.107395	0.105126	0.105126	0.105126	0.105126	0.12909	0.12909	0.095127	0.095127	0.095127	0.095127	0.095127	0.095127	0.095127	0.095127	0.095127	0.095127	0.12909	0.12909	0.12909	0.12909	0.12909	0.105126	0.105126	0.105126	0.105126	0.105126	0.105126	0.105126	0.105126	0.117665	0.12909	0.12909	0.12909	0.095127	0.095127
0.118691	0.12909	0.12909	0.109564	0.117009	0.114497	0.114509	0.12909	0.12909	0.117691	0.115474	0.105126	0.107969	0.105126	0.105126	0.137562	0.12909	0.12909	0.12909	0.12909	0.12909	0.12909	0.12909	0.12909	0.12909	0.133642	0.12909	0.12909	0.119334	0.105688	0.105162	0.105146	0.105126	0.12909	0.118434	0.105126	0.105126	0.108875	0.105126	0.105126	0.105126	0.105126	0.105126	0.12909	0.12909	0.095127	0.0975725	0.095127	0.095127	0.095127	0.095127	0.095127	0.095127	0.095127	0.095127	0.12909	0.12909	0.12909	0.12909	0.12909	0.105126	0.105126	0.105126	0.105126	0.105126	0.105126	0.105126	0.105126	0.105126	0.12909	0.12909	0.12909	0.095127	0.095127
0.12909	0.105329	0.105579	0.107315	0.117807	0.118225	0.118098	0.118117	0.118282	0.115425	0.12909	0.12909	0.105126	0.12909	0.12909	0.137562	0.12909	0.12909	0.12909	0.12909	0.12909	0.12909	0.12909	0.12909	0.12909	0.12909	0.12909	0.12909	0.109174	0.105341	0.105303	0.105126	0.105126	0.105126	0.12909	0.12909	0.12909	0.105126	0.105126	0.105126	0.105126	0.105126	0.105126	0.105126	0.105126	0.105126	0.0953696	0.095127	0.095127	0.095127	0.095127	0.095127	0.095127	0.095127	0.095127	0.095127	0.095127	0.12909	0.105126	0.105126	0.105126	0.105126	0.105126	0.105126	0.105126	0.105126	0.105126	0.105126	0.105126	0.105126	0.12909	0.12909	0.12909	0.12909
0.113608	0.106401	0.105523	0.106649	0.117661	0.118344	0.12909	0.12909	0.12909	0.12909	0.12909	0.12909	0.12909	0.12909	0.12909	0.12909	0.12909	0.12909	0.12909	0.12909	0.12909	0.12909	0.12909	0.12909	0.12909	0.12909	0.12909	0.117854	0.105306	0.105174	0.105255	0.105132	0.105126	0.12909	0.12909	0.140818	0.105126	0.105126	0.105126	0.105126	0.105126	0.105126	0.105126	0.105126	0.105126	0.095127	0.095127	0.095127	0.095127	0.095127	0.095127	0.095127	0.095127	0.095127	0.095127	0.095127	0.095127	0.095127	0.105126	0.116752	0.105126	0.105126	0.105126	0.105126	0.105126	0.105126	0.105126	0.105126	0.105126	0.105126	0.105126	0.105126	0.105126	0.105126
0.117932	0.106921	0.111137	0.106159	0.109874	0.118202	0.12909	0.12909	0.12909	0.12909	0.12909	0.12909	0.12909	0.12909	0.12909	0.12909	0.134206	0.12909	0.12909	0.12909	0.12909	0.12909	0.12909	0.12909	0.12909	0.12909	0.12909	0.10624	0.105498	0.105226	0.105136	0.105129	0.105126	0.12909	0.12909	0.12909	0.105126	0.105126	0.105126	0.105126	0.105126	0.105126	0.105126	0.105126	0.105126	0.095127	0.095127	0.0954385	0.095127	0.095127	0.095127	0.095127	0.095127	0.095127	0.095127	0.095127	0.095127	0.095127	0.105126	0.107333	0.105126	0.105126	0.105126	0.105126	0.105126	0.105126	0.105126	0.105126	0.105126	0.105126	0.105126	0.105126	0.105126	0.105126
0.118166	0.107268	0.112029	0.12909	0.107561	0.117604	0.12909	0.12909	0.12909	0.12909	0.12909	0.12909	0.12909	0.12909	0.12909	0.12909	0.12909	0.12909	0.12909	0.12909	0.12909	0.12909	0.12909	0.12909	0.12909	0.118162	0.107076	0.10571	0.105216	0.105134	0.105187	0.105174	0.105126	0.115224	0.12909	0.12909	0.105126	0.105126	0.105126	0.105126	0.105126	0.105306	0.105126	0.105358	0.105172	0.105126	0.095127	0.095127	0.095127	0.095127	0.095127	0.095127	0.095127	0.095127	0.095127	0.095127	0.095127	0.12909	0.105126	0.105859	0.105126	0.12909	0.12909	0.12909	0.105126	0.105126	0.105126	0.105126	0.105126	0.105126	0.105126	0.105126	0.105126	0.105126
0.12909	0.106047	0.115782	0.12909	0.106099	0.115013	0.12909	0.12909	0.12909	0.12909	0.12909	0.12909	0.12909	0.12909	0.12909	0.12909	0.12909	0.12909	0.12909	0.12909	0.12909	0.11861	0.12909	0.12909	0.12909	0.117733	0.106962	0.105412	0.105638	0.105397	0.105131	0.105126	0.105126	0.12909	0.113193	0.105126	0.105126	0.105126	0.105126	0.105126	0.105126	0.105428	0.105291	0.105126	0.105247	0.105126	0.105126	0.105126	0.12909	0.095127	0.095127	0.095127	0.095127	0.095127	0.12909	0.12909	0.12909	0.12909	0.12909	0.12909	0.095127	0.095127	0.095127	0.095127	0.105126	0.105126	0.105126	0.105126	0.105126	0.105126	0.105126	0.105126	0.105126	0.105126
0.12909	0.105126	0.108339	0.12909	0.107998	0.107887	0.12909	0.12909	0.12909	0.12909	0.12909	0.12909	0.12909	0.12909	0.12909	0.12909	0.12909	0.12909	0.12909	0.12909	0.12909	0.11845	0.12909	0.12909	0.12909	0.114292	0.105818	0.105274	0.10573	0.105243	0.105126	0.105126	0.105126	0.12909	0.105126	0.105126	0.105126	0.105472	0.106269	0.105126	0.105126	0.105341	0.105126	0.105126	0.105146	0.105126	0.105126	0.105126	0.12909	0.095127	0.095127	0.095127	0.095127	0.095127	0.12909	0.12909	0.12909	0.12909	0.12909	0.12909	0.095127	0.095127	0.095127	0.095127	0.105126	0.105126	0.105126	0.105126	0.105126	0.105126	0.105126	0.105126	0.105126	0.105126
0.12909	0.105126	0.105126	0.12909	0.12909	0.12909	0.12909	0.12909	0.12909	0.12909	0.12909	0.12909	0.12909	0.12909	0.12909	0.12909	0.12909	0.12909	0.12909	0.12909	0.12909	0.12909	0.12909	0.12909	0.12909	0.106485	0.106062	0.106194	0.105739	0.105126	0.105126	0.105227	0.105128	0.105126	0.105126	0.105126	0.105126	0.105126	0.105126	0.105165	0.105213	0.105126	0.105126	0.105126	0.105304	0.105305	0.105126	0.105126	0.105126	0.102024	0.095127	0.095127	0.095127	0.095127	0.12909	0.12909	0.12909	0.12909	0.095127	0.095127	0.095127	0.095127	0.095127	0.095127	0.095127	0.095127	0.105126	0.105126	0.105126	0.105126	0.105126	0.105126	0.105126	0.105126
0.12909	0.095127	0.095127	0.095127	0.095127	0.095127	0.12909	0.12909	0.12909	0.12909	0.12909	0.12909	0.12909	0.12909	0.12909	0.12909	0.12909	0.12909	0.12909	0.12909	0.12909	0.108305	0.105126	0.106651	0.11172	0.107291	0.109717	0.105541	0.105126	0.105126	0.105507	0.10519	0.105126	0.105126	0.105126	0.105174	0.105595	0.105126	0.105397	0.105511	0.105126	0.105126	0.105126	0.10513	0.105331	0.105254	0.105126	0.105126	0.105126	0.095127	0.0952321	0.095127	0.095127	0.095127	0.095127	0.12909	0.12909	0.095127	0.095127	0.095127	0.12909	0.095127	0.095127	0.095127	0.105126	0.105126	0.105126	0.105126	0.105126	0.105126	0.105126	0.105126	0.105126	0.105126
0.12909	0.095127	0.095127	0.095127	0.095127	0.095127	0.12909	0.12909	0.12909	0.12909	0.12909	0.12909	0.12909	0.12909	0.12909	0.12909	0.12909	0.12909	0.12909	0.12909	0.12909	0.105126	0.108305	0.117833	0.117742	0.117981	0.107667	0.105126	0.105126	0.105263	0.10523	0.105126	0.105126	0.105126	0.105126	0.105126	0.105126	0.105299	0.105778	0.105126	0.105126	0.105126	0.105126	0.105206	0.105126	0.105842	0.105126	0.105126	0.105126	0.095127	0.100099	0.095127	0.095127	0.095127	0.095127	0.12909	0.12909	0.095127	0.095127	0.095127	0.12909	0.095127	0.095127	0.095127	0.105126	0.105126	0.105126	0.105126	0.105126	0.105126	0.105126	0.105126	0.105126	0.105126
0.095127	0.095127	0.095127	0.095127	0.095127	0.095127	0.095127	0.095127	0.095127	0.095127	0.12909	0.12909	0.12909	0.12909	0.12909	0.12909	0.12909	0.12909	0.12909	0.12909	0.12909	0.12909	0.12909	0.12909	0.12909	0.117742	0.105126	0.105126	0.10569	0.105132	0.105126	0.105126	0.105126	0.105128	0.105126	0.105126	0.105126	0.105166	0.106078	0.105126	0.105126	0.105126	0.105186	0.105126	0.105205	0.105613	0.105126	0.105126	0.105126	0.105126	0.105126	0.118012	0.12909	0.12909	0.095127	0.095127	0.095127	0.095127	0.095127	0.095127	0.095127	0.095127	0.095127	0.095127	0.095127	0.095127	0.095127	0.105126	0.105126	0.105126	0.105126	0.105126	0.105126	0.105126
0.095127	0.095127	0.095127	0.095127	0.095127	0.095127	0.095127	0.095127	0.095127	0.095127	0.12909	0.12909	0.12909	0.12909	0.12909	0.12909	0.12909	0.12909	0.12909	0.12909	0.12909	0.12909	0.12909	0.12909	0.12909	0.105126	0.105126	0.105511	0.1054	0.105126	0.105126	0.105126	0.10524	0.105401	0.105536	0.105854	0.105126	0.105155	0.105886	0.105126	0.105126	0.105261	0.105126	0.105303	0.105494	0.105126	0.105126	0.105126	0.105126	0.105126	0.105126	0.12909	0.138661	0.12909	0.095127	0.095127	0.095127	0.095127	0.12909	0.12909	0.12909	0.12909	0.12909	0.095127	0.12909	0.12909	0.095127	0.105126	0.105126	0.105126	0.105126	0.105126	0.12909	0.12909
0.095127	0.095127	0.095127	0.095127	0.095127	0.095127	0.095127	0.095127	0.095127	0.095127	0.12909	0.12909	0.12909	0.12909	0.12909	0.12909	0.12909	0.12909	0.12909	0.12909	0.130506	0.137562	0.12909	0.12909	0.12909	0.11957	0.107977	0.105193	0.105126	0.105126	0.105126	0.105139	0.105126	0.105145	0.10515	0.105348	0.105283	0.105177	0.105633	0.105531	0.105461	0.105126	0.10547	0.106016	0.105126	0.105126	0.105126	0.105126	0.105126	0.105126	0.105126	0.12909	0.12909	0.133556	0.0953231	0.095127	0.095127	0.095127	0.12909	0.12909	0.12909	0.12909	0.12909	0.095127	0.12909	0.12909	0.095127	0.105126	0.105126	0.105126	0.105126	0.107098	0.12909	0.12909
0.095127	0.095127	0.095127	0.095127	0.095127	0.095127	0.095127	0.095127	0.095127	0.12909	0.12909	0.12909	0.12909	0.12909	0.12909	0.12909	0.12909	0.12909	0.12909	0.118287	0.106488	0.105999	0.121249	0.119084	0.118224	0.111738	0.107141	0.105126	0.105126	0.105126	0.105167	0.105304	0.105184	0.105126	0.105126	0.105127	0.105325	0.105127	0.105126	0.10522	0.105126	0.105671	0.106344	0.105126	0.105126	0.105126	0.105126	0.105126	0.105126	0.105126	0.105126	0.105126	0.12909	0.12909	0.176092	0.12909	0.12909	0.12909	0.12909	0.12909	0.12909	0.12909	0.12909	0.12909	0.12909	0.12909	0.095127	0.095127	0.095127	0.105126	0.12909	0.12909	0.095127	0.095127
0.095127	0.095127	0.095127	0.095127	0.095127	0.095127	0.095127	0.095127	0.095127	0.095127	0.12909	0.12909	0.12909	0.12909	0.12909	0.105126	0.12909	0.12909	0.12909	0.108477	0.106448	0.105126	0.12909	0.12909	0.117862	0.110118	0.107794	0.105126	0.105126	0.105328	0.105195	0.105341	0.106083	0.105399	0.105132	0.105166	0.105243	0.105279	0.105839	0.105126	0.105431	0.106302	0.105837	0.105127	0.105126	0.105126	0.105126	0.105126	0.105127	0.105126	0.105126	0.105126	0.105126	0.105126	0.105126	0.13836	0.12909	0.12909	0.12909	0.12909	0.12909	0.095127	0.095127	0.12909	0.095127	0.095127	0.105126	0.095127	0.095127	0.095127	0.12909	0.12909	0.12909	0.12909
0.095127	0.095127	0.095127	0.095127	0.095127	0.095127	0.095127	0.095127	0.095127	0.095127	0.12909	0.12909	0.12909	0.12909	0.12909	0.105126	0.12909	0.12909	0.12909	0.107807	0.105126	0.108831	0.12909	0.12909	0.109457	0.115377	0.118161	0.1122	0.106675	0.105417	0.10571	0.1057	0.105833	0.105721	0.105255	0.105127	0.105126	0.105126	0.105367	0.105982	0.106077	0.105305	0.105126	0.105126	0.105396	0.105126	0.105126	0.105126	0.105126	0.105126	0.105126	0.105126	0.105126	0.105126	0.105126	0.134676	0.138034	0.12909	0.12909	0.12909	0.12909	0.095127	0.095127	0.12909	0.095127	0.095127	0.105126	0.095127	0.095127	0.095127	0.12909	0.12909	0.12909	0.12909
0.095127	0.095127	0.095127	0.095127	0.095127	0.095127	0.095127	0.095127	0.095127	0.095127	0.105126	0.105126	0.12909	0.12909	0.12909	0.12909	0.105126	0.105126	0.12909	0.105126	0.115057	0.117676	0.117765	0.117741	0.117662	0.117963	0.114958	0.110222	0.106748	0.10593	0.106249	0.10539	0.106056	0.105821	0.105594	0.105355	0.105434	0.105172	0.110975	0.117808	0.106308	0.105126	0.105126	0.105126	0.105126	0.105412	0.105126	0.105126	0.105126	0.105126	0.105126	0.105181	0.105126	0.105126	0.105126	0.12909	0.12909	0.12909	0.095127	0.095127	0.095127	0.095127	0.095127	0.12909	0.12909	0.12909	0.095127	0.095127	0.095127	0.095127	0.095127	0.095127	0.095127	0.095127
0.095127	0.095127	0.095127	0.095127	0.095127	0.095127	0.095127	0.095127	0.095127	0.095127	0.095127	0.095127	0.095127	0.12909	0.12909	0.12909	0.095127	0.095127	0.105126	0.12909	0.12909	0.12909	0.12909	0.12909	0.12909	0.117667	0.110564	0.107118	0.108587	0.117414	0.106714	0.106413	0.106523	0.106	0.105764	0.105689	0.106156	0.12909	0.12909	0.110866	0.105126	0.105126	0.105126	0.105126	0.105881	0.105126	0.105758	0.106069	0.105126	0.105126	0.105126	0.105126	0.105126	0.105126	0.105126	0.105126	0.105126	0.173823	0.12909	0.12909	0.12909	0.095127	0.095127	0.095127	0.095127	0.095127	0.095127	0.095127	0.095127	0.095127	0.105126	0.105126	0.095127	0.095127
0.095127	0.095127	0.095127	0.095127	0.095127	0.095127	0.095127	0.095127	0.095127	0.095127	0.095127	0.095127	0.095127	0.12909	0.12909	0.12909	0.095127	0.095127	0.105126	0.12909	0.12909	0.12909	0.12909	0.12909	0.12909	0.117702	0.108135	0.111023	0.118344	0.115053	0.118043	0.110681	0.105874	0.10544	0.106451	0.106985	0.105126	0.12909	0.12909	0.105126	0.105126	0.105126	0.105126	0.105171	0.105126	0.105166	0.105126	0.105423	0.105126	0.105307	0.105126	0.105126	0.105126	0.105328	0.105126	0.105126	0.105126	0.12909	0.137741	0.12909	0.12909	0.095127	0.095127	0.095127	0.095127	0.095127	0.095127	0.095127	0.095127	0.095127	0.105126	0.105126	0.095127	0.095127
0.095127	0.095127	0.095127	0.095127	0.095127	0.095127	0.095127	0.095127	0.095127	0.095127	0.095127	0.095127	0.095127	0.12909	0.12909	0.12909	0.12909	0.12909	0.095127	0.105126	0.105126	0.095127	0.095127	0.095127	0.105126	0.115729	0.117686	0.12909	0.117671	0.118223	0.117897	0.115293	0.107855	0.105126	0.118183	0.105126	0.131359	0.119361	0.109953	0.106548	0.11341	0.106703	0.105796	0.105126	0.105192	0.105126	0.105126	0.105151	0.105126	0.105126	0.105255	0.105126	0.105126	0.105523	0.105126	0.105126	0.105126	0.105126	0.105126	0.105126	0.11828	0.095127	0.095127	0.095127	0.095127	0.095127	0.095127	0.095127	0.095127	0.095127	0.095127	0.095127	0.105126	0.105126
0.095127	0.095127	0.095127	0.095127	0.095127	0.095127	0.095127	0.095127	0.095127	0.095127	0.095127	0.095127	0.095127	0.12909	0.12909	0.12909	0.12909	0.12909	0.12909	0.105126	0.105126	0.105126	0.095127	0.095127	0.105126	0.12909	0.12909	0.12909	0.12909	0.12909	0.117702	0.112133	0.10992	0.117952	0.105126	0.105126	0.117942	0.108105	0.105126	0.105126	0.105126	0.105939	0.105126	0.105366	0.105126	0.105126	0.105126	0.105126	0.105126	0.105126	0.10532	0.105126	0.105189	0.105126	0.105126	0.105126	0.105126	0.105126	0.105126	0.105126	0.105126	0.095127	0.095127	0.095127	0.095127	0.095127	0.095127	0.095127	0.095127	0.095127	0.095127	0.095127	0.12909	0.12909
0.095127	0.095127	0.095127	0.095127	0.095127	0.095127	0.095127	0.095127	0.095127	0.095127	0.095127	0.095127	0.095127	0.12909	0.12909	0.12909	0.12909	0.12909	0.12909	0.105126	0.105126	0.105126	0.095127	0.095127	0.105126	0.12909	0.12909	0.12909	0.12909	0.12909	0.117718	0.111032	0.118237	0.118177	0.105126	0.105126	0.117733	0.105126	0.118294	0.105126	0.106021	0.105126	0.105126	0.105126	0.105671	0.105135	0.105126	0.105126	0.105126	0.105126	0.105126	0.105911	0.105126	0.105126	0.105126	0.105126	0.105126	0.105126	0.105126	0.105126	0.105126	0.095127	0.135324	0.095127	0.095127	0.095127	0.095127	0.095127	0.095127	0.095127	0.095127	0.095127	0.12909	0.12909
0.12909	0.12909	0.12909	0.095127	0.095127	0.095127	0.095127	0.095127	0.095127	0.095127	0.095127	0.095127	0.095127	0.12909	0.12909	0.12909	0.12909	0.12909	0.12909	0.12909	0.12909	0.105126	0.105126	0.105126	0.095127	0.12909	0.12909	0.12909	0.12909	0.12909	0.118007	0.12909	0.12909	0.12909	0.105126	0.105126	0.105126	0.105126	0.105126	0.105126	0.095127	0.095127	0.105126	0.105126	0.105867	0.105126	0.105842	0.105126	0.105133	0.105126	0.105234	0.105126	0.105126	0.105126	0.105126	0.105126	0.105126	0.105126	0.105126	0.105126	0.105126	0.095127	0.095127	0.095127	0.095127	0.095127	0.095127	0.095127	0.095127	0.095127	0.095127	0.095127	0.095127	0.095127
0.095127	0.105126	0.105126	0.095127	0.095127	0.095127	0.095127	0.095127	0.095127	0.095127	0.095127	0.095127	0.095127	0.095127	0.095127	0.12909	0.12909	0.12909	0.12909	0.12909	0.12909	0.095127	0.095127	0.095127	0.095127	0.105126	0.105126	0.12909	0.12909	0.12909	0.12909	0.12909	0.12909	0.12909	0.095127	0.095127	0.105788	0.105126	0.105126	0.109526	0.105126	0.105126	0.105126	0.106067	0.105126	0.105311	0.105126	0.105459	0.105126	0.106492	0.105126	0.105126	0.105126	0.105126	0.105126	0.105126	0.105126	0.105126	0.105126	0.105126	0.105126	0.105126	0.105126	0.095127	0.095127	0.095127	0.095127	0.095127	0.095127	0.095127	0.095127	0.095127	0.095127	0.095127
0.0955177	0.105126	0.105126	0.095127	0.095127	0.095127	0.095127	0.095127	0.095127	0.095127	0.095127	0.095127	0.095127	0.095127	0.095127	0.12909	0.12909	0.12909	0.12909	0.12909	0.12909	0.095127	0.095127	0.095127	0.095127	0.105126	0.105126	0.12909	0.12909	0.12909	0.12909	0.12909	0.12909	0.12909	0.095127	0.095127	0.108249	0.105126	0.105126	0.118818	0.105126	0.105126	0.110004	0.105126	0.105147	0.105126	0.105126	0.105126	0.105236	0.106329	0.105126	0.105126	0.105126	0.105126	0.105256	0.105126	0.105126	0.105126	0.105126	0.106481	0.105126	0.105126	0.105126	0.095127	0.095127	0.095127	0.095127	0.095127	0.095127	0.095127	0.095127	0.095127	0.095127	0.095127
0.095127	0.0952302	0.0957001	0.133699	0.095127	0.095127	0.095127	0.095127	0.095127	0.095127	0.095127	0.095127	0.095127	0.095127	0.095127	0.095127	0.12909	0.12909	0.12909	0.12909	0.12909	0.12909	0.095127	0.095127	0.095127	0.105126	0.105126	0.12909	0.12909	0.12909	0.12909	0.095127	0.095127	0.105126	0.105126	0.105126	0.095127	0.095127	0.095127	0.12909	0.12909	0.12909	0.105126	0.105246	0.105126	0.105126	0.105126	0.105126	0.105126	0.106586	0.105126	0.105126	0.105126	0.105126	0.105126	0.105126	0.105126	0.105126	0.105126	0.105126	0.105755	0.105126	0.105126	0.105126	0.095127	0.095127	0.100147	0.095127	0.095127	0.095127	0.095127	0.095127	0.095127	0.095127
0.095127	0.095127	0.095127	0.095127	0.0974229	0.095127	0.095127	0.095127	0.095127	0.095127	0.095127	0.095127	0.095127	0.095127	0.095127	0.095127	0.095127	0.095127	0.095127	0.12909	0.12909	0.12909	0.105126	0.105126	0.105126	0.105126	0.105126	0.105126	0.095127	0.095127	0.12909	0.095127	0.095127	0.095127	0.095127	0.095127	0.095127	0.105126	0.112976	0.115054	0.105126	0.105126	0.106643	0.105126	0.105227	0.105126	0.105126	0.105347	0.105126	0.105566	0.105803	0.105126	0.105126	0.105126	0.105126	0.105126	0.105126	0.10514	0.105126	0.105126	0.10539	0.105126	0.105126	0.105126	0.105126	0.105126	0.095127	0.0954767	0.095127	0.095127	0.095127	0.095127	0.095127	0.095127
0.095127	0.095127	0.095127	0.0952255	0.095127	0.095127	0.095127	0.095127	0.095127	0.095127	0.095127	0.095127	0.095127	0.095127	0.095127	0.095127	0.095127	0.095127	0.095127	0.12909	0.12909	0.12909	0.105126	0.105126	0.105126	0.105126	0.105126	0.105126	0.095127	0.095127	0.12909	0.095127	0.095127	0.095127	0.095127	0.095127	0.095127	0.118022	0.107869	0.118086	0.105126	0.106679	0.105126	0.105126	0.105676	0.105311	0.105128	0.105421	0.105146	0.10531	0.105126	0.105126	0.105741	0.105126	0.105126	0.105218	0.10517	0.105126	0.105126	0.105144	0.105126	0.105126	0.105126	0.105126	0.105126	0.107345	0.095127	0.0952703	0.095127	0.095127	0.095127	0.095127	0.095127	0.095127
0.12909	0.095127	0.095127	0.137941	0.095127	0.095127	0.095127	0.095127	0.095127	0.095127	0.095127	0.095127	0.095127	0.095127	0.095127	0.095127	0.095127	0.095127	0.105126	0.105126	0.105126	0.12909	0.105126	0.105126	0.095127	0.105126	0.105126	0.105126	0.095127	0.095127	0.105126	0.105126	0.105126	0.12909	0.12909	0.12909	0.12909	0.117841	0.118023	0.11845	0.110533	0.108315	0.105126	0.105276	0.105623	0.105429	0.105158	0.105214	0.105929	0.105126	0.105126	0.105127	0.105126	0.105126	0.105126	0.10513	0.105126	0.105126	0.105126	0.105126	0.105126	0.105126	0.105126	0.105126	0.12909	0.12909	0.12909	0.12909	0.12909	0.095127	0.095127	0.095127	0.095127	0.095127
0.095127	0.095127	0.095127	0.12909	0.12909	0.12909	0.095127	0.095127	0.095127	0.095127	0.095127	0.095127	0.095127	0.095127	0.095127	0.095127	0.095127	0.095127	0.095127	0.105126	0.105126	0.12909	0.12909	0.12909	0.105126	0.105126	0.105126	0.095127	0.105126	0.105126	0.105126	0.105126	0.105126	0.095127	0.12909	0.12909	0.12909	0.12909	0.12909	0.117999	0.114975	0.105126	0.107934	0.105881	0.105709	0.105439	0.105449	0.107105	0.105126	0.105126	0.105126	0.105297	0.105126	0.105126	0.105261	0.105126	0.105126	0.105432	0.105126	0.105126	0.105126	0.105126	0.105126	0.105126	0.105126	0.105126	0.105126	0.138023	0.12909	0.12909	0.095127	0.095127	0.095127	0.095127
0.095127	0.095127	0.095127	0.140398	0.12909	0.12909	0.095127	0.095127	0.095127	0.095127	0.095127	0.095127	0.095127	0.095127	0.095127	0.095127	0.095127	0.095127	0.095127	0.105126	0.105126	0.12909	0.12909	0.12909	0.105126	0.105126	0.105126	0.095127	0.105126	0.105126	0.105126	0.105126	0.105126	0.095127	0.12909	0.12909	0.12909	0.12909	0.12909	0.12009	0.105126	0.115116	0.108153	0.105724	0.105858	0.105621	0.105224	0.105675	0.106038	0.105126	0.105126	0.105437	0.105323	0.105584	0.105126	0.105173	0.105263	0.105126	0.105126	0.105126	0.105126	0.105126	0.105126	0.105126	0.105126	0.105126	0.105126	0.12909	0.129503	0.12909	0.095127	0.095127	0.095127	0.095127
0.095127	0.095127	0.095127	0.12909	0.135735	0.132058	0.133777	0.0952387	0.095127	0.095127	0.095127	0.095127	0.095127	0.095127	0.095127	0.095127	0.095127	0.095127	0.095127	0.105126	0.105126	0.105126	0.105126	0.105126	0.095127	0.105126	0.105126	0.105126	0.095127	0.095127	0.095127	0.105126	0.105126	0.12909	0.10907	0.116238	0.12909	0.118038	0.118191	0.12909	0.118362	0.116217	0.107569	0.106309	0.106863	0.106798	0.105479	0.105873	0.105126	0.105126	0.10562	0.105299	0.106486	0.105126	0.105231	0.105334	0.105126	0.105126	0.105126	0.105126	0.105126	0.105126	0.105126	0.105126	0.105126	0.105126	0.12909	0.105126	0.105126	0.12909	0.095127	0.095127	0.095127	0.095127
0.117909	0.12909	0.12909	0.095127	0.095127	0.095127	0.12909	0.12909	0.12909	0.095127	0.095127	0.095127	0.095127	0.095127	0.095127	0.095127	0.095127	0.095127	0.095127	0.095127	0.095127	0.095127	0.105126	0.105126	0.095127	0.105126	0.105126	0.105126	0.105126	0.105126	0.105126	0.105126	0.105126	0.12909	0.12909	0.12909	0.12909	0.12909	0.12909	0.12909	0.118258	0.11345	0.107043	0.107077	0.107114	0.106438	0.107231	0.105126	0.105126	0.105954	0.105746	0.110094	0.105126	0.105209	0.106684	0.105126	0.105126	0.105126	0.105126	0.105126	0.105126	0.105126	0.105126	0.105126	0.105126	0.105126	0.105126	0.105126	0.105126	0.105126	0.12909	0.141151	0.095127	0.095127
0.117942	0.12909	0.12909	0.095127	0.095127	0.095127	0.129551	0.12909	0.12909	0.095127	0.095127	0.095127	0.095127	0.095127	0.095127	0.095127	0.095127	0.095127	0.095127	0.095127	0.095127	0.095127	0.105126	0.105126	0.095127	0.105126	0.105126	0.105126	0.105126	0.105126	0.105126	0.105126	0.105126	0.12909	0.12909	0.12909	0.12909	0.12909	0.12909	0.12909	0.11803	0.112976	0.116293	0.116502	0.106832	0.108789	0.105126	0.105126	0.112264	0.10662	0.118349	0.105126	0.105324	0.105126	0.10537	0.114517	0.105126	0.105126	0.105126	0.105126	0.105233	0.105126	0.105126	0.105126	0.105126	0.105126	0.105126	0.105126	0.105126	0.105126	0.12909	0.12909	0.095127	0.095127
0.12909	0.095127	0.095127	0.095127	0.095127	0.095127	0.105126	0.12909	0.132058	0.12909	0.095127	0.095127	0.095127	0.095127	0.095127	0.095127	0.095127	0.095127	0.095127	0.095127	0.095127	0.095127	0.095127	0.095127	0.095127	0.105126	0.105126	0.105126	0.105126	0.105126	0.105126	0.105126	0.105126	0.105126	0.12909	0.12909	0.119562	0.12909	0.12909	0.12909	0.118022	0.118522	0.118541	0.114699	0.118117	0.11841	0.120513	0.119361	0.113309	0.12909	0.12909	0.105126	0.106529	0.105126	0.12909	0.105278	0.105126	0.105126	0.105126	0.105127	0.105126	0.105126	0.105126	0.105126	0.105126	0.105127	0.105126	0.105126	0.105126	0.105126	0.12909	0.12909	0.095127	0.095127
0.12909	0.105126	0.105126	0.095127	0.095127	0.095127	0.095127	0.12909	0.140531	0.12909	0.12909	0.12909	0.095127	0.12909	0.12909	0.095127	0.095127	0.095127	0.095127	0.095127	0.095127	0.095127	0.095127	0.095127	0.105126	0.105126	0.105126	0.105126	0.105126	0.105126	0.105126	0.105126	0.105126	0.12909	0.12909	0.12909	0.12909	0.12909	0.12909	0.12909	0.12909	0.12909	0.118375	0.12909	0.12909	0.12909	0.119435	0.111524	0.118751	0.12909	0.12909	0.111686	0.105444	0.10545	0.105202	0.105126	0.105126	0.105126	0.105128	0.105126	0.105126	0.105126	0.105126	0.105126	0.105126	0.105126	0.105126	0.105126	0.105126	0.105126	0.105126	0.105126	0.12909	0.12909
0.12909	0.105126	0.105126	0.095127	0.095127	0.095127	0.095127	0.143529	0.12909	0.12909	0.13818	0.138014	0.095127	0.12909	0.12909	0.095127	0.095127	0.095127	0.095127	0.095127	0.095127	0.095127	0.095127	0.095127	0.105126	0.105126	0.105126	0.105126	0.105126	0.105126	0.105126	0.105126	0.105126	0.12909	0.12909	0.12909	0.12909	0.12909	0.12909	0.12909	0.12909	0.12909	0.118349	0.12909	0.12909	0.12909	0.11709	0.11834	0.118585	0.12909	0.12909	0.105412	0.105177	0.105293	0.105126	0.105126	0.105126	0.105126	0.105126	0.105126	0.105214	0.105249	0.105126	0.105142	0.105126	0.105126	0.105126	0.105126	0.105126	0.105126	0.105126	0.105126	0.12909	0.12909
0.12909	0.095127	0.095127	0.095127	0.105126	0.105126	0.105126	0.095127	0.095127	0.12909	0.12909	0.12909	0.12909	0.12909	0.12909	0.105126	0.095127	0.095127	0.095127	0.095127	0.095127	0.095127	0.095127	0.095127	0.095127	0.105126	0.105126	0.105126	0.105126	0.105126	0.105126	0.095127	0.095127	0.12909	0.130668	0.12909	0.12909	0.12909	0.12909	0.12909	0.12909	0.12909	0.118723	0.12909	0.12909	0.119243	0.12909	0.12909	0.105126	0.10607	0.105678	0.10559	0.105493	0.105126	0.105126	0.105126	0.105129	0.105126	0.105126	0.105145	0.105266	0.105126	0.105126	0.105126	0.105128	0.105126	0.105126	0.105126	0.105126	0.105126	0.105126	0.105126	0.105126	0.105126
0.12909	0.12909	0.12909	0.108828	0.095127	0.095127	0.095127	0.141657	0.12909	0.12909	0.12909	0.12909	0.106765	0.117654	0.10962	0.105126	0.095127	0.095127	0.095127	0.095127	0.095127	0.095127	0.095127	0.095127	0.095127	0.095127	0.095127	0.095127	0.095127	0.095127	0.105126	0.105126	0.105126	0.12909	0.12909	0.12909	0.12909	0.12909	0.12909	0.12909	0.12909	0.12909	0.12909	0.12909	0.12909	0.119258	0.117849	0.107983	0.106975	0.105769	0.105348	0.105352	0.105126	0.105126	0.105126	0.105469	0.105126	0.105126	0.105129	0.105126	0.105126	0.105126	0.105126	0.105157	0.105126	0.105126	0.105126	0.105126	0.105126	0.105126	0.105126	0.105126	0.105126	0.105126
0.12909	0.12909	0.12909	0.105126	0.095127	0.095127	0.095127	0.12909	0.13778	0.12909	0.12909	0.12909	0.105126	0.105126	0.105126	0.105126	0.095127	0.095127	0.095127	0.095127	0.095127	0.095127	0.095127	0.095127	0.095127	0.095127	0.095127	0.095127	0.095127	0.095127	0.105126	0.105126	0.105126	0.12909	0.12909	0.12909	0.12909	0.12909	0.12909	0.12909	0.12909	0.12909	0.12909	0.12909	0.12909	0.119215	0.116924	0.112375	0.106098	0.105369	0.105197	0.105126	0.105126	0.105126	0.105126	0.105126	0.105282	0.105525	0.105836	0.105126	0.105126	0.105126	0.105126	0.106003	0.105126	0.105126	0.105126	0.105126	0.105126	0.105126	0.105126	0.105126	0.105126	0.105126
0.12909	0.105126	0.105126	0.105126	0.095127	0.095127	0.105126	0.095127	0.095127	0.105126	0.0958957	0.095127	0.12909	0.105126	0.105126	0.105126	0.105126	0.105126	0.095127	0.095127	0.095127	0.095127	0.095127	0.095127	0.095127	0.095127	0.095127	0.095127	0.105126	0.105126	0.105126	0.095127	0.095127	0.105126	0.12909	0.12909	0.12909	0.11436	0.117977	0.12909	0.12909	0.12909	0.12909	0.12909	0.12909	0.118617	0.118286	0.107322	0.10536	0.105129	0.105126	0.105126	0.105126	0.105126	0.105126	0.105596	0.105408	0.105879	0.105126	0.105289	0.105126	0.105126	0.105212	0.105517	0.105126	0.105126	0.105126	0.105126	0.105126	0.105126	0.105126	0.105126	0.105126	0.105126
0.105126	0.105126	0.105126	0.105126	0.095127	0.095127	0.095127	0.105126	0.105126	0.105126	0.095127	0.0981189	0.105126	0.105126	0.105126	0.105126	0.105126	0.105126	0.095127	0.095127	0.095127	0.095127	0.095127	0.095127	0.105126	0.105126	0.105126	0.105126	0.105126	0.105126	0.105126	0.095127	0.095127	0.105126	0.105126	0.106444	0.12909	0.12909	0.12909	0.12909	0.12909	0.12909	0.12909	0.12909	0.12909	0.12909	0.116508	0.105884	0.105464	0.105126	0.105126	0.105126	0.105126	0.105126	0.105573	0.105564	0.108437	0.105126	0.105126	0.105126	0.105697	0.10527	0.105345	0.105126	0.105126	0.105126	0.105126	0.105126	0.105126	0.105126	0.105126	0.105126	0.105126	0.105126
0.105126	0.105126	0.105126	0.105126	0.095127	0.095127	0.095127	0.105126	0.105126	0.105126	0.095127	0.095127	0.105126	0.105126	0.105126	0.105126	0.105126	0.105126	0.095127	0.095127	0.095127	0.095127	0.095127	0.095127	0.105126	0.105126	0.105126	0.105126	0.105126	0.105126	0.105126	0.095127	0.095127	0.105126	0.108922	0.109279	0.12909	0.12909	0.12909	0.12909	0.12909	0.12909	0.12909	0.12909	0.12909	0.12909	0.105612	0.105431	0.105126	0.105126	0.105126	0.105126	0.105126	0.105126	0.105284	0.105282	0.105543	0.106974	0.105126	0.105508	0.105336	0.105293	0.105126	0.105126	0.105126	0.105126	0.105126	0.105126	0.105126	0.105126	0.105126	0.105126	0.105126	0.105126
0.105126	0.105126	0.105126	0.12909	0.12909	0.12909	0.095127	0.095127	0.095127	0.095127	0.095127	0.095127	0.095127	0.105126	0.105126	0.12909	0.105126	0.105126	0.095127	0.095127	0.095127	0.095127	0.095127	0.095127	0.095127	0.095127	0.095127	0.095127	0.105126	0.105126	0.105126	0.095127	0.095127	0.12909	0.12909	0.12909	0.12909	0.12909	0.12909	0.12909	0.12909	0.12909	0.12909	0.117703	0.107388	0.105619	0.105315	0.105126	0.105126	0.105126	0.105126	0.105126	0.105638	0.10518	0.105757	0.105827	0.106163	0.105126	0.10547	0.105364	0.105373	0.105126	0.105126	0.105126	0.105126	0.105126	0.105126	0.105126	0.105126	0.105126	0.105126	0.105126	0.105126	0.105126
0.105126	0.105126	0.105126	0.105583	0.105153	0.105126	0.095127	0.095127	0.095127	0.095127	0.095127	0.095127	0.095127	0.12909	0.133087	0.12909	0.095127	0.095127	0.095127	0.095127	0.095127	0.095127	0.095127	0.095127	0.095127	0.095127	0.095127	0.095127	0.105126	0.105126	0.105126	0.12909	0.12909	0.12909	0.12909	0.12909	0.12909	0.12909	0.12909	0.12909	0.12909	0.12909	0.12909	0.116123	0.106002	0.105408	0.105126	0.105126	0.105126	0.105126	0.105126	0.106958	0.10658	0.106792	0.105496	0.110324	0.105126	0.105567	0.105326	0.105478	0.105126	0.105126	0.105126	0.105126	0.105126	0.105126	0.105126	0.105126	0.105126	0.105126	0.105126	0.105126	0.105126	0.105126
0.105126	0.105126	0.106137	0.105516	0.105177	0.105126	0.095127	0.095127	0.095127	0.095127	0.095127	0.095127	0.095127	0.12909	0.141764	0.137962	0.095127	0.095127	0.095127	0.095127	0.095127	0.095127	0.095127	0.095127	0.095127	0.095127	0.095127	0.095127	0.105126	0.105126	0.105126	0.12909	0.12909	0.12909	0.12909	0.12909	0.12909	0.12909	0.12909	0.12909	0.12909	0.12909	0.12909	0.10815	0.10562	0.105126	0.105126	0.105126	0.105126	0.105126	0.109068	0.109235	0.112957	0.106079	0.106845	0.111311	0.106395	0.105557	0.105969	0.105126	0.105126	0.105126	0.105126	0.105126	0.105126	0.105126	0.105126	0.105126	0.105126	0.105126	0.105126	0.105126	0.105126	0.105126
0.105126	0.110657	0.105869	0.105419	0.105419	0.105126	0.12909	0.105126	0.105126	0.095127	0.095127	0.095127	0.095127	0.095127	0.095127	0.130103	0.12909	0.131222	0.095127	0.095127	0.095127	0.095127	0.095127	0.095127	0.095127	0.095127	0.095127	0.095127	0.095127	0.095127	0.12909	0.095127	0.095127	0.12909	0.12909	0.12909	0.12909	0.12909	0.12909	0.117167	0.115729	0.116061	0.116119	0.106435	0.105126	0.105126	0.105126	0.105126	0.105126	0.114791	0.117569	0.118439	0.115814	0.118064	0.118044	0.108404	0.105559	0.105648	0.105126	0.105126	0.105126	0.105126	0.105126	0.105126	0.105126	0.105126	0.105126	0.105126	0.105126	0.105126	0.105126	0.105126	0.105126	0.105126
0.12909	0.111686	0.106668	0.106029	0.106395	0.105126	0.109582	0.105126	0.105126	0.12909	0.105126	0.105126	0.095127	0.095127	0.095127	0.12909	0.12909	0.12909	0.0954952	0.100163	0.095127	0.095127	0.095127	0.095127	0.095127	0.095127	0.095127	0.095127	0.095127	0.095127	0.095127	0.095127	0.095127	0.12909	0.12909	0.12909	0.12909	0.12909	0.12909	0.12909	0.12909	0.12909	0.108177	0.105126	0.105126	0.105126	0.105126	0.105126	0.12909	0.12909	0.12909	0.118038	0.12909	0.12909	0.117935	0.107514	0.109209	0.105126	0.105126	0.105126	0.105126	0.105126	0.105126	0.105126	0.105126	0.105126	0.105126	0.105126	0.105126	0.105126	0.105126	0.105126	0.105126	0.105126
0.12909	0.110657	0.111436	0.111316	0.105126	0.11783	0.117892	0.105126	0.105126	0.12909	0.105126	0.105126	0.095127	0.095127	0.095127	0.12909	0.12909	0.12909	0.095127	0.095127	0.0953552	0.095127	0.095127	0.095127	0.095127	0.095127	0.095127	0.095127	0.095127	0.095127	0.095127	0.095127	0.095127	0.12909	0.12909	0.12909	0.12909	0.12909	0.12909	0.12909	0.12909	0.12909	0.105126	0.105126	0.105126	0.105126	0.105126	0.112396	0.12909	0.12909	0.12909	0.117662	0.12909	0.12909	0.117725	0.118097	0.105986	0.105126	0.105126	0.105126	0.105126	0.105126	0.105126	0.105126	0.105126	0.105126	0.105126	0.105126	0.105126	0.105126	0.105126	0.105126	0.105126	0.105126
0.12909	0.12909	0.12909	0.105126	0.12909	0.130078	0.105126	0.105126	0.105126	0.105126	0.095127	0.095127	0.095127	0.095127	0.095127	0.095127	0.12909	0.12909	0.095127	0.12909	0.12909	0.12909	0.095127	0.095127	0.095127	0.095127	0.095127	0.095127	0.095127	0.095127	0.095127	0.095127	0.095127	0.095127	0.12909	0.12909	0.12909	0.105126	0.105126	0.105126	0.105126	0.105126	0.105126	0.105126	0.105126	0.105126	0.108372	0.117559	0.12909	0.12909	0.12909	0.114887	0.12909	0.12909	0.12909	0.108323	0.105126	0.105126	0.105126	0.105126	0.105126	0.105126	0.105126	0.105126	0.105126	0.105126	0.105126	0.105126	0.105126	0.105126	0.105126	0.105126	0.105126	0.105126
0.095127	0.095127	0.095127	0.12909	0.105126	0.105126	0.105126	0.105126	0.105126	0.105126	0.105126	0.105126	0.095127	0.095127	0.095127	0.105126	0.095127	0.095127	0.12909	0.132199	0.12909	0.12909	0.134377	0.095127	0.095127	0.095127	0.095127	0.095127	0.095127	0.095127	0.095127	0.095127	0.095127	0.095127	0.105126	0.105126	0.105126	0.105126	0.105126	0.105126	0.105126	0.105126	0.105126	0.105126	0.105126	0.12909	0.12909	0.12909	0.12909	0.12909	0.12909	0.107408	0.12909	0.12909	0.107807	0.105126	0.105126	0.105126	0.105126	0.105126	0.105126	0.105126	0.105126	0.105126	0.105126	0.105126	0.105126	0.105126	0.105126	0.105126	0.105126	0.105126	0.105126	0.105126
0.095127	0.095127	0.095127	0.12909	0.105126	0.105126	0.105126	0.105126	0.105126	0.105126	0.105126	0.105126	0.095127	0.095127	0.095127	0.105126	0.095127	0.095127	0.12909	0.12909	0.129846	0.12909	0.095127	0.0951592	0.095127	0.095127	0.095127	0.095127	0.095127	0.095127	0.095127	0.095127	0.095127	0.095127	0.105126	0.105126	0.105126	0.105126	0.105126	0.105126	0.105126	0.105126	0.105126	0.105126	0.105126	0.12909	0.12909	0.12909	0.12909	0.12909	0.12909	0.105126	0.12909	0.12909	0.105126	0.105126	0.105126	0.105126	0.105126	0.105126	0.105126	0.105126	0.105126	0.105126	0.105126	0.105126	0.105126	0.105126	0.105126	0.105126	0.105126	0.105126	0.105126	0.105126
