Crust moisture [-]
0.47265	0.488167	0.47314	0.472285	0.473214	0.478029	0.477272	0.472339	0.471697	0.471697	0.471697	0.471697	0.471697	0.517577	0.473052	0.472339	0.471697	0.472079	0.472099	0.471898	0.471697	0.471697	0.471697	0.471697	0.471697	0.471697	0.471697	0.471697	0.472816	0.471697	0.471697	0.471697	0.471697	0.471697	0.471697	0.471697	0.472187	0.471697	0.471697	0.471697	0.471697	0.471697	0.472173	0.471697	0.471697	0.471697	0.471697	0.471697	0.472182	0.471697	0.471697	0.471697	0.471697	0.471697	0.471697	0.471697	0.471697	0.471697	0.471697	0.471697	0.471697	0.471697	0.471697	0.471697	0.471697	0.471697	0.471697	0.471697	0.471697	0.471697	0.471697	0.471697	0.471697	0.471697
0.471697	0.472339	0.471697	0.471697	0.471697	0.471697	0.471697	0.471697	0.471697	0.471697	0.471697	0.471697	0.471697	0.515301	0.471697	0.471697	0.472339	0.471697	0.471697	0.471697	0.471697	0.471697	0.471697	0.471697	0.471697	0.471697	0.471697	0.471697	0.477096	0.471697	0.471697	0.471697	0.471697	0.471697	0.471697	0.471697	0.472243	0.471697	0.471741	0.471697	0.471697	0.471697	0.473341	0.471697	0.471697	0.471697	0.471697	0.471697	0.472228	0.471697	0.471697	0.471697	0.471697	0.471697	0.471697	0.471697	0.471697	0.471697	0.471697	0.471697	0.471697	0.471697	0.471697	0.471697	0.471697	0.471697	0.471697	0.471697	0.471697	0.471697	0.471697	0.471697	0.471697	0.471697
0.471697	0.471845	0.471697	0.471697	0.471697	0.471697	0.475841	0.471697	0.471697	0.471697	0.471697	0.471697	0.471697	0.471697	0.526116	0.471697	0.471697	0.471697	0.471697	0.471697	0.471697	0.471697	0.472221	0.475575	0.471921	0.471697	0.471697	0.471697	0.471697	0.472414	0.471697	0.471697	0.471697	0.471697	0.471697	0.471697	0.471697	0.471697	0.471697	0.471697	0.476007	0.472292	0.471697	0.471697	0.471697	0.471697	0.471697	0.471697	0.471697	0.471697	0.471697	0.471697	0.471697	0.471697	0.471697	0.474088	0.473974	0.471697	0.471697	0.471697	0.471697	0.471697	0.471697	0.471697	0.471697	0.471697	0.471697	0.471697	0.471697	0.472339	0.472161	0.471927	0.471697	0.471697
0.471697	0.471844	0.471697	0.471697	0.471716	0.471924	0.47183	0.471697	0.471768	0.471697	0.471697	0.471697	0.471697	0.48466	0.51217	0.473559	0.471697	0.471697	0.471697	0.471697	0.473253	0.472472	0.471697	0.471697	0.477432	0.471697	0.471697	0.471697	0.471697	0.472195	0.472425	0.471697	0.471697	0.471697	0.471697	0.471697	0.471697	0.471697	0.471697	0.471697	0.471697	0.471697	0.471697	0.471697	0.471697	0.471697	0.471697	0.471697	0.471697	0.471697	0.471697	0.471697	0.471697	0.471697	0.471697	0.471697	0.471697	0.471697	0.471697	0.471697	0.471697	0.473116	0.472124	0.471697	0.471945	0.471697	0.471697	0.471697	0.472339	0.471697	0.471697	0.471697	0.471697	0.471697
0.471697	0.471697	0.471697	0.471697	0.477942	0.472416	0.472057	0.472201	0.471896	0.471697	0.471697	0.471697	0.472718	0.471893	0.473715	0.512123	0.476983	0.529471	0.482181	0.473699	0.471836	0.471697	0.471697	0.471697	0.477992	0.471697	0.471697	0.471697	0.471697	0.471697	0.638355	0.471706	0.471697	0.471697	0.471697	0.471697	0.471697	0.471697	0.471697	0.471697	0.471697	0.471697	0.471697	0.471697	0.471697	0.471697	0.471697	0.471697	0.471697	0.471697	0.471697	0.471697	0.471697	0.471697	0.471697	0.471697	0.471697	0.471697	0.471697	0.471697	0.471697	0.472467	0.473047	0.471813	0.47308	0.472979	0.472727	0.472339	0.471697	0.471697	0.471697	0.471697	0.471697	0.471697
0.479049	0.474621	0.476882	0.472269	0.47182	0.472162	0.471952	0.471731	0.471697	0.471697	0.471697	0.471995	0.471697	0.471697	0.472176	0.47184	0.519435	0.47226	0.471697	0.472318	0.471741	0.471697	0.471697	0.471697	0.471697	0.47205	0.471697	0.472356	0.472001	0.472554	0.471697	0.471697	0.472398	1	0.475926	0.472058	0.471697	0.471697	0.471697	0.471697	0.471697	0.471697	0.471697	0.471697	0.471697	0.471697	0.472307	0.512859	0.507989	0.472997	0.471697	0.471697	0.471697	0.471697	0.471697	0.471697	0.471697	0.471697	0.471697	0.471697	0.471697	0.473017	0.521405	0.497111	0.471697	0.471697	0.471697	0.471697	0.471697	0.471697	0.471697	0.471697	0.471697	0.471697
0.471697	0.475106	0.475706	0.471697	0.471905	0.471697	0.47197	0.471697	0.471697	0.471697	0.514871	0.471697	0.471697	0.471697	0.471697	0.473981	0.471871	0.471697	0.471697	0.471697	0.471948	0.471697	0.471697	0.471697	0.47197	0.471697	0.471697	0.472649	0.472199	0.472316	0.47261	0.472519	0.472769	0.471697	0.471697	0.481451	0.475192	0.472081	0.471697	0.471697	0.477676	0.477038	0.471697	0.471697	0.471697	0.515467	0.51192	0.471697	0.471697	0.51136	0.471697	0.471697	0.471697	0.471877	0.471974	0.476014	0.471697	0.471697	0.471697	0.471697	0.515098	0.514825	0.473457	0.471697	0.471697	0.471697	0.471697	0.471697	0.471697	0.471697	0.472278	0.471697	0.471697	0.471697
0.471817	0.483081	0.480455	0.471903	0.471768	0.471815	0.471697	0.471697	0.471697	0.471697	0.473254	0.471697	0.471697	0.471697	0.471697	0.473187	0.471697	0.471697	0.471697	0.471697	0.471697	0.471983	0.471697	0.471697	0.472854	0.471786	0.471697	0.475698	0.47373	0.472912	0.472117	0.471994	0.472343	0.471697	0.471697	0.471697	0.471697	0.472248	0.999518	0.471697	0.480026	0.475294	0.471697	0.515012	0.511959	0.471697	0.471697	0.471697	0.471697	0.471697	0.513354	0.510069	0.515048	0.515773	0.474052	0.471697	0.472771	0.510648	0.472227	0.471697	0.472801	0.472575	0.472128	0.471697	0.471697	0.471697	0.471697	0.471697	0.471697	0.472339	0.471697	0.471697	0.471697	0.471697
0.47475	0.472141	0.47172	0.472339	0.475701	0.473456	0.471697	0.473368	0.472251	0.472356	0.473104	0.471697	0.471697	0.471697	0.471697	0.472637	0.471697	0.471697	0.471697	0.471697	0.471697	0.47589	0.471995	0.471727	0.471731	0.471873	0.471748	0.471697	0.473485	0.473261	0.472633	0.47249	0.473064	0.472414	0.471697	0.471697	0.471697	0.471697	0.471697	0.471697	0.471787	0.476205	1	0.471697	0.471697	0.471697	0.471697	0.471697	0.472039	0.472206	0.476811	0.47302	0.475589	0.474369	0.530578	0.553187	0.476586	0.471697	0.471697	0.471697	0.471697	0.472045	0.472182	0.471697	0.471697	0.471697	0.471697	0.472339	0.472139	0.471697	0.471697	0.471697	0.471697	0.471697
0.479416	0.472392	0.471697	0.472187	0.471697	0.471697	0.473505	0.471697	0.471697	0.471697	0.473082	0.471697	0.471697	0.471697	0.471697	0.471697	0.472637	0.471697	0.471697	0.471841	0.471697	0.477841	0.471927	0.478278	0.472107	0.471697	0.472072	0.471697	0.473568	0.472649	0.472943	0.476661	0.473799	0.473715	0.472132	0.472086	0.472332	0.47225	0.472668	0.471697	0.471697	0.471697	0.472339	0.471697	0.471697	0.471697	0.471697	0.471697	0.472913	0.473401	0.473337	0.472012	0.472066	0.475927	0.472993	0.471697	0.471995	0.471836	0.471697	0.471697	0.471697	0.471697	0.471697	0.471697	0.471697	0.472677	0.472339	0.471697	0.471697	0.471697	0.471697	0.471697	0.471697	0.471697
0.477964	0.471697	0.471697	0.474204	0.471697	0.471697	0.474429	0.471697	0.473728	0.509137	0.471956	0.471697	0.471697	0.471697	0.471697	0.471697	0.471697	0.471697	0.471697	0.471697	0.472635	0.477266	0.471928	0.471697	0.474122	0.471697	0.471697	0.471697	0.473365	0.472617	0.476603	0.472649	0.472683	0.47383	0.476114	0.473982	0.4727	0.472206	0.472306	0.471697	0.471697	0.471697	0.471841	0.471697	0.471697	0.471697	0.471697	0.471697	0.47254	0.473405	0.473242	0.473232	0.473673	0.473299	0.472039	0.471697	0.472168	0.472582	0.471697	0.471697	0.471697	0.471697	0.472905	0.47654	0.47308	0.471697	0.471697	0.471697	0.471697	0.471697	0.471697	0.471697	0.471697	0.471697
0.471697	0.474178	0.47504	0.471697	0.471697	0.471697	0.471697	0.471697	0.471697	0.472502	0.472973	0.471697	0.471697	0.471697	0.471697	0.471697	0.471697	0.476224	0.54424	0.484172	0.474124	0.471697	0.471697	0.471697	0.471697	0.472437	0.471697	0.471697	0.475323	0.472666	0.478662	0.4723	0.472259	0.473425	0.47735	0.47386	0.472601	0.472649	0.472617	0.472491	0.472403	0.473592	0.472201	1	0.471697	0.471697	0.471984	0.472009	0.47214	0.472267	0.47329	0.473506	0.473218	0.473262	0.473491	0.472096	0.475716	0.471697	0.471995	0.471697	0.485645	0.472754	0.471697	0.471697	0.471697	0.471697	0.471697	0.471697	0.471697	0.471697	0.471697	0.471697	0.471697	0.471697
0.471697	0.473534	0.474509	0.471697	0.471697	0.471697	0.47601	0.474217	0.475298	0.47612	0.507171	0.471697	0.471697	0.471697	0.471697	0.471697	0.471697	0.471697	0.47386	0.473385	0.472695	0.471697	0.471697	0.471773	0.471711	0.471697	0.475659	0.471697	0.471697	0.471697	0.472224	0.472465	0.472283	0.472199	0.472884	0.474752	0.472571	0.472943	0.474047	0.472465	0.471697	0.471697	0.471861	0.486207	0.471697	0.471697	0.471697	0.471697	0.472136	0.472327	0.472132	0.473072	0.473363	0.474107	0.473761	0.473596	0.473168	0.474315	0.471697	0.494039	0.472195	0.472294	0.471697	0.471697	0.471697	0.471697	0.471697	0.471697	0.471697	0.475476	0.471697	0.471697	0.47324	0.472346
0.472733	0.472346	0.474197	0.471697	0.471697	0.471697	0.474219	0.474344	0.475276	0.477059	0.471742	0.472019	0.471697	0.471697	0.471697	0.472029	0.471697	0.471697	0.485757	0.472637	0.472158	0.472796	0.472349	0.472339	0.471815	0.471921	0.476027	0.471697	0.471697	0.471697	0.471697	0.47779	0.473213	0.472756	0.473403	0.473559	0.476659	0.472891	0.472842	0.473424	0.471697	0.471697	0.471697	0.473528	0.471697	0.471697	0.471697	0.471697	0.472851	0.474531	0.472173	0.472182	0.472366	0.473186	0.473423	0.473766	0.473472	0.473615	0.471697	0.471697	0.471697	0.471697	0.472637	0.476679	0.471697	0.471697	0.471697	0.471697	0.471697	0.479953	0.471697	0.471697	0.472887	0.472251
0.472413	0.471738	0.471697	0.47545	0.475158	0.474014	0.47329	0.476369	0.477845	0.478042	0.471697	0.471697	0.472341	0.471697	0.471697	0.476717	0.471697	0.472816	0.471697	0.471697	0.472896	0.471697	0.472001	0.471782	0.471697	0.471697	0.471697	0.473893	0.471697	0.471697	0.471697	0.473418	0.472617	0.472571	0.472586	0.472377	0.473655	0.47659	0.472617	0.472477	0.47359	0.472634	0.473441	0.471697	0.471697	0.471697	0.471697	0.471697	0.471697	0.472214	0.472867	0.472096	0.472164	0.472177	0.472152	0.473397	0.473641	0.4741	0.473955	0.473569	0.471697	0.471919	0.471697	0.471697	0.472704	0.472701	0.472741	0.472435	0.471697	0.473068	0.472193	0.473261	0.473843	0.472259
0.47341	0.471697	0.471697	0.471697	0.471705	0.471697	0.471697	0.472633	0.480072	0.471716	0.471697	0.471697	0.471697	0.509754	0.472088	0.471697	0.471697	0.476063	0.471697	0.472251	0.480355	0.471697	0.471697	0.471802	0.471697	0.471697	0.471697	0.471697	0.473101	0.471697	0.471697	0.474014	0.473887	0.474521	0.479865	0.472586	0.473457	0.473486	0.473455	0.472682	0.47206	0.472582	0.473048	0.471697	0.471697	0.471802	0.471697	0.471697	0.471697	0.471697	0.471697	0.471697	0.471697	0.471697	0.471697	0.473746	0.472888	0.473856	0.473819	0.473356	0.474875	0.471697	0.471697	0.471697	0.471697	0.471697	0.471697	0.477976	0.472605	0.472169	0.472177	0.473588	0.472136	0.472148
0.471697	0.471697	0.471697	0.471697	0.471697	0.471697	0.471697	0.472819	0.48044	0.471911	0.471795	0.472379	0.471716	0.513498	0.471944	0.47201	0.472475	0.471774	0.471767	0.472408	0.472377	0.472339	0.471697	0.471697	0.471697	0.471697	0.471697	0.471697	0.471697	0.475834	0.471697	0.474095	0.474598	0.478437	0.472601	0.47347	0.473567	0.476242	0.472999	0.472971	0.473707	0.472906	0.472983	0.471697	0.471697	0.7604	0.471697	0.471697	0.471697	0.471697	0.471697	0.472339	0.471814	0.471697	0.471697	0.473627	0.472816	0.472283	0.474025	0.47425	0.473367	0.471697	0.471697	0.471697	0.471697	0.471697	0.471697	0.47434	0.481566	0.472346	0.473682	0.473181	0.4731	0.472275
0.476627	0.471697	0.471697	0.471853	0.474777	0.47413	0.47367	0.471766	0.471964	0.481671	0.471968	0.471697	0.471956	0.476442	0.548434	0.471921	0.471697	0.472061	0.472042	0.471697	0.471697	0.471697	0.471697	0.471697	0.471697	0.471697	0.471697	0.471697	0.471697	0.475953	0.471697	0.471697	0.471697	0.480052	0.474282	0.473717	0.473245	0.474165	0.474568	0.473831	0.473412	0.472843	0.473123	0.473624	0.473512	0.471697	0.471697	0.472257	0.472339	0.472339	0.472339	0.471697	0.471697	0.471697	0.471697	0.473296	0.47336	0.473189	0.47308	0.4723	0.475394	0.473938	0.474086	0.474204	0.473987	0.474359	0.477059	0.475735	0.475189	0.472339	0.472339	0.471824	0.471697	0.471697
0.479187	0.475225	0.475079	0.477503	0.471697	0.471697	0.473084	0.472346	0.472454	0.471697	0.472339	0.471697	0.475731	0.471697	0.471697	0.480727	0.471697	0.471697	0.472339	0.471809	0.471697	0.471697	0.471697	0.471697	0.471697	0.471697	0.471697	0.471697	0.472196	0.472873	0.472586	0.471697	0.47231	0.471697	0.472366	0.473702	0.473264	0.474093	0.47418	0.475155	0.47249	0.473077	0.472921	0.473229	0.473827	0.471719	0.473052	0.471697	0.471697	0.471697	0.471697	0.471697	0.471697	0.471697	0.471697	0.472962	0.47294	0.473094	0.4723	0.472327	0.476254	0.473679	0.473683	0.47371	0.473239	0.472989	0.475499	0.471697	0.471697	0.471697	0.471697	0.471697	0.471697	0.471697
0.479747	0.475705	0.474889	0.474865	0.471697	0.471697	0.472144	0.472173	0.473386	0.471697	0.471697	0.471697	0.477097	0.471697	0.471697	0.471697	0.475904	0.471697	0.472206	0.471697	0.471697	0.471697	0.471697	0.471697	0.471697	0.471697	0.471697	0.473109	0.471697	0.472626	0.473768	0.471697	0.471697	0.471988	0.472387	0.472346	0.473426	0.472959	0.473285	0.474525	0.473764	0.473403	0.473216	0.472912	0.473577	1	0.471697	0.471697	0.471697	0.471697	0.471697	0.471697	0.471697	0.471697	0.471697	0.472911	0.472551	0.472824	0.473269	0.472465	0.47481	0.473275	0.473615	0.473568	0.473215	0.473461	0.473964	0.471697	0.471697	0.471697	0.471697	0.471697	0.471697	0.471697
0.479694	0.471697	0.471697	0.471697	0.471697	0.471697	0.475893	0.473368	0.475138	0.471697	0.473423	0.472117	0.471697	0.471697	0.471697	0.471697	0.471697	0.473353	0.471697	0.475278	0.476694	0.471697	0.471697	0.471697	0.471697	0.471697	0.471697	0.472834	0.472637	0.471697	0.473227	0.471697	0.471697	0.471697	0.530604	0.471697	0.472529	0.473334	0.473393	0.473528	0.473494	0.473373	0.473232	0.472261	0.473519	0.472261	0.471697	0.471697	0.471697	0.471697	0.471697	0.471697	0.471697	0.471697	0.471697	0.472022	0.473001	0.472309	0.472356	0.473812	0.473963	0.47518	0.473707	0.473367	0.473447	0.473616	0.473424	0.474213	0.476686	0.478767	0.471697	0.471697	0.471697	0.471697
0.47971	0.471697	0.471697	0.474725	0.474479	0.474446	0.476201	0.471697	0.471697	0.475865	0.473234	0.473357	0.472164	0.471697	0.471697	0.471697	0.472637	0.472339	0.471697	0.471697	0.471697	0.471697	0.471697	0.471697	0.471697	0.471697	0.471748	0.471697	0.481526	0.472465	0.473859	0.473863	0.473388	0.471697	0.477895	0.472543	0.472529	0.473499	0.47438	0.473502	0.473693	0.474113	0.4727	0.471697	0.471697	0.471697	0.471697	0.471697	0.471697	0.471697	0.471697	0.471697	0.471697	0.471697	0.471697	0.471697	0.471697	0.471697	0.471697	0.471697	0.472617	0.4733	0.473257	0.473101	0.473147	0.473397	0.473278	0.473839	0.475575	0.471697	0.471697	0.471697	0.471697	0.471697
0.479994	0.471697	0.471697	0.474838	0.475442	0.475184	0.475202	0.471697	0.471697	0.475147	0.473952	0.472737	0.473095	0.471697	0.471697	0.472637	0.471697	0.472313	0.471697	0.471697	0.471697	0.471697	0.471697	0.471697	0.471697	0.472339	0.471697	0.471697	0.479178	0.473515	0.473551	0.473599	0.473553	0.471697	0.479271	0.472586	0.472243	0.47341	0.473826	0.474409	0.474199	0.475075	0.472327	0.471697	0.471697	0.471812	1	0.471697	0.471697	0.471697	0.471697	0.471697	0.471697	0.471697	0.471697	0.471697	0.471697	0.471697	0.471697	0.471697	0.472292	0.472408	0.472617	0.472649	0.472586	0.472454	0.473454	0.473931	0.473604	0.471697	0.471697	0.472319	0.471956	0.471697
0.471697	0.473492	0.47339	0.47426	0.475649	0.476838	0.476415	0.476465	0.47698	0.473941	0.471697	0.471697	0.472144	0.471697	0.471697	0.472339	0.471697	0.471778	0.471697	0.471697	0.471697	0.471697	0.471697	0.471697	0.472339	0.472133	0.472049	0.471972	0.475049	0.473773	0.473857	0.473472	0.473538	0.471697	0.471938	0.471697	0.471697	0.472309	0.473451	0.473144	0.47357	0.476525	0.472866	0.472251	0.472643	0.473602	0.485601	0.472132	0.471697	0.471697	0.471697	0.471697	0.471697	0.471697	0.471697	0.471697	0.471697	0.471697	0.471697	0.471697	0.472817	0.472063	0.472048	0.472177	0.472356	0.472356	0.472275	0.473328	0.473363	0.473427	0.471697	0.471697	0.471697	0.471697
0.477092	0.473627	0.473442	0.473836	0.475533	0.47723	0.471697	0.471697	0.471697	0.471697	0.471697	0.471697	0.471697	0.471697	0.471697	0.472095	0.471697	0.471697	0.471697	0.471697	0.471697	0.471697	0.471697	0.472144	0.471697	0.471865	0.472098	0.47591	0.473479	0.473474	0.473786	0.473647	0.473566	0.471697	0.471934	0.563447	0.472842	0.474753	0.472543	0.472529	0.473394	0.473677	0.474126	0.473046	0.472567	0.471697	0.472637	0.472339	0.471697	0.471697	0.471697	0.471697	0.471697	0.471697	0.471697	0.471697	0.471697	0.471697	0.47209	0.477305	0.473072	0.472885	0.472661	0.472497	0.472556	0.472674	0.472045	0.472121	0.472502	0.473143	0.473176	0.472442	0.473156	0.472442
0.477584	0.473833	0.474574	0.473625	0.474422	0.476787	0.471697	0.471697	0.471697	0.471697	0.471697	0.471697	0.471697	0.471697	0.471697	0.471697	0.472339	0.471697	0.471697	0.4719	0.471697	0.471697	0.471883	0.471697	0.471697	0.471938	0.471697	0.47415	0.473782	0.47371	0.47359	0.473512	0.473451	0.471697	0.471697	0.471926	0.472529	0.47447	0.473269	0.476028	0.472557	0.473092	0.473158	0.473842	0.472283	0.471697	0.471697	0.483619	0.471697	0.471697	0.471697	0.471697	0.471697	0.471697	0.471697	0.471697	0.471697	0.471697	0.472086	0.477051	0.473264	0.473267	0.473148	0.473029	0.472931	0.472727	0.475902	0.473902	0.472601	0.473269	0.472633	0.47249	0.472366	0.472465
0.478973	0.473633	0.474261	0.471697	0.473747	0.474552	0.471697	0.471697	0.471697	0.471697	0.471697	0.471697	0.471697	0.471697	0.471697	0.471697	0.472339	0.471697	0.471697	0.471697	0.472033	0.471765	0.471697	0.471697	0.47209	0.476949	0.474182	0.473715	0.473598	0.473362	0.473575	0.473776	0.473768	0.480505	0.471697	0.471697	0.473941	0.472666	0.472939	0.473736	0.474136	0.475178	0.472756	0.474067	0.474976	0.472039	0.471697	0.471697	0.474275	0.471697	0.471697	0.471697	0.471697	0.471697	0.471697	0.471697	0.471697	0.471697	0.472079	0.477077	0.473239	0.471697	0.471697	0.471697	0.477982	0.477963	0.473216	0.472774	0.476203	0.474341	0.472666	0.47344	0.472387	0.472408
0.471697	0.473187	0.474023	0.471697	0.473195	0.473849	0.471697	0.471697	0.471697	0.471697	0.471697	0.471697	0.471697	0.471697	0.471697	0.471697	0.472252	0.471697	0.471697	0.471697	0.471697	0.477899	0.471697	0.471697	0.471807	0.476366	0.474209	0.473677	0.474148	0.473703	0.47343	0.473451	0.473169	0.471697	0.47533	0.472776	0.475506	0.472797	0.472477	0.472346	0.473337	0.474559	0.473895	0.474021	0.475262	0.472366	0.472228	0.473352	0.472339	0.471697	0.471697	0.471697	0.471697	0.471697	0.471697	0.471697	0.471697	0.471697	0.471697	0.471697	0.471697	0.471697	0.471697	0.471697	0.473413	0.4731	0.473004	0.472641	0.473411	0.473355	0.477112	0.47605	0.473244	0.472586
0.471697	0.472814	0.473229	0.471697	0.473106	0.473066	0.471697	0.471697	0.471697	0.471697	0.471697	0.471697	0.471697	0.471697	0.471697	0.471697	0.471697	0.471697	0.471716	0.471826	0.471697	0.477495	0.471697	0.471697	0.471697	0.475189	0.473844	0.473401	0.47384	0.473561	0.473465	0.473411	0.473137	0.471697	0.474122	0.475675	0.474841	0.474425	0.477702	0.472633	0.473333	0.473998	0.473744	0.473424	0.4747	0.472756	0.472377	0.472999	0.471697	0.471808	0.471697	0.471697	0.471697	0.471697	0.471697	0.471697	0.471697	0.471697	0.471697	0.471697	0.471697	0.471792	0.471697	0.471697	0.47203	0.472497	0.472601	0.472657	0.473313	0.473503	0.47371	0.475056	0.474895	0.473062
0.471697	0.473028	0.472103	0.471697	0.471697	0.471697	0.471697	0.471697	0.471697	0.471697	0.471697	0.471697	0.471697	0.471697	0.471697	0.471697	0.471697	0.471715	0.471802	0.471775	0.471697	0.471697	0.471697	0.471697	0.471697	0.473909	0.473864	0.473796	0.474019	0.473801	0.47381	0.474474	0.473622	0.473716	0.473319	0.473226	0.473532	0.472454	0.473969	0.473647	0.473712	0.474838	0.472737	0.473518	0.474136	0.473945	0.472949	0.472803	0.471697	1	0.472043	0.471697	0.471697	0.471697	0.471697	0.471697	0.471697	0.471697	0.471697	0.471697	0.471697	0.471697	0.471697	0.471697	0.471697	0.471697	0.472036	0.472054	0.47298	0.473224	0.473152	0.473885	0.471697	0.471697
0.471697	0.471697	0.471697	0.471697	0.471697	0.471697	0.471697	0.471697	0.471697	0.471697	0.471697	0.471697	0.471697	0.471697	0.471697	0.471697	0.471697	0.471697	0.471697	0.471697	0.471697	0.473217	0.473005	0.473791	0.475134	0.47396	0.474765	0.473407	0.473374	0.473648	0.476529	0.473748	0.47338	0.473159	0.473889	0.473829	0.47504	0.474141	0.474166	0.474263	0.473344	0.473811	0.473994	0.473796	0.474021	0.47475	0.472259	0.472708	0.473784	0.471697	0.478795	0.471697	0.471697	0.471697	0.471697	0.471697	0.471697	0.472257	0.471697	0.471697	0.471697	0.471697	0.471697	0.471697	0.47503	0.472614	0.472076	0.472107	0.472251	0.472649	0.472633	0.472649	0.471697	0.471697
0.471697	0.471697	0.471697	0.471697	0.471697	0.471697	0.471697	0.471697	0.471697	0.471697	0.471697	0.471697	0.471697	0.471697	0.471697	0.471697	0.471697	0.471697	0.471706	0.471697	0.471697	0.472169	0.473217	0.47554	0.475265	0.475988	0.474156	0.473675	0.4735	0.47567	0.473849	0.47479	0.47249	0.472865	0.47363	0.473413	0.473655	0.474209	0.475159	0.472586	0.473506	0.473632	0.473778	0.47378	0.473816	0.476182	0.472529	0.472708	0.473766	0.471697	0.49974	0.472168	0.471697	0.471697	0.471697	0.471697	0.471697	0.472681	0.472559	0.472339	0.471697	0.471697	0.471697	0.471697	0.471982	0.471971	0.472664	0.472372	0.471973	0.472066	0.472121	0.472103	0.471697	0.471697
0.471697	0.471697	0.471697	0.471697	0.471697	0.472339	0.472339	0.472022	0.471697	0.471697	0.471697	0.471697	0.471697	0.471697	0.471697	0.471697	0.471697	0.471697	0.471697	0.471697	0.471697	0.471697	0.471697	0.471697	0.471766	0.475265	0.47309	0.473391	0.480536	0.473462	0.473668	0.474416	0.474417	0.473597	0.473289	0.472366	0.473207	0.474041	0.475449	0.472419	0.473316	0.473753	0.473707	0.473793	0.473675	0.476575	0.473495	0.472995	0.473372	0.473568	0.473595	0.479144	0.471697	0.471697	0.471697	0.471697	0.471985	0.472343	0.471697	0.471697	0.471697	0.471697	0.471697	0.471697	0.471697	0.471697	0.471697	0.47246	0.472418	0.472649	0.471697	0.471697	0.471697	0.471697
0.471697	0.471697	0.47176	0.472339	0.472339	0.471697	0.471697	0.471697	0.471697	0.471697	0.471697	0.471697	0.471697	0.471697	0.471697	0.471697	0.471697	0.471697	0.471697	0.472339	0.471697	0.471697	0.471697	0.471697	0.471697	0.472819	0.472477	0.483593	0.473895	0.473244	0.473478	0.473713	0.473869	0.474209	0.474278	0.475198	0.473241	0.473701	0.475104	0.472557	0.473172	0.473788	0.473218	0.473752	0.474031	0.473734	0.474326	0.472206	0.473009	0.473641	0.47343	0.471726	0.482033	0.471697	0.471697	0.472339	0.473017	0.471697	0.471697	0.471697	0.471697	0.471697	0.471697	0.471697	0.471697	0.471697	0.471697	0.473007	0.47283	0.473434	0.473655	0.473708	0.471697	0.471697
0.471697	0.471697	0.472339	0.471697	0.471697	0.471697	0.471697	0.471697	0.471697	0.471697	0.471697	0.471697	0.471697	0.471697	0.471697	0.471697	0.471697	0.471697	0.471697	0.471697	0.472339	0.472533	0.471697	0.471697	0.471697	0.517604	0.509988	0.47327	0.473559	0.47344	0.473358	0.473573	0.473423	0.473634	0.473762	0.474359	0.474012	0.473677	0.474564	0.474557	0.474164	0.474021	0.47391	0.475011	0.47353	0.473641	0.474181	0.473353	0.472806	0.473406	0.473564	0.471697	0.472044	0.473355	0.47612	0.472558	0.471697	0.471697	0.471697	0.471697	0.471697	0.471697	0.471697	0.471697	0.471697	0.471697	0.471697	0.473329	0.473625	0.473498	0.473406	0.473506	0.471697	0.471697
0.472339	0.472637	0.471697	0.471697	0.471697	0.471697	0.471697	0.471697	0.471697	0.471697	0.471697	0.471697	0.471697	0.471697	0.471697	0.471697	0.471697	0.471697	0.471697	0.477431	0.474228	0.474366	0.486301	0.480399	0.477156	0.475848	0.475201	0.472502	0.47309	0.473171	0.47352	0.473839	0.473608	0.473036	0.472983	0.473511	0.473922	0.473546	0.473414	0.473828	0.473542	0.474115	0.476045	0.472502	0.472387	0.473253	0.473663	0.474042	0.473146	0.473024	0.472875	0.473052	0.471697	0.471697	1	0.471697	0.471697	0.471697	0.471697	0.471697	0.471697	0.471697	0.471697	0.471697	0.471697	0.471697	0.471697	0.471697	0.471697	0.473599	0.471697	0.471697	0.471697	0.471697
0.473012	0.471697	0.471697	0.471697	0.471697	0.471697	0.471697	0.471697	0.471697	0.471697	0.471697	0.471697	0.471697	0.471697	0.471697	0.472182	0.471697	0.471697	0.471697	0.474416	0.474762	0.473537	0.471697	0.471697	0.476146	0.475925	0.475454	0.472819	0.472718	0.473512	0.473559	0.473695	0.474484	0.473782	0.473302	0.473561	0.473874	0.474014	0.475303	0.472366	0.473437	0.474187	0.476788	0.47511	0.472454	0.472356	0.473307	0.473671	0.476672	0.472502	0.472275	0.47263	0.473284	0.473103	0.474357	0.476773	0.471697	0.471697	0.471697	0.471697	0.471697	0.471697	0.471697	0.471697	0.471697	0.471812	0.474642	0.471697	0.471697	0.471697	0.471697	0.471697	0.471697	0.471697
0.472201	0.471697	0.471697	0.471697	0.471697	0.471697	0.471697	0.471697	0.471697	0.471697	0.471697	0.471697	0.471697	0.471697	0.471697	0.472243	0.471697	0.471697	0.471697	0.47474	0.474168	0.474977	0.471697	0.471697	0.475118	0.476863	0.477856	0.477037	0.474916	0.473632	0.473986	0.473796	0.474246	0.474021	0.473558	0.473299	0.473304	0.473215	0.474011	0.473405	0.473156	0.473192	0.473474	0.473506	0.485222	0.472465	0.472387	0.473075	0.475405	0.472515	0.472586	0.473823	0.472214	0.47248	0.47299	0.473414	0.472607	0.471697	0.471697	0.471697	0.471697	0.471697	0.471697	0.471697	0.471697	0.472339	0.475713	0.471697	0.471697	0.471697	0.471697	0.471697	0.471697	0.471697
0.471697	0.471697	0.471697	0.471697	0.471697	0.471697	0.471697	0.471697	0.471697	0.471697	0.471697	0.471697	0.471697	0.471697	0.471697	0.471697	0.472152	0.473354	0.471697	0.473849	0.474601	0.475794	0.476088	0.47671	0.477009	0.477737	0.476751	0.476265	0.474974	0.474016	0.474128	0.473509	0.47411	0.474033	0.47394	0.473731	0.473893	0.473492	0.474014	0.475485	0.473691	0.4735	0.475479	0.47243	0.473463	0.492293	0.472601	0.47243	0.473162	0.47249	0.473144	0.474347	0.474556	0.472283	0.472748	0.471697	0.471697	0.471741	0.471697	0.471697	0.471697	0.471697	0.471697	0.471697	0.471697	0.472339	0.471697	0.471697	0.471697	0.471697	0.471697	0.471697	0.471697	0.471697
0.471697	0.471697	0.471697	0.471697	0.471697	0.471697	0.471697	0.471697	0.471697	0.471697	0.471697	0.471697	0.471697	0.471697	0.471697	0.471697	0.471697	0.471697	0.471697	0.471697	0.471697	0.471697	0.471697	0.471697	0.471697	0.477023	0.475849	0.475309	0.475657	0.476833	0.474632	0.474259	0.474736	0.474233	0.47415	0.47422	0.475149	0.471697	0.471697	0.473988	0.473246	0.472972	0.4733	0.473989	0.508227	0.47412	0.474894	0.477974	0.473213	0.472797	0.47351	0.473621	0.473952	0.473303	0.472868	0.472774	0.473796	1	0.472232	0.471697	0.471697	0.471697	0.471697	0.471697	0.471697	0.472339	0.471697	0.471697	0.471697	0.471697	0.472181	0.471697	0.471697	0.471697
0.471697	0.471697	0.471697	0.471697	0.471697	0.471697	0.471697	0.471697	0.471697	0.471697	0.471697	0.471697	0.471697	0.471697	0.471697	0.471697	0.471697	0.471697	0.471697	0.471697	0.471697	0.471697	0.471697	0.471697	0.471697	0.477659	0.475696	0.475967	0.478505	0.476782	0.47747	0.476203	0.474101	0.473525	0.47577	0.475185	0.473656	0.471697	0.471697	0.472633	0.472557	0.472477	0.472243	0.508161	0.47393	0.473961	0.473735	0.475859	0.472797	0.476403	0.472543	0.472454	0.473671	0.47497	0.472465	0.47309	0.473214	0.471697	0.474646	0.471809	0.471697	0.471697	0.471697	0.471697	0.471697	0.47712	0.472107	0.471802	0.471697	0.472339	0.471697	0.471697	0.471697	0.471697
0.471697	0.471697	0.471697	0.471697	0.471697	0.471697	0.471697	0.471697	0.471697	0.471697	0.471697	0.471697	0.471697	0.471697	0.471697	0.471697	0.471697	0.471697	0.471697	0.471697	0.471697	0.471697	0.471697	0.471697	0.471697	0.476952	0.477615	0.471697	0.477038	0.478558	0.478589	0.477401	0.475462	0.471697	0.479593	0.472633	0.473027	0.520073	0.511551	0.493232	0.516848	0.514443	0.511618	0.473316	0.474481	0.473132	0.473246	0.475232	0.472408	0.473655	0.475736	0.47243	0.473334	0.474356	0.473992	0.472797	0.472822	0.473355	0.474924	0.472346	0.479911	0.472258	0.471697	0.471697	0.473122	0.471697	0.475012	0.47306	0.472571	0.471697	0.471697	0.471697	0.471697	0.471697
0.472048	0.471697	0.471697	0.471697	0.471697	0.471697	0.471697	0.471697	0.471697	0.471697	0.471697	0.471697	0.471697	0.471697	0.471697	0.471697	0.471697	0.471697	0.471697	0.471697	0.471697	0.471697	0.471697	0.471697	0.471697	0.471697	0.471697	0.471697	0.471697	0.471697	0.478094	0.476274	0.475772	0.477174	0.472117	0.472339	0.479694	0.47639	0.476127	0.472331	0.476269	0.476121	0.473581	0.476876	0.472683	0.472529	0.473417	0.474144	0.472366	0.47327	0.475797	0.472601	0.473871	0.474762	0.472571	0.473019	0.472664	0.473161	0.473067	0.472962	0.47374	0.473456	0.47184	0.472668	0.471697	0.471697	0.471697	0.471697	0.471697	0.471697	0.471697	0.471697	0.471697	0.471697
0.472339	0.471697	0.471697	0.471697	0.471697	0.471697	0.471697	0.471697	0.471697	0.471697	0.471697	0.471697	0.471697	0.471697	0.471697	0.471697	0.471697	0.471697	0.471697	0.471697	0.471697	0.471697	0.471697	0.471697	0.471697	0.471697	0.471697	0.471864	0.471722	0.471951	0.477705	0.475436	0.478592	0.479297	0.472339	0.472439	0.47952	0.479334	0.526268	0.471697	0.478455	0.47243	0.473726	0.473746	0.476232	0.473742	0.472477	0.472502	0.473102	0.473081	0.473786	0.475875	0.472633	0.47567	0.472666	0.47387	0.476147	0.472377	0.472283	0.47275	0.473196	0.471697	1	0.471697	0.471697	0.471697	0.471697	0.471697	0.471697	0.471697	0.471697	0.471697	0.471697	0.471697
0.473469	0.472081	0.47205	0.471697	0.471697	0.471697	0.472993	0.472839	0.472339	0.472339	0.472339	0.472339	0.472089	0.472157	0.471697	0.471697	0.471697	0.471697	0.471697	0.471697	0.471697	0.471697	0.471697	0.471697	0.471697	0.471697	0.471697	0.471697	0.471697	0.471697	0.47784	0.471697	0.471697	0.471697	0.471963	0.471915	0.472268	0.472258	0.471697	0.471829	0.471697	0.471697	0.473085	0.473709	0.473919	0.474296	0.475883	0.4727	0.473594	0.473313	0.474013	0.473386	0.473425	0.475099	0.472346	0.472982	0.475808	0.472666	0.47249	0.473077	0.472843	0.471697	0.481863	0.471742	0.471697	0.471697	0.471697	0.471697	0.471697	0.471697	0.471697	0.471697	0.471697	0.471697
0.472857	0.471697	0.471697	0.472339	0.471932	0.473053	0.471697	0.471697	0.471697	0.471697	0.471697	0.471697	0.471697	0.471697	0.471697	0.471697	0.471697	0.471697	0.471697	0.471697	0.471697	0.471697	0.471697	0.471697	0.471697	0.471697	0.471697	0.471697	0.471697	0.471697	0.472074	0.472118	0.472046	0.471697	0.471765	0.471842	0.478538	0.471697	0.471697	0.477413	0.472515	0.472502	0.473005	0.4734	0.473434	0.473883	0.474075	0.474447	0.473858	0.476751	0.472377	0.472283	0.473184	0.475326	0.472515	0.472228	0.473898	0.474545	0.474029	0.473467	0.472779	0.472362	0.473012	0.473014	0.471697	0.471697	0.471697	0.471697	0.471697	0.471697	0.471697	0.471697	0.471697	0.471697
0.485915	0.472393	0.472031	0.472315	0.47308	0.471697	0.471697	0.471697	0.471697	0.471697	0.471697	0.471697	0.471697	0.471697	0.471697	0.471697	0.471697	0.471697	0.471697	0.471697	0.471697	0.471697	0.471697	0.471697	0.471697	0.471697	0.471697	0.471697	0.471697	0.471697	0.471836	0.472012	0.472339	0.471831	0.471697	0.471997	0.479074	0.471697	0.471697	0.480411	0.472366	0.472477	0.473768	0.473181	0.473486	0.473305	0.47387	0.473767	0.47394	0.476533	0.472617	0.472477	0.473307	0.47426	0.475012	0.4733	0.473287	0.473613	0.473936	0.47807	0.47249	0.472079	0.472242	0.471697	0.472139	0.47236	0.471697	0.471697	0.471697	0.471697	0.471697	0.471697	0.471697	0.471697
0.471697	0.478461	0.481573	0.505637	0.471697	0.471697	0.471697	0.471697	0.471697	0.471697	0.471697	0.471697	0.471697	0.471697	0.471697	0.471697	0.471697	0.471697	0.471697	0.471697	0.471697	0.471697	0.471697	0.471697	0.471697	0.471697	0.471697	0.471697	0.471697	0.471697	0.471697	0.471697	0.471697	0.47184	0.471697	0.472949	0.472374	0.471697	0.471697	0.471697	0.471697	0.471697	0.473297	0.473461	0.473469	0.473531	0.473115	0.473616	0.473448	0.476439	0.472529	0.472398	0.472902	0.473376	0.473465	0.473581	0.47343	0.473631	0.473399	0.473907	0.476701	0.4727	0.4721	0.47231	0.471697	0.471697	1	0.471766	0.471697	0.471697	0.471697	0.471697	0.471697	0.471697
0.471825	0.471697	0.471697	0.471755	1	0.471697	0.471697	0.471697	0.471697	0.471697	0.471697	0.471697	0.471697	0.471697	0.471697	0.471697	0.471697	0.471697	0.471697	0.471697	0.471697	0.471697	0.471697	0.471697	0.471697	0.471697	0.471697	0.471697	0.471697	0.471697	0.471697	0.471697	0.471697	0.47218	0.472128	0.471697	0.471697	0.472318	0.475443	0.477747	0.472251	0.472586	0.474768	0.473454	0.474769	0.472398	0.47335	0.473976	0.473444	0.474247	0.475415	0.472649	0.473964	0.472366	0.473284	0.473427	0.473265	0.473708	0.473348	0.473737	0.476418	0.472601	0.472586	0.473141	0.472481	0.47266	0.471697	0.484357	0.471697	0.471697	0.471697	0.471697	0.471697	0.471697
0.472075	0.471697	0.471697	0.477668	0.473715	0.471697	0.471697	0.471697	0.471697	0.471697	0.471697	0.471697	0.471697	0.471697	0.471697	0.471697	0.471697	0.471697	0.471697	0.471697	0.471697	0.471697	0.471697	0.471697	0.471697	0.471697	0.471697	0.471697	0.471697	0.471697	0.471697	0.471697	0.471697	0.472487	0.471697	0.471697	0.471697	0.476816	0.474654	0.477215	0.47243	0.474694	0.472309	0.473191	0.474076	0.473645	0.473401	0.473984	0.473602	0.473895	0.473795	0.474081	0.476532	0.472502	0.473381	0.473971	0.473892	0.47357	0.473682	0.474152	0.473618	0.474045	0.473431	0.473306	0.472651	0.473544	0.471697	0.475475	0.472438	0.471697	0.471697	0.471697	0.471697	0.471697
0.471697	0.471697	0.472339	0.475594	0.471697	0.471767	0.471697	0.471697	0.471697	0.471697	0.471697	0.471697	0.471697	0.471697	0.471697	0.471697	0.471697	0.471697	0.471697	0.471697	0.471697	0.471697	0.471697	0.471697	0.471697	0.471697	0.471697	0.471697	0.471697	0.471697	0.471697	0.471697	0.471697	0.471697	0.472339	0.471697	0.471697	0.476629	0.477036	0.478004	0.475435	0.476305	0.472408	0.473171	0.473825	0.473766	0.473512	0.4736	0.475162	0.472398	0.473436	0.475663	0.472601	0.472529	0.473551	0.473672	0.473335	0.473776	0.474261	0.472337	0.473787	0.475603	0.475785	0.472943	0.471697	0.471697	0.471697	0.472379	0.471697	0.471697	0.471697	0.471697	0.471697	0.471697
0.471697	0.471697	0.471697	0.471697	0.471697	0.471697	0.471697	0.471697	0.471697	0.471697	0.471697	0.471697	0.471697	0.471697	0.471697	0.471697	0.471697	0.471697	0.471697	0.471697	0.471697	0.471697	0.471697	0.471697	0.471697	0.471697	0.471697	0.471697	0.475278	0.473528	0.471697	0.471697	0.471697	0.471697	0.471748	0.471697	0.471697	0.471697	0.472189	0.476516	0.476357	0.473829	0.474897	0.473728	0.473922	0.473723	0.473756	0.476138	0.472649	0.472337	0.473404	0.474928	0.472737	0.473459	0.474487	0.472387	0.47314	0.474063	0.473927	0.473493	0.474369	0.472275	0.473069	0.473997	0.475955	0.472259	0.472634	0.479351	0.471697	0.471697	0.471697	0.471697	0.471697	0.471697
0.471697	0.471697	0.471697	0.585144	0.471697	0.471722	0.471697	0.471697	0.471697	0.471697	0.471697	0.471697	0.471697	0.471697	0.471697	0.471697	0.471697	0.471697	0.471697	0.471697	0.471697	0.471697	0.471697	0.471697	0.471697	0.471697	0.471697	0.471697	0.474555	0.474456	0.471697	0.471697	0.471697	0.471697	0.471697	0.471697	0.471697	0.471697	0.471697	0.481839	0.472502	0.475573	0.47486	0.473621	0.473969	0.473702	0.473295	0.47406	0.47437	0.473412	0.473524	0.473816	0.473826	0.473695	0.473683	0.473684	0.473799	0.473501	0.473466	0.473262	0.475584	0.472398	0.472881	0.473659	0.475206	0.472228	0.472609	0.471697	0.474127	0.471927	0.471697	0.471697	0.471697	0.471697
0.471728	0.471697	0.471697	0.471774	0.474221	0.475594	1	0.483201	0.474422	0.471697	0.471697	0.471697	0.471697	0.471697	0.471697	0.471697	0.471697	0.471697	0.471697	0.471697	0.471697	0.471697	0.471697	0.471697	0.471697	0.471697	0.471697	0.471697	0.471697	0.471697	0.471697	0.471697	0.471697	0.471697	0.475416	0.475825	0.471697	0.476854	0.476662	0.471697	0.477112	0.475658	0.474642	0.474063	0.474449	0.474451	0.473634	0.473865	0.473691	0.473509	0.473807	0.47362	0.474048	0.473737	0.473796	0.473849	0.473398	0.47496	0.472571	0.473876	0.473915	0.472515	0.473489	0.4735	0.474167	0.473802	0.471697	0.473464	0.475028	0.47243	0.472377	0.471697	0.471697	0.471697
0.476265	0.471697	0.471697	0.471697	0.471697	0.475106	0.471697	0.471697	0.471697	0.47246	0.471697	0.471697	0.471697	0.471697	0.471697	0.471697	0.471697	0.471697	0.471697	0.471697	0.471697	0.471697	0.471697	0.471697	0.471697	0.471697	0.471697	0.471697	0.471697	0.471697	0.471697	0.471697	0.471697	0.471697	0.471697	0.471697	0.471697	0.471697	0.471697	0.471697	0.476835	0.475264	0.474254	0.474305	0.474353	0.474234	0.474557	0.47352	0.473398	0.474025	0.473939	0.474902	0.473259	0.473506	0.475987	0.47243	0.472283	0.473322	0.475396	0.472601	0.472586	0.472822	0.473418	0.473219	0.473155	0.473348	0.472726	0.473146	0.473526	0.4742	0.471697	1	0.471697	0.471697
0.476692	0.471697	0.471697	0.471697	0.471697	0.471697	0.472713	0.471697	0.471697	0.471697	0.472074	0.471697	0.471697	0.471697	0.471697	0.471697	0.471697	0.471697	0.471697	0.471697	0.471697	0.471697	0.471697	0.471697	0.471697	0.471697	0.471697	0.471697	0.471697	0.471697	0.471697	0.471697	0.471697	0.471697	0.471697	0.471697	0.471697	0.471697	0.471697	0.471697	0.476155	0.475155	0.475597	0.475666	0.474243	0.474762	0.472477	0.472617	0.476135	0.474447	0.477386	0.472683	0.473356	0.472454	0.474163	0.47715	0.472442	0.47243	0.473296	0.473824	0.474002	0.473253	0.473457	0.473544	0.473346	0.473549	0.472747	0.472755	0.473408	0.473933	0.471697	0.471697	0.474495	0.471697
0.471697	0.471697	0.471697	0.471697	0.471697	0.473229	0.471697	0.471736	0.472125	0.472605	0.472549	0.47214	0.471697	0.471697	0.471697	0.471697	0.471697	0.471697	0.471697	0.471697	0.471697	0.471697	0.471697	0.471697	0.471697	0.471697	0.471697	0.471697	0.471697	0.471697	0.471697	0.471697	0.471697	0.473812	0.471697	0.471697	0.480639	0.471697	0.471697	0.471697	0.476132	0.477601	0.477651	0.475689	0.476601	0.477264	0.482037	0.48031	0.476832	0.471697	0.471921	0.472842	0.473928	0.47335	0.471697	0.473902	0.474153	0.47398	0.473533	0.473768	0.473651	0.473429	0.473448	0.473729	0.473551	0.475164	0.472221	0.472794	0.475497	0.47214	0.471697	0.471697	0.471697	0.472339
0.471697	0.471697	0.471697	0.471697	0.472339	0.471697	0.471697	0.471736	0.536565	0.472272	0.471697	0.472345	0.472339	0.472012	0.471697	0.471697	0.471697	0.471697	0.471697	0.471697	0.471697	0.471697	0.471697	0.471697	0.471697	0.471697	0.471697	0.471697	0.471697	0.471697	0.471697	0.471697	0.471697	0.471697	0.471697	0.471745	0.471697	0.471697	0.471697	0.471697	0.471697	0.471697	0.477412	0.471697	0.471697	0.471697	0.479245	0.47562	0.479275	0.471697	0.471697	0.474184	0.473962	0.474099	0.473702	0.473476	0.47346	0.473852	0.473897	0.473849	0.473822	0.473595	0.473304	0.47322	0.473207	0.473859	0.473718	0.473271	0.475398	0.472454	0.472152	0.47224	0.471697	0.471697
0.471697	0.471697	0.471697	0.471697	0.472451	0.471697	0.472339	1	0.471742	0.471697	0.480553	0.478995	0.476357	0.473067	0.472339	0.471697	0.471697	0.471697	0.471697	0.471697	0.471697	0.471697	0.471697	0.471697	0.471697	0.471697	0.471697	0.471697	0.471697	0.471697	0.471697	0.471697	0.471697	0.471697	0.471937	0.471697	0.471697	0.471697	0.471697	0.471697	0.471697	0.471697	0.477186	0.471697	0.472339	0.472339	0.475513	0.477148	0.479189	0.471697	0.471697	0.473808	0.473579	0.473802	0.473495	0.473344	0.473588	0.473583	0.47342	0.473616	0.473839	0.473872	0.47391	0.473868	0.473233	0.473389	0.473044	0.473171	0.475085	0.472683	0.472617	0.472429	0.471697	0.471697
0.471697	0.471697	0.471697	0.472339	0.471697	0.471697	0.471697	0.471736	0.471697	0.471697	0.471697	0.471697	0.471697	0.471697	0.471697	0.471702	0.471697	0.471697	0.471697	0.471697	0.471697	0.471697	0.471697	0.471697	0.472339	0.472339	0.472339	0.472339	0.471697	0.471697	0.471697	0.471697	0.471697	0.471697	0.472339	0.471697	0.471697	0.471697	0.471697	0.471697	0.471697	0.471697	0.478097	0.471841	0.471976	0.479004	0.471697	0.471697	0.472633	0.474026	0.474014	0.474165	0.474155	0.474432	0.474557	0.473932	0.473978	0.473349	0.473213	0.473681	0.473959	0.473574	0.47375	0.473823	0.473843	0.473701	0.472557	0.472543	0.473639	0.474334	0.474149	0.473543	0.472515	0.47412
0.471697	0.471697	0.471697	0.476208	0.471697	0.471697	0.471697	1	0.471697	0.471697	0.471697	0.471697	0.512875	0.517167	0.486095	0.472505	0.471697	0.471697	0.471697	0.471697	0.471697	0.471697	0.471697	0.472637	0.471697	0.471697	0.471697	0.471697	0.471697	0.471697	0.471697	0.475347	0.472275	0.471697	0.471697	0.472002	0.471697	0.471697	0.471697	0.471697	0.471697	0.471697	0.471697	0.471858	0.472016	0.479031	0.475683	0.474803	0.474425	0.473926	0.473821	0.474038	0.473995	0.4734	0.473715	0.476903	0.472891	0.472866	0.473446	0.47347	0.473189	0.473754	0.473722	0.474322	0.472571	0.473533	0.475233	0.47532	0.474001	0.473462	0.473769	0.474198	0.474897	0.472649
0.471697	0.471697	0.471697	0.472259	0.471697	0.471697	0.471697	0.471697	0.476992	0.47182	0.471697	0.471697	0.472346	0.473611	0.473189	0.471697	0.471702	0.471836	0.471697	0.471697	0.471697	0.471697	0.472637	0.471697	0.471697	0.471697	0.471697	0.471697	0.471697	0.471697	0.471697	0.474395	0.474075	0.471697	0.471774	0.471697	0.471697	0.471697	0.471697	0.471697	0.471697	0.471697	0.471728	0.471697	0.471869	0.478954	0.475869	0.475547	0.473935	0.473807	0.473803	0.47421	0.474722	0.473846	0.473249	0.473776	0.47374	0.474136	0.475193	0.472866	0.473664	0.473358	0.473698	0.475334	0.472666	0.473247	0.473724	0.475932	0.472683	0.472529	0.473408	0.473376	0.474145	0.475534
0.471697	0.472366	0.472251	0.473141	0.471697	0.471697	0.471697	0.471697	0.472339	0.471951	0.47908	0.471697	0.471697	0.472079	0.472387	0.472327	0.472086	0.471836	0.471697	0.47308	0.472925	0.4725	0.471697	0.471697	0.471697	0.471697	0.471697	0.471697	0.471697	0.471697	0.471697	0.471697	0.471697	0.471697	0.471971	0.471697	0.471697	0.474789	0.476004	0.471697	0.471697	0.471697	0.471697	0.471697	0.47211	0.477984	0.477248	0.474325	0.473707	0.473427	0.473453	0.474009	0.474648	0.475132	0.473977	0.474238	0.473899	0.474309	0.473753	0.47534	0.472601	0.472529	0.473725	0.474215	0.474009	0.473865	0.47338	0.474656	0.472718	0.472601	0.474306	0.473795	0.473759	0.475306
0.47482	0.472327	0.472327	0.472832	0.471697	0.471697	0.471697	0.47199	0.471727	0.471697	0.472095	1	0.471697	0.471697	0.471697	0.471697	0.472465	0.484581	0.472821	0.471697	0.471697	0.471697	0.471697	0.471697	0.471697	0.471697	0.471697	0.471697	0.471697	0.471697	0.471697	0.471697	0.471697	0.471697	0.473521	0.473656	0.471697	0.471697	0.471697	0.471697	0.471697	0.471697	0.471697	0.471697	0.471697	0.471697	0.475975	0.474214	0.474115	0.473674	0.473487	0.473276	0.473533	0.473289	0.474401	0.474152	0.477127	0.472601	0.472586	0.473514	0.474306	0.473777	0.473901	0.473949	0.474096	0.473727	0.47492	0.472797	0.473316	0.474648	0.473827	0.473428	0.473631	0.47529
0.474357	0.472267	0.472465	0.472944	0.471697	0.471697	0.471697	0.471697	0.471994	0.471975	0.471851	0.471787	0.477689	0.471697	0.471697	0.471697	0.477729	0.515227	0.471697	0.471697	0.471697	0.471697	0.471697	0.471697	0.471697	0.471697	0.471697	0.471697	0.471697	0.471697	0.471697	0.471697	0.471697	0.471697	0.473426	0.473538	0.471697	0.471697	0.471697	0.471697	0.471697	0.471697	0.471697	0.471697	0.471697	0.471697	0.473911	0.474119	0.47367	0.4732	0.473705	0.47447	0.472221	0.472974	0.47374	0.47352	0.473882	0.476177	0.472737	0.473954	0.473838	0.473773	0.47353	0.474287	0.472398	0.473212	0.474352	0.474508	0.473714	0.475844	0.472571	0.472529	0.473522	0.47482
0.474648	0.472477	0.472529	0.471697	0.471697	0.471697	0.471697	0.471697	0.471796	0.472362	0.472042	0.472391	0.471697	0.471697	0.47182	0.471697	0.472317	0.471697	0.471697	0.471697	0.471697	0.471697	0.471697	0.471697	0.471697	0.471697	0.471697	0.471697	0.471697	0.471697	0.471697	0.471697	0.471697	0.471697	0.471697	0.471697	0.471697	0.471697	0.471697	0.471697	0.471697	0.471697	0.471697	0.475762	0.474231	0.4738	0.473759	0.474441	0.474032	0.472958	0.474063	0.474384	0.473716	0.473058	0.473705	0.474089	0.474002	0.473344	0.473798	0.473843	0.473807	0.473764	0.473721	0.473637	0.473503	0.473459	0.473818	0.474012	0.474063	0.473619	0.474114	0.473697	0.473674	0.47548
0.473033	0.472515	0.473363	0.473651	0.473221	0.472586	0.471697	0.471697	0.471697	0.471697	0.471697	0.47191	0.472224	0.472424	0.475266	0.473542	0.472207	0.471697	0.471697	0.471697	0.471697	0.471697	0.471697	0.471697	0.471697	0.471697	0.471697	0.471697	0.471697	0.471697	0.471697	0.471697	0.471697	0.471697	0.471697	0.471697	0.471697	0.471697	0.471697	0.471697	0.471697	0.471697	0.471697	0.475489	0.473792	0.473725	0.473318	0.474663	0.475324	0.474011	0.473984	0.474514	0.474098	0.474185	0.473543	0.476002	0.472442	0.473681	0.473708	0.473808	0.473784	0.473933	0.474288	0.474593	0.474234	0.473788	0.473713	0.475129	0.472683	0.474024	0.473776	0.474048	0.475438	0.472718
0.472756	0.473396	0.473549	0.473655	0.473309	0.472542	0.471697	0.471697	0.471697	0.471697	0.471697	0.471697	0.472339	0.471697	1	0.479274	0.471697	0.47201	0.471697	0.471697	0.471697	0.471697	0.471697	0.471697	0.471697	0.471697	0.471697	0.471697	0.471697	0.471697	0.471697	0.471697	0.471697	0.471697	0.471697	0.471697	0.471697	0.471697	0.471697	0.471697	0.471697	0.471697	0.471697	0.474568	0.473705	0.473259	0.472916	0.473213	0.473958	0.474431	0.474952	0.474433	0.47518	0.473635	0.473947	0.475276	0.474033	0.473849	0.47422	0.473581	0.473813	0.473919	0.473664	0.473647	0.473724	0.473873	0.473612	0.473786	0.473789	0.473484	0.473995	0.474095	0.47655	0.472891
0.472543	0.473938	0.473351	0.473442	0.473564	0.47251	0.471697	0.471697	0.471697	0.471697	0.471697	0.471697	0.471697	0.471697	0.471697	0.472937	0.471697	0.471933	0.478713	0.471697	0.471697	0.471697	0.471697	0.471697	0.471697	0.471697	0.471697	0.471697	0.471697	0.471697	0.471697	0.471697	0.471697	0.471697	0.471697	0.471697	0.471697	0.471697	0.471697	0.474334	0.474585	0.474854	0.474956	0.47419	0.473597	0.473834	0.473505	0.47305	0.473092	0.475554	0.474424	0.477322	0.4758	0.476477	0.476608	0.474454	0.473462	0.473577	0.47332	0.473423	0.473411	0.473345	0.473538	0.473823	0.473445	0.473732	0.473909	0.475123	0.47249	0.473082	0.47353	0.473698	0.47598	0.472756
0.471697	0.474184	0.473945	0.473819	0.474757	0.473239	0.475292	0.472543	0.472114	0.471697	0.471697	0.471697	0.471697	0.471697	0.471697	0.471697	0.472119	0.47182	0.475521	1	0.471697	0.471697	0.471697	0.471697	0.471697	0.471697	0.471697	0.471697	0.471697	0.471697	0.471697	0.471697	0.471697	0.471697	0.471697	0.471697	0.471697	0.471697	0.471697	0.471697	0.471697	0.471697	0.474314	0.472974	0.473935	0.47379	0.474043	0.473784	0.471697	0.471697	0.471697	0.476178	0.471697	0.471697	0.476483	0.47436	0.475439	0.472346	0.47326	0.473651	0.47386	0.473454	0.473462	0.473907	0.473681	0.47373	0.473615	0.473825	0.473912	0.473573	0.473938	0.474909	0.472718	0.474276
0.471697	0.473938	0.475354	0.476192	0.474656	0.47649	0.476763	0.474195	0.473772	0.471697	0.471697	0.471697	0.471697	0.471697	0.471697	0.471697	0.471697	0.471697	0.471697	0.472237	0.478863	0.471697	0.471697	0.471697	0.471697	0.471697	0.471697	0.471697	0.471697	0.471697	0.471697	0.471697	0.471697	0.471697	0.471697	0.471697	0.471697	0.471697	0.471697	0.471697	0.471697	0.471697	0.472177	0.473041	0.47338	0.473482	0.473621	0.475773	0.471697	0.471697	0.471697	0.474875	0.471697	0.471697	0.475979	0.476352	0.475162	0.472442	0.472964	0.47353	0.473772	0.473517	0.473458	0.473746	0.473586	0.473888	0.473771	0.473883	0.473643	0.473627	0.473776	0.474992	0.472633	0.472737
0.471697	0.471697	0.471697	0.474932	0.471866	0.472201	0.475887	0.473935	0.474008	0.47335	0.471697	0.471697	0.471697	0.471697	0.471697	0.474922	0.471697	0.471697	0.471791	0.471697	0.471697	0.472358	0.471708	0.471697	0.471697	0.471697	0.471697	0.471697	0.471697	0.471697	0.471697	0.471697	0.471697	0.471697	0.471697	0.471697	0.471697	0.472318	0.473027	0.473541	0.473284	0.474078	0.475191	0.47311	0.473065	0.473345	0.473966	0.474393	0.471697	0.471697	0.471697	0.47382	0.471697	0.471697	0.471697	0.474723	0.475135	0.472649	0.473268	0.473463	0.473565	0.47352	0.473396	0.473636	0.473471	0.47355	0.47351	0.473838	0.473806	0.473176	0.473403	0.473437	0.474253	0.475899
0.471697	0.471697	0.471697	0.471697	0.471697	0.471697	0.474432	0.473717	0.473594	0.472906	0.471697	0.471697	0.471697	0.471697	0.471697	0.471697	0.471697	0.471697	0.471697	0.472222	0.471697	0.471697	1	0.471697	0.471697	0.471697	0.471697	0.471697	0.471697	0.471697	0.471697	0.471697	0.471697	0.471697	0.471697	0.471697	0.471989	0.472442	0.473045	0.47289	0.472748	0.472926	0.473176	0.472888	0.472517	0.471697	0.471697	0.471697	0.471697	0.471697	0.471697	0.472891	0.471697	0.471697	0.473037	0.473335	0.473982	0.473686	0.47351	0.473359	0.473132	0.473077	0.472802	0.473052	0.473126	0.473172	0.473153	0.474325	0.47249	0.472387	0.473511	0.473142	0.473162	0.474842
0.471697	0.471697	0.471697	0.471697	0.471697	0.471697	0.472756	0.472866	0.472971	0.47243	0.471697	0.471697	0.472339	0.476959	0.479115	0.471697	0.471697	0.471697	0.471697	0.471697	0.471842	0.471697	0.471697	0.477179	0.472865	0.472339	0.472339	0.472339	0.472339	0.472339	0.471963	0.471697	0.471697	0.471697	0.471697	0.471697	0.472012	0.472337	0.472454	0.472398	0.4723	0.472377	0.472502	0.472543	0.472243	0.471697	0.471697	0.471697	0.471697	0.471697	0.471697	0.472114	0.471697	0.471697	0.472042	0.472156	0.472366	0.472337	0.47249	0.472683	0.472683	0.472797	0.472586	0.472601	0.472617	0.472557	0.472617	0.472842	0.472971	0.472571	0.472666	0.472666	0.472377	0.472515
