Crust moisture [-]
0.516016	0.579529	0.501699	0.50116	0.501645	0.505345	0.504459	0.481814	0.481275	0.481275	0.481275	0.481275	0.481275	0.561819	0.482601	0.481963	0.481275	0.481502	0.481517	0.481346	0.481275	0.481275	0.481275	0.481275	0.481275	0.481275	0.481275	0.481275	0.482021	0.481275	0.481275	0.481275	0.481275	0.481275	0.481275	0.481275	0.481523	0.481275	0.481275	0.481275	0.481275	0.481275	0.481515	0.481275	0.481275	0.481275	0.481275	0.481275	0.48152	0.481275	0.481275	0.481275	0.481275	0.481275	0.481275	0.481275	0.481275	0.481275	0.481275	0.481275	0.481275	0.481275	0.481275	0.481275	0.481275	0.481275	0.481275	0.481275	0.481275	0.481275	0.481275	0.481275	0.481275	0.481275
0.481275	0.481963	0.481275	0.481275	0.481275	0.481275	0.481275	0.481275	0.481275	0.481275	0.481275	0.481275	0.481275	0.539955	0.481275	0.481275	0.481682	0.481275	0.481275	0.481275	0.481275	0.481275	0.481275	0.481275	0.481275	0.481275	0.481275	0.481275	0.504352	0.481275	0.481275	0.481275	0.481275	0.481275	0.481275	0.481275	0.481558	0.481275	0.481275	0.481275	0.481275	0.481275	0.482176	0.481275	0.481275	0.481275	0.481275	0.481275	0.481549	0.481275	0.481275	0.481275	0.481275	0.481275	0.481275	0.481275	0.481275	0.481275	0.481275	0.481275	0.481275	0.481275	0.481275	0.481275	0.481275	0.481275	0.481275	0.481275	0.481275	0.481275	0.481275	0.481275	0.481275	0.481275
0.481275	0.481275	0.481275	0.481275	0.481275	0.481275	0.503364	0.481275	0.481275	0.481275	0.481275	0.481275	0.481275	0.481275	0.636489	0.481275	0.481275	0.481275	0.481275	0.481275	0.481275	0.481275	0.481544	0.503805	0.48139	0.481275	0.481275	0.481275	0.481275	0.481963	0.481275	0.481275	0.481275	0.481275	0.481275	0.481275	0.481275	0.481275	0.481275	0.481275	0.503647	0.481588	0.481275	0.481275	0.481275	0.481275	0.481275	0.481275	0.481275	0.481275	0.481275	0.481275	0.481275	0.481275	0.481275	0.482642	0.482584	0.481275	0.481275	0.481275	0.481275	0.481275	0.481275	0.481275	0.481275	0.481275	0.481275	0.481275	0.481275	0.481834	0.481395	0.481275	0.481275	0.481275
0.481275	0.481275	0.481275	0.481275	0.481275	0.48142	0.481334	0.481275	0.481275	0.481275	0.481275	0.481275	0.481275	0.534364	0.593213	0.534324	0.481275	0.481275	0.481275	0.481275	0.483834	0.481963	0.481275	0.481275	0.505275	0.481275	0.481275	0.481275	0.481275	0.481596	0.481847	0.481275	0.481275	0.481275	0.481275	0.481275	0.481275	0.481275	0.481275	0.481275	0.481275	0.481275	0.481275	0.481275	0.481275	0.481275	0.481275	0.481275	0.481275	0.481275	0.481275	0.481275	0.481275	0.481275	0.481275	0.481275	0.481275	0.481275	0.481275	0.481275	0.481275	0.482045	0.481494	0.481275	0.481275	0.481275	0.481275	0.481275	0.481963	0.481275	0.481275	0.481275	0.481275	0.481275
0.481275	0.481275	0.481275	0.481275	0.505368	0.481789	0.481523	0.481617	0.481395	0.481275	0.481275	0.481275	0.534125	0.481366	0.482115	0.593037	0.536211	0.635273	0.531205	0.499938	0.481275	0.481275	0.481275	0.481275	0.505703	0.481275	0.481275	0.481275	0.481275	0.481275	0.886657	0.481275	0.481275	0.481275	0.481275	0.481275	0.481275	0.481275	0.481275	0.481275	0.481275	0.481275	0.481275	0.481275	0.481275	0.481275	0.481275	0.481275	0.481275	0.481275	0.481275	0.481275	0.481275	0.481275	0.481275	0.481275	0.481275	0.481275	0.481275	0.481275	0.481275	0.481666	0.482005	0.481275	0.483834	0.481963	0.481963	0.481963	0.481275	0.481275	0.481275	0.481275	0.481275	0.481275
0.539732	0.503139	0.50457	0.48172	0.481329	0.481609	0.481411	0.481275	0.481275	0.481275	0.481275	0.533818	0.481275	0.481275	0.481558	0.481321	0.622017	0.48501	0.481275	0.515414	0.481275	0.481275	0.481275	0.481275	0.481275	0.481463	0.481275	0.481627	0.481448	0.481724	0.481275	0.481275	0.481963	0.891909	0.502982	0.481432	0.481275	0.481275	0.481275	0.481275	0.481275	0.481275	0.481275	0.481275	0.481275	0.481275	0.481461	0.592075	0.563435	0.481963	0.481275	0.481275	0.481275	0.481275	0.481275	0.481275	0.481275	0.481275	0.481275	0.481275	0.481275	0.481975	0.57579	0.601801	0.481275	0.481275	0.481275	0.481275	0.481275	0.481275	0.481275	0.481275	0.481275	0.481275
0.481275	0.517533	0.503618	0.481275	0.481385	0.481275	0.481415	0.481275	0.481275	0.481275	0.539782	0.481275	0.481275	0.481275	0.481275	0.534668	0.481311	0.481275	0.481275	0.481275	0.515328	0.481275	0.481275	0.481275	0.481451	0.481275	0.481275	0.481797	0.481531	0.481576	0.481746	0.481697	0.481838	0.481275	0.481275	0.512929	0.502681	0.481502	0.481275	0.481275	0.50513	0.50449	0.481275	0.481275	0.481275	0.596742	0.56471	0.481275	0.481275	0.591057	0.481275	0.481275	0.481275	0.481275	0.481335	0.535811	0.481275	0.481275	0.481275	0.481275	0.568906	0.53946	0.482245	0.481275	0.481275	0.481275	0.481275	0.481275	0.481275	0.481275	0.481494	0.481275	0.481275	0.481275
0.481352	0.556949	0.524915	0.500782	0.4813	0.481299	0.481275	0.481275	0.481275	0.481275	0.534507	0.481275	0.481275	0.481275	0.481275	0.551097	0.481275	0.481275	0.481275	0.481275	0.481275	0.514489	0.481275	0.481275	0.482968	0.481285	0.481275	0.503785	0.482587	0.481937	0.481491	0.481445	0.481594	0.481275	0.481275	0.481275	0.481275	0.481617	0.88851	0.481275	0.523132	0.503028	0.481275	0.569173	0.564636	0.481275	0.481275	0.481275	0.481275	0.481275	0.593337	0.590353	0.599795	0.601166	0.534662	0.481275	0.534507	0.535244	0.529697	0.481275	0.481861	0.481737	0.481495	0.481275	0.481275	0.481275	0.481275	0.481275	0.481275	0.481629	0.481275	0.481275	0.481275	0.481275
0.503483	0.481577	0.481275	0.497181	0.503564	0.482267	0.481275	0.482192	0.481563	0.481627	0.534507	0.481275	0.481275	0.481275	0.481275	0.505585	0.481275	0.481275	0.481275	0.481275	0.481275	0.503408	0.515328	0.481275	0.481275	0.481342	0.481275	0.481275	0.482349	0.482199	0.481787	0.481705	0.501682	0.481637	0.481275	0.481275	0.481275	0.481275	0.481275	0.481275	0.481292	0.51775	0.891909	0.481275	0.481275	0.481275	0.481275	0.481275	0.481461	0.481536	0.485318	0.481989	0.501519	0.482895	0.681397	0.664014	0.503993	0.481275	0.481275	0.481275	0.481275	0.481463	0.48152	0.481275	0.481275	0.481275	0.481275	0.481963	0.481433	0.481275	0.481275	0.481275	0.481275	0.481275
0.512559	0.481926	0.481275	0.481523	0.481275	0.481275	0.482275	0.481275	0.481275	0.481275	0.534507	0.481275	0.481275	0.481275	0.481275	0.481275	0.517966	0.481275	0.481275	0.481335	0.481275	0.505332	0.48137	0.520243	0.481499	0.481275	0.481483	0.481275	0.482408	0.481797	0.481988	0.504793	0.482631	0.500408	0.481497	0.481479	0.481593	0.481546	0.481793	0.481275	0.481275	0.481275	0.481714	0.481275	0.481275	0.481275	0.481275	0.481275	0.481924	0.48229	0.482244	0.481451	0.481471	0.484431	0.481974	0.481275	0.515328	0.481275	0.481275	0.481275	0.481275	0.481275	0.481275	0.481275	0.481275	0.481963	0.481963	0.481275	0.481275	0.481275	0.481275	0.481275	0.481275	0.481275
0.505941	0.481275	0.481275	0.482703	0.481275	0.481275	0.502691	0.481275	0.501913	0.534507	0.481395	0.481275	0.481275	0.481275	0.481275	0.481275	0.481275	0.481275	0.481275	0.481275	0.501436	0.504794	0.481362	0.481275	0.501808	0.481275	0.481275	0.481275	0.482258	0.481778	0.504596	0.481797	0.481817	0.482562	0.50459	0.482745	0.481827	0.481536	0.481573	0.481275	0.481275	0.481275	0.481358	0.481275	0.481275	0.481275	0.481275	0.481275	0.481715	0.482273	0.482162	0.482166	0.482549	0.482229	0.481461	0.481275	0.48152	0.516016	0.481275	0.481275	0.481275	0.481275	0.501699	0.503183	0.483834	0.481275	0.481275	0.481275	0.481275	0.481275	0.481275	0.481275	0.481275	0.481275
0.481275	0.502574	0.486262	0.481275	0.481275	0.481275	0.481275	0.481275	0.481275	0.481712	0.534507	0.481275	0.481275	0.481275	0.481275	0.481275	0.481275	0.503566	0.711692	0.546263	0.482707	0.481275	0.481275	0.481275	0.481275	0.50123	0.481275	0.481275	0.503053	0.481807	0.506499	0.481594	0.481568	0.482262	0.505795	0.482637	0.481769	0.481797	0.481764	0.481679	0.481631	0.482306	0.481617	0.888516	0.481275	0.481275	0.481442	0.48145	0.4815	0.481573	0.482169	0.482351	0.482172	0.482212	0.482681	0.481483	0.504059	0.481275	0.50101	0.481275	0.55216	0.501699	0.481275	0.481275	0.481275	0.481275	0.481275	0.481275	0.481275	0.481275	0.481275	0.481275	0.481275	0.481275
0.481275	0.501879	0.502579	0.481275	0.481275	0.481275	0.518941	0.502621	0.503368	0.503703	0.534189	0.481275	0.481275	0.481275	0.481275	0.481275	0.481275	0.481275	0.482502	0.503952	0.481963	0.481275	0.481275	0.481275	0.481275	0.481275	0.50286	0.481275	0.481275	0.481275	0.481603	0.481691	0.481583	0.481531	0.481922	0.501045	0.481751	0.481988	0.482784	0.481691	0.481275	0.481275	0.481353	0.562293	0.481275	0.481275	0.481275	0.481275	0.481499	0.48161	0.481497	0.482029	0.482215	0.482861	0.482635	0.483814	0.48213	0.48286	0.481275	0.599062	0.48156	0.501111	0.481275	0.481275	0.481275	0.481275	0.481275	0.481275	0.481275	0.490755	0.481275	0.481275	0.482116	0.481621
0.481712	0.481621	0.502581	0.481275	0.481275	0.481275	0.517011	0.502521	0.503275	0.504726	0.481275	0.533818	0.481275	0.481275	0.481275	0.481436	0.481275	0.481275	0.561588	0.50165	0.481517	0.481963	0.481963	0.481757	0.481299	0.48139	0.503132	0.481275	0.481275	0.481275	0.481275	0.505619	0.482193	0.481861	0.482276	0.482398	0.505164	0.481952	0.481918	0.482298	0.481275	0.481275	0.481275	0.482101	0.481275	0.481275	0.481275	0.481275	0.481898	0.482969	0.481515	0.48152	0.481633	0.482099	0.482272	0.482617	0.484698	0.482534	0.481275	0.481275	0.481275	0.481275	0.501561	0.503431	0.481275	0.481275	0.481275	0.481275	0.481275	0.508923	0.481275	0.481275	0.481919	0.481563
0.501699	0.481275	0.481275	0.50096	0.502914	0.482618	0.482197	0.519002	0.505568	0.505581	0.481275	0.481275	0.533818	0.481275	0.481275	0.504212	0.481275	0.501699	0.481275	0.481275	0.501699	0.481275	0.481368	0.481275	0.481275	0.481275	0.481275	0.501825	0.481275	0.481275	0.481275	0.482336	0.481778	0.481751	0.48176	0.481639	0.482472	0.505132	0.481778	0.481698	0.482339	0.481764	0.482286	0.481275	0.481275	0.481275	0.481275	0.481275	0.481275	0.48154	0.48191	0.481483	0.48151	0.481518	0.481505	0.482233	0.482497	0.491708	0.482818	0.482428	0.481275	0.481316	0.481275	0.481275	0.501699	0.501699	0.501699	0.501285	0.481275	0.482026	0.481527	0.482145	0.482496	0.481568
0.515968	0.481275	0.481275	0.481275	0.481275	0.481275	0.481275	0.481787	0.523865	0.481275	0.481275	0.481275	0.481275	0.53465	0.481557	0.481275	0.481275	0.503135	0.481275	0.481563	0.509961	0.481275	0.481275	0.481275	0.481275	0.481275	0.481275	0.481275	0.50168	0.481275	0.481275	0.482618	0.482662	0.502939	0.560084	0.48176	0.482353	0.48239	0.500103	0.481804	0.481469	0.481724	0.482013	0.481275	0.481275	0.481281	0.481275	0.481275	0.481275	0.481275	0.481275	0.481275	0.481275	0.481275	0.481275	0.482501	0.48192	0.482615	0.499616	0.482284	0.483391	0.481275	0.481275	0.481275	0.481275	0.481275	0.481275	0.505918	0.481754	0.481513	0.481518	0.482377	0.481499	0.481503
0.481275	0.481275	0.481275	0.481275	0.481275	0.481275	0.481275	0.481903	0.524847	0.48139	0.481289	0.481803	0.481275	0.537942	0.481425	0.481467	0.483496	0.481275	0.481275	0.481657	0.481639	0.481963	0.481275	0.481275	0.481275	0.481275	0.481275	0.481275	0.481275	0.502912	0.481275	0.482684	0.483041	0.506401	0.481769	0.482342	0.482435	0.504751	0.482028	0.482008	0.482546	0.481934	0.481968	0.481275	0.481275	0.888133	0.481275	0.481275	0.481275	0.481275	0.481275	0.481963	0.481275	0.481275	0.481275	0.482469	0.481866	0.481583	0.482629	0.501019	0.482314	0.481275	0.481275	0.481275	0.481275	0.481275	0.481275	0.502358	0.514051	0.481621	0.482502	0.482093	0.482044	0.481578
0.521874	0.481275	0.481275	0.481308	0.48315	0.4828	0.482451	0.481303	0.481443	0.523301	0.481419	0.481275	0.481395	0.504021	0.632706	0.48139	0.481275	0.481493	0.48146	0.481275	0.481275	0.481275	0.481275	0.481275	0.481275	0.481275	0.481275	0.481275	0.481275	0.503063	0.481275	0.481275	0.481275	0.509368	0.482837	0.482489	0.48218	0.482887	0.501176	0.482695	0.48237	0.481892	0.482078	0.482467	0.482389	0.481275	0.481275	0.481493	0.481963	0.481963	0.481717	0.481275	0.481275	0.481275	0.481275	0.482166	0.482235	0.482103	0.482033	0.481594	0.50281	0.482813	0.482947	0.483029	0.48837	0.502613	0.504712	0.503273	0.484982	0.481963	0.481879	0.481275	0.481275	0.481275
0.525624	0.503687	0.503521	0.505359	0.481275	0.481275	0.482036	0.481621	0.481684	0.481275	0.481836	0.481275	0.503335	0.481275	0.481275	0.511168	0.481275	0.481275	0.481817	0.481275	0.481275	0.481275	0.481275	0.481275	0.481275	0.481275	0.481275	0.481275	0.483245	0.501699	0.48176	0.481275	0.481659	0.481275	0.481633	0.482481	0.482152	0.482741	0.482878	0.483882	0.481705	0.482065	0.481939	0.482165	0.484213	0.481275	0.481963	0.481275	0.481275	0.481275	0.481275	0.481275	0.481275	0.481275	0.481275	0.481952	0.481938	0.482039	0.481594	0.48161	0.504548	0.482537	0.482559	0.482571	0.482182	0.492003	0.503278	0.481275	0.481275	0.481275	0.481275	0.481275	0.481275	0.481275
0.52355	0.503595	0.503085	0.503062	0.481275	0.481275	0.481502	0.481515	0.482214	0.481275	0.481275	0.481275	0.504574	0.481275	0.481275	0.481275	0.502996	0.481275	0.481564	0.481275	0.481275	0.481275	0.481275	0.481275	0.481275	0.481275	0.481275	0.483834	0.481275	0.501464	0.48244	0.481275	0.481275	0.481463	0.481645	0.481621	0.482226	0.481963	0.482199	0.483263	0.482635	0.482323	0.48217	0.48193	0.482346	0.891909	0.481275	0.481275	0.481275	0.481275	0.481275	0.481275	0.481275	0.481275	0.481275	0.481913	0.481722	0.481882	0.482153	0.481691	0.501262	0.482208	0.48246	0.482447	0.482166	0.482373	0.502514	0.481275	0.481275	0.481275	0.481275	0.481275	0.481275	0.481275
0.523419	0.481275	0.481275	0.481275	0.481275	0.481275	0.503471	0.482192	0.503127	0.481275	0.482245	0.481491	0.481275	0.481275	0.481275	0.481275	0.481275	0.483834	0.481275	0.485056	0.504135	0.481275	0.481275	0.481275	0.481275	0.481275	0.481275	0.481963	0.501512	0.481275	0.482133	0.481275	0.481275	0.481275	0.814864	0.481275	0.481727	0.482219	0.482275	0.482413	0.482396	0.482327	0.486255	0.48155	0.482267	0.481595	0.481275	0.481275	0.481275	0.481275	0.481275	0.481275	0.481275	0.481275	0.481275	0.481455	0.481979	0.481599	0.481627	0.48247	0.482578	0.483702	0.482522	0.482242	0.482344	0.482495	0.48235	0.502588	0.504226	0.506557	0.481275	0.481275	0.481275	0.481275
0.513506	0.481275	0.481275	0.502781	0.502592	0.50257	0.503831	0.481275	0.481275	0.503516	0.482119	0.482188	0.48151	0.481275	0.481275	0.481275	0.481963	0.481963	0.481275	0.481275	0.481275	0.481275	0.481275	0.481275	0.481275	0.481275	0.481275	0.481275	0.527454	0.481691	0.502094	0.485127	0.482326	0.481275	0.506018	0.481735	0.481727	0.482313	0.482966	0.482385	0.482885	0.499841	0.481827	0.481275	0.481275	0.481275	0.481275	0.481275	0.481275	0.481275	0.481275	0.481275	0.481275	0.481275	0.481275	0.481275	0.481275	0.481275	0.481275	0.481275	0.481778	0.482203	0.482174	0.482052	0.482078	0.4823	0.482226	0.482682	0.503247	0.481275	0.481275	0.481275	0.481275	0.481275
0.509739	0.481275	0.481275	0.502866	0.503208	0.502994	0.503015	0.481275	0.481275	0.484949	0.482573	0.481832	0.482033	0.481275	0.481275	0.481963	0.481275	0.481521	0.481275	0.481275	0.481275	0.481275	0.481275	0.481275	0.481275	0.481963	0.481275	0.481275	0.507171	0.502181	0.485618	0.482899	0.482481	0.481275	0.507608	0.48176	0.481558	0.482218	0.482565	0.48458	0.482933	0.501918	0.48161	0.481275	0.481275	0.481337	0.891678	0.481275	0.481275	0.481275	0.481275	0.481275	0.481275	0.481275	0.481275	0.481275	0.481275	0.481275	0.481275	0.481275	0.481588	0.481657	0.481778	0.481797	0.48176	0.481684	0.48233	0.482735	0.482459	0.481275	0.481275	0.481679	0.481395	0.481275
0.481275	0.482355	0.502002	0.502398	0.503365	0.50428	0.503822	0.503867	0.504433	0.482567	0.481275	0.481275	0.481502	0.481275	0.481275	0.481963	0.481275	0.481275	0.481275	0.481275	0.481275	0.481275	0.481275	0.481275	0.481771	0.481507	0.48147	0.481447	0.503182	0.492504	0.483869	0.482625	0.482457	0.481275	0.481421	0.481275	0.481275	0.481599	0.482365	0.48208	0.482398	0.505112	0.481935	0.481563	0.481762	0.482416	0.555554	0.481293	0.481275	0.481275	0.481275	0.481275	0.481275	0.481275	0.481275	0.481275	0.481275	0.481275	0.481275	0.481275	0.481878	0.48147	0.481465	0.481518	0.481627	0.481627	0.481578	0.482212	0.482256	0.482297	0.481275	0.481275	0.481275	0.481275
0.505054	0.482375	0.482288	0.502296	0.503282	0.504607	0.481275	0.481275	0.481275	0.481275	0.481275	0.481275	0.481275	0.481275	0.481275	0.48145	0.481275	0.481275	0.481275	0.481275	0.481275	0.481275	0.481275	0.481526	0.481275	0.481276	0.481544	0.503664	0.500628	0.483745	0.485144	0.482643	0.483179	0.481275	0.481417	0.846814	0.481918	0.484676	0.481735	0.481727	0.482331	0.482485	0.482932	0.482032	0.481717	0.481275	0.501592	0.481807	0.481275	0.481275	0.481275	0.481275	0.481275	0.481275	0.481275	0.481275	0.481275	0.481275	0.48148	0.504816	0.482019	0.48191	0.481789	0.481689	0.481725	0.481795	0.481463	0.481492	0.481712	0.482085	0.482098	0.481677	0.482085	0.481677
0.505471	0.483606	0.482968	0.483033	0.502421	0.504214	0.481275	0.481275	0.481275	0.481275	0.481275	0.481275	0.481275	0.481275	0.481275	0.481275	0.481963	0.481275	0.481275	0.481275	0.481275	0.481275	0.481275	0.481275	0.481275	0.481374	0.481275	0.502707	0.487411	0.486369	0.482643	0.484101	0.482384	0.481275	0.481275	0.481383	0.481727	0.495433	0.482185	0.502425	0.481743	0.482079	0.482154	0.482655	0.481583	0.481275	0.481275	0.527451	0.481275	0.481275	0.481275	0.481275	0.481275	0.481275	0.481275	0.481275	0.481275	0.481275	0.481479	0.504726	0.482134	0.482141	0.482064	0.481991	0.481933	0.481817	0.502851	0.502256	0.481769	0.482185	0.481787	0.481705	0.481633	0.481691
0.506892	0.482808	0.482762	0.481275	0.482424	0.48474	0.481275	0.481275	0.481275	0.481275	0.481275	0.481275	0.481275	0.481275	0.481275	0.481275	0.481963	0.481275	0.481275	0.481275	0.481346	0.481275	0.481275	0.481275	0.48146	0.504521	0.502594	0.500012	0.489611	0.482499	0.48743	0.483161	0.48265	0.545677	0.481275	0.481275	0.499655	0.481807	0.481955	0.482518	0.482821	0.501974	0.481861	0.48982	0.501821	0.481461	0.481275	0.481275	0.482334	0.481275	0.481275	0.481275	0.481275	0.481275	0.481275	0.481275	0.481275	0.481275	0.481476	0.504832	0.482127	0.481275	0.481275	0.481275	0.506307	0.506359	0.482119	0.481842	0.504621	0.502874	0.481807	0.482281	0.481645	0.481657
0.481275	0.482079	0.482608	0.481275	0.482082	0.482521	0.481275	0.481275	0.481275	0.481275	0.481275	0.481275	0.481275	0.481275	0.481275	0.481275	0.481395	0.481275	0.481275	0.481275	0.481275	0.505286	0.481275	0.481275	0.48128	0.503981	0.502692	0.498392	0.48493	0.496637	0.482761	0.48237	0.482131	0.481275	0.503589	0.481874	0.502376	0.481888	0.481698	0.481621	0.482233	0.492851	0.487756	0.482924	0.502067	0.481633	0.481537	0.482214	0.481963	0.481275	0.481275	0.481275	0.481275	0.481275	0.481275	0.481275	0.481275	0.481275	0.481275	0.481275	0.481275	0.481275	0.481275	0.481275	0.482225	0.48203	0.481973	0.481762	0.482313	0.482266	0.505082	0.504189	0.482141	0.48176
0.481275	0.481873	0.482109	0.481275	0.482039	0.482016	0.481275	0.481275	0.481275	0.481275	0.481275	0.481275	0.481275	0.481275	0.481275	0.481275	0.481275	0.481275	0.481275	0.481275	0.481275	0.504869	0.481275	0.481275	0.481275	0.503303	0.502387	0.484104	0.502159	0.483984	0.48239	0.482348	0.482115	0.481275	0.483024	0.502346	0.483681	0.501074	0.514521	0.481787	0.48229	0.489416	0.482654	0.482312	0.484494	0.481861	0.481614	0.481986	0.481275	0.481275	0.481275	0.481275	0.481275	0.481275	0.481275	0.481275	0.481275	0.481275	0.481275	0.481275	0.481275	0.481275	0.481275	0.481275	0.481458	0.481677	0.481742	0.481774	0.482221	0.482368	0.482499	0.484968	0.483622	0.482073
0.481275	0.481994	0.481485	0.481275	0.481275	0.481275	0.481275	0.481275	0.481275	0.481275	0.481275	0.481275	0.481275	0.481275	0.481275	0.481275	0.481275	0.481275	0.481275	0.481275	0.481275	0.481275	0.481275	0.481275	0.481275	0.502468	0.50244	0.502387	0.488513	0.482661	0.482679	0.518466	0.488109	0.482621	0.482209	0.482184	0.482553	0.481684	0.482867	0.485027	0.485805	0.48351	0.481849	0.482449	0.488466	0.493492	0.481981	0.481871	0.481275	0.891909	0.481368	0.481275	0.481275	0.481275	0.481275	0.481275	0.481275	0.481275	0.481275	0.481275	0.481275	0.481275	0.481275	0.481275	0.481275	0.481275	0.48146	0.481467	0.481978	0.482147	0.482094	0.48252	0.481275	0.481275
0.481275	0.481275	0.481275	0.481275	0.481275	0.481275	0.481275	0.481275	0.481275	0.481275	0.481275	0.481275	0.481275	0.481275	0.481275	0.481275	0.481275	0.481275	0.481275	0.481275	0.481275	0.482102	0.48199	0.482486	0.503076	0.50242	0.502795	0.498394	0.482295	0.48251	0.546713	0.495989	0.482343	0.482087	0.482726	0.494916	0.497577	0.482931	0.494288	0.496359	0.482233	0.482624	0.482826	0.484282	0.49601	0.501519	0.481568	0.481814	0.482582	0.481275	0.5204	0.481275	0.481275	0.481275	0.481275	0.481275	0.481275	0.481331	0.481275	0.481275	0.481275	0.481275	0.481275	0.481275	0.483236	0.481752	0.481475	0.481487	0.481563	0.481797	0.481787	0.481797	0.481275	0.481275
0.481275	0.481275	0.481275	0.481275	0.481275	0.481275	0.481275	0.481275	0.481275	0.481275	0.481275	0.481275	0.481275	0.481275	0.481275	0.481275	0.481275	0.481275	0.481275	0.481275	0.481275	0.481513	0.482102	0.503159	0.503004	0.503577	0.502584	0.482513	0.482369	0.551	0.500154	0.483572	0.481705	0.481924	0.491167	0.482338	0.482442	0.494283	0.502659	0.48176	0.482336	0.482475	0.48379	0.490045	0.482709	0.509039	0.481727	0.481809	0.48261	0.481275	0.604053	0.481501	0.481275	0.481275	0.481275	0.481275	0.481275	0.481963	0.481963	0.48145	0.481275	0.481275	0.481275	0.481275	0.481441	0.481437	0.481785	0.48161	0.481438	0.481471	0.481492	0.481485	0.481275	0.481275
0.481275	0.481275	0.481275	0.481275	0.481275	0.481963	0.481963	0.481275	0.481275	0.481275	0.481275	0.481275	0.481275	0.481275	0.481275	0.481275	0.481275	0.481275	0.481275	0.481275	0.481275	0.481275	0.481275	0.481275	0.481275	0.503004	0.482061	0.482256	0.564053	0.500556	0.482517	0.48322	0.483241	0.496677	0.48226	0.481633	0.482197	0.489554	0.50318	0.481664	0.482209	0.483061	0.490965	0.482656	0.482602	0.515929	0.482408	0.481999	0.482221	0.482422	0.482468	0.507255	0.481275	0.481275	0.481275	0.481275	0.481302	0.481963	0.481275	0.481275	0.481275	0.481275	0.481275	0.481275	0.481275	0.481275	0.481275	0.48165	0.48163	0.481777	0.481275	0.481275	0.481275	0.481275
0.481275	0.481275	0.481275	0.481963	0.481963	0.481275	0.481275	0.481275	0.481275	0.481275	0.481275	0.481275	0.481275	0.481275	0.481275	0.481275	0.481275	0.481275	0.481275	0.481963	0.481275	0.481275	0.481275	0.481275	0.481275	0.481903	0.481698	0.570044	0.501897	0.482178	0.482367	0.482555	0.504458	0.497235	0.498178	0.502955	0.482214	0.494349	0.501635	0.481743	0.482167	0.497233	0.482183	0.482671	0.502541	0.482572	0.483046	0.481536	0.481995	0.48248	0.482326	0.481275	0.515708	0.481275	0.481275	0.481947	0.483834	0.481275	0.481275	0.481275	0.481275	0.481275	0.481275	0.481275	0.481275	0.481275	0.481275	0.481978	0.481872	0.482212	0.482424	0.48245	0.481275	0.481275
0.481275	0.481275	0.481726	0.481275	0.481275	0.481275	0.481275	0.481275	0.481275	0.481275	0.481275	0.481275	0.481275	0.481275	0.481275	0.481275	0.481275	0.481275	0.481275	0.481275	0.481963	0.481963	0.481275	0.481275	0.515328	0.606052	0.591144	0.501922	0.482386	0.482324	0.482259	0.50484	0.493414	0.49641	0.499682	0.498521	0.50005	0.496517	0.500444	0.497896	0.504922	0.482802	0.482794	0.506791	0.482364	0.482434	0.482917	0.482261	0.481875	0.482299	0.491676	0.481275	0.481469	0.501699	0.503134	0.483504	0.481275	0.481275	0.481275	0.481275	0.481275	0.481275	0.481275	0.481275	0.481275	0.481275	0.481275	0.482173	0.48234	0.482248	0.482191	0.482348	0.481275	0.481275
0.481963	0.481963	0.481275	0.481275	0.481275	0.481275	0.481275	0.481275	0.481275	0.481275	0.481275	0.481275	0.481275	0.481275	0.481275	0.481275	0.481275	0.481275	0.481275	0.504907	0.502587	0.502753	0.56723	0.523403	0.504854	0.504021	0.503712	0.481712	0.482061	0.482115	0.510186	0.501137	0.500466	0.499568	0.483989	0.499855	0.50089	0.494681	0.484542	0.503705	0.482357	0.48291	0.504678	0.481712	0.481645	0.482151	0.482447	0.482806	0.4821	0.497199	0.481912	0.482016	0.481275	0.481275	0.891909	0.481275	0.481275	0.481275	0.481275	0.481275	0.481275	0.481275	0.481275	0.481275	0.481275	0.481275	0.481275	0.481275	0.481275	0.48235	0.481275	0.481275	0.481275	0.481275
0.481963	0.481275	0.481275	0.481275	0.481275	0.481275	0.481275	0.481275	0.481275	0.481275	0.481275	0.481275	0.481275	0.481275	0.481275	0.48152	0.481275	0.481275	0.481275	0.482853	0.502643	0.484222	0.481275	0.481275	0.503834	0.504099	0.503692	0.481903	0.481838	0.5159	0.501503	0.501602	0.502879	0.501325	0.500767	0.50121	0.500647	0.498033	0.516138	0.481633	0.482321	0.485977	0.505245	0.517086	0.481684	0.481627	0.482192	0.482457	0.505001	0.481712	0.481578	0.481769	0.482214	0.482048	0.48306	0.50379	0.481275	0.481275	0.481275	0.481275	0.481275	0.481275	0.481275	0.481275	0.481275	0.481275	0.483015	0.481275	0.481275	0.481275	0.481275	0.481275	0.481275	0.481275
0.481617	0.481275	0.481275	0.481275	0.481275	0.481275	0.481275	0.481275	0.481275	0.481275	0.481275	0.481275	0.481275	0.481275	0.481275	0.481558	0.481275	0.481275	0.481275	0.484794	0.484575	0.502826	0.481275	0.481275	0.502959	0.504674	0.520271	0.519793	0.517612	0.502285	0.502579	0.50243	0.502587	0.502527	0.501871	0.500698	0.496212	0.500031	0.515746	0.482272	0.484751	0.482139	0.482367	0.482425	0.573652	0.481691	0.481645	0.482035	0.501959	0.481719	0.48176	0.483342	0.48154	0.481672	0.481978	0.482158	0.481963	0.481275	0.481275	0.481275	0.481275	0.481275	0.481275	0.481275	0.481275	0.481737	0.503317	0.481275	0.481275	0.481275	0.481275	0.481275	0.481275	0.481275
0.481275	0.481275	0.481275	0.481275	0.481275	0.481275	0.481275	0.481275	0.481275	0.481275	0.481275	0.481275	0.481275	0.481275	0.481275	0.481275	0.481505	0.482184	0.481275	0.482521	0.48476	0.503323	0.50359	0.504157	0.504461	0.505149	0.504554	0.504502	0.503432	0.502582	0.50242	0.502181	0.502733	0.50268	0.502357	0.501429	0.502229	0.516292	0.482618	0.503193	0.482492	0.482371	0.484047	0.48167	0.482361	0.58675	0.481769	0.48167	0.500885	0.481705	0.482101	0.497669	0.483264	0.481583	0.48183	0.481275	0.481275	0.481275	0.481275	0.481275	0.481275	0.481275	0.481275	0.481275	0.481275	0.481963	0.481275	0.481275	0.481275	0.481275	0.481275	0.481275	0.481275	0.481275
0.481275	0.481275	0.481275	0.481275	0.481275	0.481275	0.481275	0.481275	0.481275	0.481275	0.481275	0.481275	0.481275	0.481275	0.481275	0.481275	0.481275	0.481275	0.481275	0.481275	0.481275	0.481275	0.481275	0.481275	0.481275	0.504476	0.503616	0.503397	0.503825	0.504722	0.502838	0.502532	0.502958	0.502833	0.502514	0.502805	0.518058	0.481275	0.481275	0.482598	0.482163	0.481972	0.482188	0.482683	0.595119	0.482984	0.502509	0.515472	0.482193	0.481888	0.50014	0.48244	0.482689	0.482226	0.48191	0.481853	0.483523	0.891221	0.481521	0.481275	0.481275	0.481275	0.481275	0.481275	0.481275	0.481938	0.481275	0.481275	0.481275	0.481275	0.481385	0.481275	0.481275	0.481275
0.481275	0.481275	0.481275	0.481275	0.481275	0.481275	0.481275	0.481275	0.481275	0.481275	0.481275	0.481275	0.481275	0.481275	0.481275	0.481275	0.481275	0.481275	0.481275	0.481275	0.481275	0.481275	0.481275	0.481275	0.481275	0.505053	0.503457	0.503719	0.506173	0.504591	0.505449	0.50407	0.502386	0.502206	0.503745	0.517707	0.482479	0.481275	0.481275	0.481787	0.481743	0.481698	0.481558	0.596159	0.482747	0.502285	0.482556	0.50864	0.481888	0.504303	0.481735	0.481684	0.482462	0.490501	0.481691	0.482387	0.482118	0.481275	0.484343	0.481275	0.481275	0.481275	0.481275	0.481275	0.481275	0.504281	0.481423	0.481275	0.481275	0.481963	0.481275	0.481275	0.481275	0.481275
0.481275	0.481275	0.481275	0.481275	0.481275	0.481275	0.481275	0.481275	0.481275	0.481275	0.481275	0.481275	0.481275	0.481275	0.481275	0.481275	0.481275	0.481275	0.481275	0.481275	0.481275	0.481275	0.481275	0.481275	0.481275	0.504405	0.505	0.481275	0.50449	0.506231	0.506306	0.505363	0.503653	0.481275	0.522153	0.481787	0.483834	0.596571	0.561333	0.557812	0.600455	0.603805	0.600344	0.482231	0.503092	0.482082	0.482153	0.496874	0.481657	0.482442	0.502583	0.48167	0.482227	0.497438	0.487143	0.481867	0.481873	0.482224	0.496177	0.481621	0.523187	0.481651	0.481275	0.481275	0.501699	0.481275	0.502631	0.481963	0.481963	0.481275	0.481275	0.481275	0.481275	0.481275
0.481275	0.481275	0.481275	0.481275	0.481275	0.481275	0.481275	0.481275	0.481275	0.481275	0.481275	0.481275	0.481275	0.481275	0.481275	0.481275	0.481275	0.481275	0.481275	0.481275	0.481275	0.481275	0.481275	0.481275	0.481275	0.481275	0.481275	0.481275	0.481275	0.481275	0.505538	0.504059	0.503941	0.505028	0.501068	0.481895	0.508191	0.5187	0.504163	0.51743	0.503848	0.51865	0.482393	0.505074	0.481817	0.481727	0.485114	0.482756	0.481633	0.482184	0.490293	0.481769	0.500461	0.501366	0.481751	0.482002	0.481785	0.499803	0.482025	0.481962	0.482494	0.501804	0.481321	0.501699	0.481275	0.481275	0.481275	0.481275	0.481275	0.481275	0.481275	0.481275	0.481275	0.481275
0.481963	0.481275	0.481275	0.481275	0.481275	0.481275	0.481275	0.481275	0.481275	0.481275	0.481275	0.481275	0.481275	0.481275	0.481275	0.481275	0.481275	0.481275	0.481275	0.481275	0.481275	0.481275	0.481275	0.481275	0.481275	0.481275	0.481275	0.481275	0.481275	0.481289	0.50511	0.503265	0.506281	0.507408	0.481963	0.481963	0.50777	0.507481	0.6092	0.481275	0.520592	0.48167	0.482413	0.48254	0.504634	0.500716	0.481698	0.481712	0.482061	0.482071	0.482653	0.503142	0.481787	0.502336	0.481807	0.482604	0.504441	0.481639	0.481583	0.481839	0.48214	0.481275	0.891909	0.481275	0.481275	0.481275	0.481275	0.481275	0.481275	0.481275	0.481275	0.481275	0.481275	0.481275
0.481963	0.481351	0.481324	0.481275	0.481275	0.481275	0.483834	0.481963	0.481963	0.481963	0.481963	0.481963	0.481275	0.481275	0.481275	0.481275	0.481275	0.481275	0.481275	0.481275	0.481275	0.481275	0.481275	0.481275	0.481275	0.481275	0.481275	0.481275	0.481275	0.481275	0.505276	0.481275	0.481275	0.481275	0.481348	0.48133	0.481689	0.501159	0.481275	0.481285	0.481275	0.481275	0.482039	0.482498	0.482696	0.483071	0.51658	0.481827	0.485179	0.482255	0.501007	0.482243	0.482262	0.501646	0.481621	0.481976	0.502264	0.481807	0.481705	0.482071	0.481887	0.481275	0.515453	0.481275	0.481275	0.481275	0.481275	0.481275	0.481275	0.481275	0.481275	0.481275	0.481275	0.481275
0.483834	0.481275	0.481275	0.481675	0.481275	0.483834	0.481275	0.481275	0.481275	0.481275	0.481275	0.481275	0.481275	0.481275	0.481275	0.481275	0.481275	0.481275	0.481275	0.481275	0.481275	0.481275	0.481275	0.481275	0.481275	0.481275	0.481275	0.481275	0.481275	0.481275	0.481395	0.481457	0.481432	0.481275	0.481275	0.481278	0.50618	0.481275	0.481275	0.519733	0.481719	0.481712	0.481989	0.482249	0.482317	0.513641	0.482871	0.496997	0.482682	0.505433	0.481639	0.481583	0.482103	0.501888	0.481719	0.481549	0.482702	0.483313	0.482879	0.482408	0.500209	0.481606	0.481985	0.481975	0.481275	0.481275	0.481275	0.481275	0.481275	0.481275	0.481275	0.481275	0.481275	0.481275
0.559283	0.481963	0.481403	0.481614	0.501699	0.481275	0.481275	0.481275	0.481275	0.481275	0.481275	0.481275	0.481275	0.481275	0.481275	0.481275	0.481275	0.481275	0.481275	0.481275	0.481275	0.481275	0.481275	0.481275	0.481275	0.481275	0.481275	0.481275	0.481275	0.481275	0.481275	0.481341	0.481665	0.481275	0.481275	0.481428	0.507379	0.481275	0.481275	0.525058	0.481633	0.481698	0.48244	0.482118	0.514222	0.482224	0.490912	0.482547	0.490565	0.505155	0.481778	0.481698	0.482186	0.482959	0.506789	0.482207	0.482216	0.482484	0.491229	0.507296	0.481705	0.481476	0.481543	0.481275	0.481509	0.481727	0.481275	0.481275	0.481275	0.481275	0.481275	0.481275	0.481275	0.481275
0.481275	0.51996	0.524645	0.609555	0.481275	0.481275	0.481275	0.481275	0.481275	0.481275	0.481275	0.481275	0.481275	0.481275	0.481275	0.481275	0.481275	0.481275	0.481275	0.481275	0.481275	0.481275	0.481275	0.481275	0.481275	0.481275	0.481275	0.481275	0.481275	0.481275	0.481275	0.481275	0.481275	0.481284	0.481275	0.483834	0.481963	0.481275	0.481275	0.500878	0.481275	0.481275	0.482198	0.51575	0.482336	0.488928	0.482057	0.489099	0.483319	0.505189	0.481727	0.481651	0.481931	0.498226	0.482299	0.482428	0.482328	0.482529	0.482344	0.482732	0.505352	0.481827	0.481484	0.481575	0.481275	0.481275	0.891909	0.481275	0.481275	0.481275	0.481275	0.481275	0.481275	0.481275
0.4813	0.481275	0.481275	0.481298	0.889897	0.481275	0.481275	0.481275	0.481275	0.481275	0.481275	0.481275	0.481275	0.481275	0.481275	0.481275	0.481275	0.481275	0.481275	0.481275	0.481275	0.481275	0.481275	0.481275	0.481275	0.481275	0.481275	0.481275	0.481275	0.481275	0.481275	0.481275	0.481275	0.481573	0.481453	0.481275	0.481275	0.481604	0.503294	0.510134	0.481563	0.48176	0.518457	0.482286	0.501736	0.481651	0.492124	0.49079	0.483442	0.496733	0.502833	0.481797	0.500794	0.481633	0.482178	0.482314	0.482228	0.486111	0.482262	0.482645	0.505023	0.481769	0.48176	0.488617	0.481674	0.481778	0.481275	0.536324	0.481275	0.481275	0.481275	0.481275	0.481275	0.481275
0.481523	0.481275	0.481275	0.504933	0.482115	0.481275	0.481275	0.481275	0.481275	0.481275	0.481275	0.481275	0.481275	0.481275	0.481275	0.481275	0.481275	0.481275	0.481275	0.481275	0.481275	0.481275	0.481275	0.481275	0.481275	0.481275	0.481275	0.481275	0.481275	0.481275	0.481275	0.481275	0.481275	0.481963	0.481275	0.481275	0.481275	0.504296	0.5027	0.505136	0.48167	0.519468	0.481599	0.482106	0.502085	0.501117	0.488889	0.48995	0.493287	0.501056	0.482553	0.482837	0.522548	0.481712	0.482255	0.501469	0.490662	0.482413	0.482583	0.486854	0.482411	0.482924	0.500076	0.482256	0.481784	0.482273	0.481275	0.502719	0.481963	0.481275	0.481275	0.481275	0.481275	0.481275
0.481275	0.481275	0.481713	0.503157	0.481275	0.481275	0.481275	0.481275	0.481275	0.481275	0.481275	0.481275	0.481275	0.481275	0.481275	0.481275	0.481275	0.481275	0.481275	0.481275	0.481275	0.481275	0.481275	0.481275	0.481275	0.481275	0.481275	0.481275	0.481275	0.481275	0.481275	0.481275	0.481275	0.481275	0.481963	0.481275	0.481275	0.504219	0.504696	0.505579	0.503567	0.521031	0.481657	0.501883	0.502067	0.49996	0.490569	0.499234	0.503123	0.481651	0.482275	0.516112	0.481769	0.481727	0.497994	0.493143	0.482206	0.482641	0.48688	0.481615	0.482662	0.50248	0.502101	0.481988	0.481275	0.481275	0.481275	0.501223	0.481275	0.481275	0.481275	0.481275	0.481275	0.481275
0.481275	0.481275	0.481275	0.481275	0.481275	0.481275	0.481275	0.481275	0.481275	0.481275	0.481275	0.481275	0.481275	0.481275	0.481275	0.481275	0.481275	0.481275	0.481275	0.481275	0.481275	0.481275	0.481275	0.481275	0.481275	0.481275	0.481275	0.481275	0.489272	0.484181	0.481275	0.481275	0.481275	0.481275	0.481275	0.481275	0.481275	0.481275	0.48156	0.504212	0.518577	0.482597	0.503167	0.502379	0.502099	0.499891	0.501634	0.504811	0.481797	0.481615	0.482321	0.520884	0.481849	0.505464	0.501756	0.481645	0.482117	0.49814	0.482747	0.482395	0.500917	0.481578	0.482027	0.482714	0.502811	0.481568	0.481772	0.507542	0.481275	0.481275	0.481275	0.481275	0.481275	0.481275
0.481275	0.481275	0.481275	0.863023	0.481275	0.481275	0.481275	0.481275	0.481275	0.481275	0.481275	0.481275	0.481275	0.481275	0.481275	0.481275	0.481275	0.481275	0.481275	0.481275	0.481275	0.481275	0.481275	0.481275	0.481275	0.481275	0.481275	0.481275	0.484797	0.483431	0.481275	0.481275	0.481275	0.481275	0.481275	0.481275	0.481275	0.481275	0.481275	0.529657	0.481712	0.503484	0.503056	0.502273	0.502398	0.502273	0.501798	0.50185	0.502723	0.482331	0.482414	0.529008	0.514561	0.50218	0.482567	0.482594	0.500781	0.482366	0.482366	0.48217	0.502254	0.481651	0.481916	0.48253	0.48402	0.481549	0.48174	0.481275	0.483334	0.48137	0.481275	0.481275	0.481275	0.481275
0.497094	0.481275	0.481275	0.48129	0.502294	0.503157	0.891909	0.522777	0.48435	0.481275	0.481275	0.481275	0.481275	0.481275	0.481275	0.481275	0.481275	0.481275	0.481275	0.481275	0.481275	0.481275	0.481275	0.481275	0.481275	0.481275	0.481275	0.481275	0.481275	0.481275	0.481275	0.481275	0.481275	0.481275	0.503044	0.50335	0.481275	0.504346	0.504092	0.500761	0.504639	0.503506	0.502906	0.502644	0.503019	0.503038	0.502049	0.502545	0.482532	0.482386	0.534814	0.515586	0.502634	0.482568	0.482673	0.50231	0.482256	0.483473	0.481751	0.482771	0.482609	0.481719	0.482366	0.482402	0.482997	0.482656	0.481275	0.482322	0.483832	0.481963	0.481765	0.481275	0.481275	0.481275
0.504024	0.481275	0.481275	0.481275	0.481275	0.502558	0.481275	0.481275	0.481275	0.481963	0.481275	0.481275	0.481275	0.481275	0.481275	0.481275	0.481275	0.481275	0.481275	0.481275	0.481275	0.481275	0.481275	0.481275	0.481275	0.481275	0.481275	0.481275	0.481275	0.481275	0.481275	0.481275	0.481275	0.481275	0.481275	0.481275	0.481275	0.481275	0.481275	0.481275	0.504321	0.503148	0.502567	0.502528	0.502587	0.502848	0.503136	0.482353	0.482278	0.535195	0.518422	0.502949	0.482178	0.482411	0.504498	0.48167	0.481583	0.482201	0.484052	0.481769	0.48176	0.481889	0.482332	0.48217	0.48212	0.482274	0.481814	0.482085	0.482314	0.483003	0.481275	0.891023	0.481275	0.481275
0.504179	0.481275	0.481275	0.481275	0.481275	0.481275	0.483768	0.481275	0.481275	0.481275	0.481395	0.481275	0.481275	0.481275	0.481275	0.481275	0.481275	0.481275	0.481275	0.481275	0.481275	0.481275	0.481275	0.481275	0.481275	0.481275	0.481275	0.481275	0.481275	0.481275	0.481275	0.481275	0.481275	0.481275	0.481275	0.481275	0.481275	0.481275	0.481275	0.481275	0.503652	0.503038	0.503467	0.503547	0.502584	0.502899	0.481698	0.481778	0.537014	0.519806	0.505001	0.481817	0.482291	0.481684	0.486411	0.505297	0.481677	0.48167	0.482259	0.482736	0.485668	0.482214	0.482379	0.482458	0.482289	0.482454	0.481824	0.481844	0.482288	0.500616	0.481275	0.481275	0.482387	0.481275
0.481275	0.481275	0.481275	0.481275	0.481275	0.483834	0.481275	0.481283	0.481494	0.481963	0.481963	0.481451	0.481275	0.481275	0.481275	0.481275	0.481275	0.481275	0.481275	0.481275	0.481275	0.481275	0.481275	0.481275	0.481275	0.481275	0.481275	0.481275	0.481275	0.481275	0.481275	0.481275	0.481275	0.48247	0.481275	0.481275	0.510753	0.481275	0.481275	0.481275	0.503631	0.505052	0.505104	0.503674	0.504376	0.505003	0.530047	0.542367	0.52211	0.481275	0.48139	0.481918	0.482709	0.482492	0.481275	0.482828	0.483047	0.482871	0.482476	0.485762	0.482563	0.482367	0.482385	0.483554	0.482448	0.484099	0.481544	0.48186	0.501898	0.4815	0.481275	0.481275	0.481275	0.48182
0.481275	0.481275	0.481275	0.481275	0.481899	0.481275	0.481275	0.481283	0.623717	0.501218	0.481275	0.481963	0.481807	0.481341	0.481275	0.481275	0.481275	0.481275	0.481275	0.481275	0.481275	0.481275	0.481275	0.481275	0.481275	0.481275	0.481275	0.481275	0.481275	0.481275	0.481275	0.481275	0.481275	0.481275	0.481275	0.481275	0.481275	0.481275	0.481275	0.481275	0.481275	0.481275	0.505002	0.481275	0.481275	0.481275	0.507326	0.503826	0.522785	0.481275	0.481275	0.482756	0.488738	0.483516	0.482646	0.482418	0.482392	0.482771	0.490333	0.482708	0.482689	0.482541	0.482615	0.482188	0.482181	0.482723	0.4829	0.482192	0.501877	0.481684	0.481505	0.481543	0.481275	0.481275
0.481275	0.481275	0.481275	0.481275	0.481963	0.481275	0.48189	0.89175	0.481275	0.481275	0.542381	0.507299	0.503237	0.481963	0.481963	0.481275	0.481275	0.481275	0.481275	0.481275	0.481275	0.481275	0.481275	0.481275	0.481275	0.481275	0.481275	0.481275	0.481275	0.481275	0.481275	0.481275	0.481275	0.481275	0.481359	0.481275	0.481275	0.481275	0.481275	0.481275	0.481275	0.481275	0.504799	0.481275	0.481775	0.481755	0.503354	0.504939	0.522358	0.481275	0.481275	0.49179	0.482666	0.482757	0.482471	0.482328	0.482536	0.496276	0.482327	0.482477	0.482956	0.490852	0.482763	0.483121	0.482197	0.482532	0.482033	0.4821	0.50167	0.481817	0.481778	0.481653	0.481275	0.481275
0.481275	0.481275	0.481275	0.481805	0.481275	0.481275	0.481275	0.481283	0.481275	0.481275	0.481275	0.511171	0.481275	0.481275	0.481275	0.481275	0.481275	0.481275	0.481275	0.481275	0.481275	0.481275	0.481275	0.481275	0.481963	0.481963	0.481963	0.481684	0.481275	0.481275	0.481275	0.481275	0.481275	0.481275	0.481963	0.481275	0.481275	0.481275	0.481275	0.481275	0.481275	0.481275	0.505574	0.481275	0.481324	0.506906	0.481275	0.50088	0.481787	0.502689	0.499309	0.483889	0.483086	0.483367	0.483479	0.482859	0.500843	0.482265	0.482157	0.48273	0.497309	0.48244	0.482735	0.48269	0.484154	0.482506	0.481743	0.481735	0.489365	0.490677	0.482955	0.482436	0.481702	0.495544
0.481275	0.481275	0.481275	0.486186	0.481275	0.481275	0.481275	0.890399	0.481275	0.481275	0.481275	0.481275	0.555116	0.545436	0.564245	0.481963	0.481275	0.481275	0.481275	0.481275	0.481275	0.481275	0.481275	0.481963	0.481275	0.481275	0.481275	0.481275	0.481275	0.481275	0.481275	0.503028	0.481578	0.481275	0.481275	0.481439	0.481275	0.481275	0.481275	0.481275	0.481275	0.481275	0.481275	0.481275	0.48132	0.506948	0.503513	0.503015	0.502866	0.502076	0.483286	0.482948	0.482919	0.482387	0.482658	0.505637	0.481952	0.481935	0.482528	0.500198	0.482139	0.48269	0.482556	0.487064	0.481751	0.482388	0.501875	0.502134	0.500048	0.482335	0.482554	0.482979	0.501637	0.481797
0.481275	0.481275	0.481275	0.481568	0.481275	0.481275	0.481275	0.481275	0.504022	0.481329	0.481275	0.481275	0.481621	0.482411	0.482103	0.481275	0.481275	0.481275	0.481275	0.481275	0.481275	0.481275	0.481963	0.481275	0.481275	0.481275	0.481275	0.481275	0.481275	0.481275	0.481275	0.483629	0.482635	0.481275	0.481275	0.481275	0.481275	0.481275	0.481275	0.481275	0.481275	0.481275	0.481275	0.481275	0.481275	0.506829	0.503783	0.503639	0.502568	0.483479	0.482708	0.48307	0.483643	0.482791	0.482253	0.482632	0.487341	0.484206	0.503198	0.481935	0.48259	0.482246	0.482496	0.502384	0.481807	0.482225	0.48267	0.50253	0.481817	0.481727	0.482284	0.482358	0.486796	0.503954
0.481275	0.481633	0.481563	0.482072	0.481275	0.481275	0.481275	0.481275	0.481803	0.481391	0.507091	0.481275	0.481275	0.481476	0.481645	0.48161	0.481429	0.481275	0.481275	0.501699	0.483834	0.483387	0.481275	0.481275	0.481275	0.481275	0.481275	0.481275	0.481275	0.481275	0.481275	0.481275	0.481275	0.481275	0.481413	0.481275	0.481275	0.485037	0.503512	0.481275	0.481275	0.481275	0.481275	0.481275	0.481401	0.505519	0.505004	0.502843	0.483707	0.48239	0.482381	0.482886	0.483479	0.484107	0.482711	0.496802	0.484274	0.502938	0.482554	0.501962	0.481769	0.481727	0.483083	0.488533	0.482919	0.482812	0.482288	0.483457	0.481838	0.481769	0.483263	0.489618	0.482591	0.502074
0.483382	0.48161	0.48161	0.481886	0.481275	0.481275	0.481275	0.481297	0.481275	0.481275	0.481562	0.891842	0.481275	0.481275	0.481275	0.481275	0.481691	0.550042	0.501699	0.481275	0.481275	0.481275	0.481275	0.481275	0.481275	0.481275	0.481275	0.481275	0.481275	0.481275	0.481275	0.481275	0.481275	0.481275	0.482286	0.482408	0.481275	0.481275	0.481275	0.481275	0.481275	0.481275	0.481275	0.481275	0.481275	0.481275	0.503864	0.486114	0.483013	0.482581	0.4824	0.482217	0.482488	0.482168	0.501286	0.486323	0.505919	0.481769	0.48176	0.482382	0.488648	0.48347	0.487613	0.482827	0.483017	0.482501	0.483759	0.481888	0.482302	0.483483	0.500457	0.482296	0.482445	0.502108
0.482994	0.481573	0.481691	0.481954	0.481275	0.481275	0.481275	0.481275	0.481443	0.481439	0.481308	0.48129	0.504893	0.481275	0.481275	0.481275	0.519447	0.634097	0.481275	0.481275	0.481275	0.481275	0.481275	0.481275	0.481275	0.481275	0.481275	0.481275	0.481275	0.481275	0.481275	0.481275	0.481275	0.481275	0.482226	0.482296	0.481275	0.481275	0.481275	0.481275	0.481275	0.481275	0.481275	0.481275	0.481275	0.481275	0.487419	0.482982	0.482572	0.48218	0.482578	0.483329	0.481544	0.499096	0.48787	0.501679	0.499187	0.504792	0.481849	0.490557	0.48407	0.48928	0.482453	0.483114	0.481651	0.48218	0.483244	0.483422	0.482653	0.502642	0.481751	0.481727	0.482444	0.50164
0.483213	0.481698	0.481727	0.481275	0.481275	0.481275	0.481275	0.481275	0.481275	0.484252	0.481494	0.481963	0.481275	0.481275	0.481329	0.500589	0.515328	0.481275	0.481275	0.481275	0.481275	0.481275	0.481275	0.481275	0.481275	0.481275	0.481275	0.481275	0.481275	0.481275	0.481275	0.481275	0.481275	0.481275	0.481275	0.481275	0.481275	0.481275	0.481275	0.481275	0.481275	0.481275	0.481275	0.503352	0.502623	0.50189	0.48263	0.483168	0.482948	0.481992	0.482953	0.483277	0.502258	0.495381	0.502341	0.502014	0.502639	0.482218	0.497021	0.484869	0.496204	0.482642	0.48263	0.482582	0.48247	0.482415	0.482732	0.482917	0.483015	0.482457	0.483056	0.482583	0.482615	0.504104
0.482014	0.481719	0.482265	0.482497	0.48217	0.481728	0.481275	0.481275	0.481275	0.481275	0.481275	0.481374	0.481614	0.481963	0.516922	0.515862	0.481509	0.481275	0.481275	0.481275	0.481275	0.481275	0.481275	0.481275	0.481275	0.481275	0.481275	0.481275	0.481275	0.481275	0.481275	0.481275	0.481275	0.481275	0.481275	0.481275	0.481275	0.481275	0.481275	0.481275	0.481275	0.481275	0.481275	0.503233	0.502348	0.482587	0.482212	0.483443	0.484144	0.482865	0.482866	0.503105	0.502624	0.502542	0.502129	0.504199	0.481677	0.501837	0.486084	0.501099	0.482617	0.482788	0.483145	0.483451	0.4831	0.482692	0.482626	0.48396	0.481817	0.482952	0.482601	0.482946	0.504018	0.481838
0.481861	0.482268	0.482377	0.482501	0.482242	0.481726	0.481275	0.481275	0.481275	0.481275	0.481275	0.481275	0.481963	0.481275	0.891909	0.517519	0.481275	0.481416	0.481275	0.481275	0.481275	0.481275	0.481275	0.481275	0.481275	0.481275	0.481275	0.481275	0.481275	0.481275	0.481275	0.481275	0.481275	0.481275	0.481275	0.481275	0.481275	0.481275	0.481275	0.481275	0.481275	0.481275	0.481275	0.502855	0.482551	0.482158	0.481933	0.482156	0.482762	0.483178	0.503304	0.502732	0.503127	0.50215	0.502265	0.503269	0.502589	0.491932	0.5026	0.482417	0.482632	0.482748	0.482552	0.482543	0.482628	0.482751	0.482527	0.482696	0.482734	0.482328	0.482838	0.482962	0.505191	0.481952
0.481735	0.482558	0.482244	0.48235	0.485831	0.501318	0.481275	0.481275	0.481275	0.481275	0.481275	0.481275	0.481275	0.481275	0.481275	0.483834	0.481275	0.481423	0.506399	0.481275	0.481275	0.481275	0.481275	0.481275	0.481275	0.481275	0.481275	0.481275	0.481275	0.481275	0.481275	0.481275	0.481275	0.481275	0.481275	0.481275	0.481275	0.481275	0.481275	0.482772	0.482923	0.484788	0.485104	0.482859	0.482374	0.482706	0.482396	0.482028	0.482054	0.50337	0.484364	0.50485	0.503676	0.504156	0.504147	0.502706	0.501873	0.502224	0.482192	0.482296	0.482312	0.482286	0.482441	0.482689	0.482374	0.482624	0.482782	0.495261	0.481705	0.482078	0.482445	0.482621	0.504451	0.481861
0.481275	0.482756	0.48269	0.502315	0.502816	0.501707	0.503266	0.481735	0.48149	0.481275	0.481275	0.481275	0.481275	0.481275	0.481275	0.481275	0.481525	0.481329	0.50308	0.891909	0.481275	0.481275	0.481275	0.481275	0.481275	0.481275	0.481275	0.481275	0.481275	0.481275	0.481275	0.481275	0.481275	0.481275	0.481275	0.481275	0.481275	0.481275	0.481275	0.481275	0.481275	0.481275	0.482819	0.481972	0.482741	0.482601	0.482802	0.482594	0.481275	0.481275	0.481275	0.503674	0.481275	0.481275	0.504038	0.502728	0.503516	0.481621	0.482155	0.482468	0.482708	0.482371	0.482366	0.482747	0.482559	0.482593	0.482509	0.482698	0.482786	0.48248	0.482816	0.501501	0.481838	0.482922
0.481275	0.482558	0.503079	0.503773	0.502988	0.504069	0.504348	0.502717	0.501352	0.481275	0.481275	0.481275	0.481275	0.481275	0.481275	0.481275	0.481275	0.481275	0.481275	0.481653	0.507025	0.481275	0.481275	0.481275	0.481275	0.481275	0.481275	0.481275	0.481275	0.481275	0.481275	0.481275	0.481275	0.481275	0.481275	0.481275	0.481275	0.481275	0.481275	0.481275	0.481275	0.481275	0.481518	0.482013	0.482246	0.482306	0.482412	0.5035	0.481275	0.481275	0.481275	0.484895	0.481275	0.481275	0.50359	0.503931	0.50361	0.481677	0.481968	0.482405	0.482609	0.482403	0.482353	0.482579	0.482451	0.482696	0.48261	0.482709	0.482524	0.482528	0.482573	0.48362	0.481787	0.481849
0.481275	0.481275	0.481275	0.484968	0.481343	0.481617	0.503595	0.48275	0.48287	0.482284	0.481275	0.481275	0.481275	0.481275	0.481275	0.502598	0.481275	0.481275	0.481275	0.481275	0.481275	0.481963	0.481275	0.481275	0.481275	0.481275	0.481275	0.481275	0.481275	0.481275	0.481275	0.481275	0.481275	0.481275	0.481275	0.481275	0.481275	0.481604	0.482002	0.482354	0.482163	0.482742	0.483717	0.482052	0.482019	0.482197	0.482569	0.48281	0.481275	0.481275	0.481275	0.482506	0.481275	0.481275	0.481275	0.484485	0.483689	0.481797	0.482195	0.482337	0.482419	0.482383	0.482281	0.482451	0.482328	0.4824	0.482373	0.482628	0.482644	0.482098	0.482256	0.482332	0.483001	0.504314
0.481275	0.481275	0.481275	0.481275	0.481275	0.481275	0.484834	0.482551	0.482462	0.481938	0.481275	0.481275	0.481275	0.481275	0.481275	0.481275	0.481275	0.481275	0.481275	0.481638	0.481275	0.481275	0.891909	0.481275	0.481275	0.481275	0.481275	0.481275	0.481275	0.481275	0.481275	0.481275	0.481275	0.481275	0.481275	0.481275	0.481443	0.481677	0.482011	0.48192	0.481838	0.481942	0.482096	0.48192	0.481702	0.481275	0.481275	0.481275	0.481275	0.481275	0.481275	0.481914	0.481275	0.481275	0.482	0.48218	0.482663	0.482465	0.48233	0.482234	0.482082	0.482041	0.481873	0.48202	0.482071	0.482106	0.482087	0.482928	0.481705	0.481645	0.482359	0.482088	0.482103	0.483343
0.481275	0.481275	0.481275	0.481275	0.481275	0.481275	0.481861	0.481935	0.482008	0.48167	0.481275	0.481275	0.481923	0.504289	0.507159	0.481275	0.481275	0.481275	0.481275	0.481275	0.481373	0.481275	0.481275	0.504715	0.481963	0.481963	0.481963	0.481963	0.481963	0.481586	0.481275	0.481275	0.481275	0.481275	0.481275	0.481275	0.481451	0.481615	0.481684	0.481651	0.481594	0.481639	0.481712	0.481735	0.481558	0.481275	0.481275	0.481275	0.481275	0.481275	0.481275	0.48149	0.481275	0.481275	0.481462	0.481507	0.481633	0.481615	0.481705	0.481817	0.481817	0.481888	0.48176	0.481769	0.481778	0.481743	0.481778	0.481918	0.482008	0.481751	0.481807	0.481807	0.481639	0.481719
